-2.536202945649918550e-01
-5.454928481328108480e-01
3.390212551027705495e-02
-5.257179711576127623e-01
6.595622267611650491e-01
4.721518522644449489e-01
5.946783116125456958e-01
-1.059563505203394929e+00
-1.426247189192844322e+00
7.006063160143717328e-01
3.118958490261830030e-01
1.583517562915213173e+00
-5.679291849384047186e-01
-1.126104688959444600e+00
-3.718650977533998758e-01
-3.044014041295907691e-01
-9.494031322706480980e-01
-3.693424648837750901e-01
6.094307728482877273e-01
1.579121180650692735e-01
-1.105090712828945998e+00
4.256961987894837818e-01
2.092000426192690554e-01
-2.390535206842708260e-01
1.165360996756371892e-01
-1.290601527437455820e+00
2.184151005672244406e+00
2.173568684054085765e-01
-1.908307313289442364e-01
-6.188680584737193263e-02
6.816120429508468748e-01
-9.352489502488571527e-02
-2.262625539294158272e-01
2.490417887664030383e-01
6.576103202491392352e-01
-1.221037435430792906e+00
-2.902355715464848274e-01
1.432919012440652340e+00
-4.914098562013272109e-01
3.957324465514519551e-01
1.500589544448410972e+00
1.709409735107668249e+00
1.202065294274186735e+00
-2.979666410840848059e-02
1.532025567273656574e-01
-4.450001610330726609e-01
-1.095033850617513904e+00
-9.268340458777171165e-01
-3.083922962532527068e-01
8.102666741548819607e-02
5.175282022667060389e-01
-3.317032972608762592e-02
-3.174486564528432031e-01
-3.565677216164744867e-01
-1.697449284497189792e+00
7.376019750770236583e-02
-1.809047534373058319e-01
-4.562674229060080522e-02
1.509489528872667019e-01
-3.799756001701922181e-01
-2.567736528333612323e-01
8.958425764598785257e-01
1.085713046318301650e-01
8.830927051665766747e-01
1.042254941931313406e+00
-5.830445039710173694e-01
4.860664886873158896e-01
-1.768079581682743817e-01
-7.578359282568388755e-01
-8.258543596419875010e-01
2.989266919221246210e-01
2.574644694123436328e-01
-1.141163691757593357e+00
7.357420400136267524e-01
1.130423343938390529e-01
-2.312287899435639393e-01
-1.971976850636700251e-01
-9.240349598111095852e-02
3.697673094298740692e-01
2.784373272172018798e-01
