-3.241757547960106844e-01
-1.049566063520025183e-01
7.451774093883155592e-01
3.505808706031767752e-01
8.343335368237507765e-01
-7.184157736918401760e-01
7.310265321561084662e-01
3.557254638587190043e-01
2.777796266846561113e-01
-1.742834189085135377e-01
2.554546381039377034e-01
9.969232914923076283e-01
7.380290342042563623e-01
-2.879775738544756436e-01
3.909408147027820246e-01
5.445807250497845114e-02
3.103747712582554108e-01
4.727841334504409021e-01
2.993778077137986826e-01
7.354593062127101621e-01
7.421894466518323963e-01
-1.423133669714312932e-01
2.245599356757732312e-01
1.543448618143529287e-02
4.866898718198420237e-01
9.440862206427828029e-01
-1.379440004373483131e+00
-6.416318125786436566e-01
1.949407099730564585e-01
-9.143001807112803858e-01
-1.107366075101827940e+00
1.104403166390722779e-01
3.329836386524826497e-01
6.153088371221853148e-01
5.440983975601044742e-01
-4.872413572778448443e-01
2.208141344136778095e-01
-5.536330233955157054e-02
-9.837189199710963394e-02
-3.533224438715853455e-01
-6.079207712190044521e-01
3.806437099188242912e-01
-2.978619623267408367e-01
2.984860027118605985e-01
-3.563308413699726174e-01
3.482037739697318446e-01
-1.022032851537534981e+00
-3.929618429131304103e-01
5.717923802738419242e-02
-1.146825647631498635e+00
3.596598105022730252e-01
-5.851062359290587489e-01
1.559574962598622161e-01
-3.450059152712297572e-01
6.707097686373957313e-01
8.339264863557296348e-01
3.413061696247207677e-01
-1.522259841809755931e+00
-6.843209733120383942e-02
1.951644688418410489e-01
-3.713348242645535535e-01
4.570322917063818768e-01
9.763633382344065470e-02
3.321504557644334166e-01
-1.423318837503123602e+00
-9.745256986797916632e-01
4.118364525820512601e-01
2.250714231257713027e-01
-1.012774433364791893e+00
2.843215562192720758e-01
4.173142198319668150e-01
4.929071856496889947e-01
1.121277175860332098e-01
-6.981103150344573904e-02
-2.284519225464847758e-01
3.061470262320657998e-01
-1.521876493664464869e+00
-8.367557705890746322e-02
-8.830611035529962738e-01
6.800360604448643098e-01
2.802733276602839552e-01
