2.259153483099708204e+00
3.248134368412046502e+00
3.090679247249173756e+00
2.403411301343382434e+00
3.271859587453737728e+00
1.809015202867391592e+00
1.774980636304362536e+00
3.075589367293787291e+00
2.232196912350354445e+00
3.222964771349733137e+00
1.750337431766153751e+00
1.834057090394071610e+00
1.929980441165437099e+00
2.542734198344793306e+00
2.535551360717159142e+00
2.885815519741462332e+00
2.254667520837161376e+00
2.037717813468299610e+00
2.209139308733017337e+00
2.205700338314692033e+00
2.566654702184174575e+00
3.087605583477032400e+00
1.639942928252201115e+00
2.524730805706159043e+00
2.629348718638270910e+00
2.423864560521987954e+00
2.918672577829296344e+00
1.768440682341148040e+00
2.623759255069610941e+00
2.935790156872990497e+00
1.619669190828892269e+00
2.117713509189230958e+00
2.567899972549066323e+00
2.014658574383158207e+00
2.743981335368371077e+00
3.479867444153750267e+00
2.995313413406459624e+00
2.028850268446765526e+00
2.149835001863902306e+00
2.569384154447399649e+00
2.874819213604426160e+00
2.150574721305247738e+00
1.694050820156569603e+00
3.212356765664116764e+00
2.802888125931482843e+00
2.204141814614679173e+00
2.410088658857770572e+00
3.180273071196425771e+00
2.675449870509592376e+00
1.872908112552777782e+00
1.637988776814618852e+00
1.705201470127311492e+00
1.969499962365873547e+00
1.524278940097020030e+00
2.943936325040875435e+00
3.124738019100722131e+00
1.666275084825255659e+00
2.573929891644489043e+00
2.065612659776612681e+00
2.468473524071391090e+00
2.799292324766872397e+00
2.848841830966244437e+00
2.358558071315584037e+00
2.604031156732877772e+00
1.951657462311145119e+00
2.976821838219474436e+00
1.732416078742456511e+00
2.418452604897296965e+00
2.511636624500469761e+00
3.227431021514370890e+00
2.132146967824021466e+00
1.910001821127687904e+00
3.067848089375931231e+00
1.730092041699889283e+00
2.436713657321745607e+00
3.279866378818225847e+00
2.396820427660646846e+00
2.297832588599731718e+00
1.823966861838215214e+00
3.543518290922833991e+00
