-3.224336663662332597e-02
-4.327549875918897393e-01
-3.997405699994768802e-01
-5.698188627899393177e-01
1.145402206006219947e-01
1.894128190102210008e-01
-1.642982827446209382e-01
1.098118677822378930e-01
-2.429480212563204788e-01
3.704603567956762933e-01
1.462531460893470858e-01
7.859127418006552901e-01
-1.709807473334101491e-01
4.503834766091661113e-01
7.214057200899035016e-02
-3.928240012920188318e-01
-7.977533045676196699e-02
5.793053208962842260e-02
3.744595477099032371e-02
1.226790324580121355e-01
3.255198203807841972e-01
1.851558746578572112e-01
3.805628669818549303e-01
-3.004416932843837623e-02
-6.171700548443564971e-02
-1.134769436607446919e-01
-6.737416237730694535e-01
-1.517364859869886617e-01
6.240360684358972065e-01
-1.970428108695400637e-01
1.106029078242652119e-01
-1.444914598367691150e-01
6.580771006888537222e-01
-1.360999162593820588e-01
1.064002578477892813e-01
-1.039094052232915066e+00
-3.878417820377150771e-01
-9.736403788351966071e-02
-8.339912035973071625e-01
-2.813660506041478215e-01
-6.830787718884709925e-01
-8.731357404957239277e-02
1.360124591116360637e+00
-3.101104154633527177e-01
-1.558721791057281758e-01
-9.752951048383070587e-01
3.654215668566753727e-01
-7.976746324653588571e-02
-3.078674042334267891e-01
-2.169755962884109199e-02
-4.090924580827093315e-01
1.255300136814112566e-01
-9.716949534035364267e-02
-1.473101991412603951e-01
-9.331267368750074953e-02
2.278006943526302286e-01
-1.016100845969535094e+00
1.669361817349163390e-01
1.003762771434773410e-01
5.985312961616424676e-01
-6.528759394578957653e-02
1.012411572622676781e+00
2.292494911523344503e-01
-9.934095366491023371e-02
2.165940799376871451e-01
4.925370442317112546e-02
1.365758887853733838e-01
4.810908927344889272e-03
-2.602191957819460777e-01
8.665227346462499314e-02
2.305448324731473597e-01
7.914897473910563752e-01
-3.369470493011332279e-01
3.222130244530816978e-01
8.141086399142102303e-01
-5.241939906437353969e-02
-3.073342195528821486e-01
-3.280616930797735087e-01
-3.280972478273334048e-01
2.277049157287799608e-01
4.826150305103675542e-02
