7.839874267839680444e-01
4.608777939855765560e+00
1.663642379668240245e+00
3.048244169091528732e+00
4.682537170251628300e-01
2.821968018469370509e+00
3.245301792966160281e+00
-9.266269573759459144e-01
3.279267178754984080e+00
2.544566386685251480e+00
1.673617088720129154e+00
3.313014304952684785e+00
1.896258935667979095e+00
2.930435557311317774e-01
5.063891551912078626e+00
5.737815480586811567e+00
3.373574138488117491e+00
1.552415227992917979e+00
-1.620120207020079028e-01
2.211553960410630904e+00
1.400046275150122144e+00
3.253072310273860790e+00
2.156908008842554736e+00
2.677404449229063843e+00
3.187475281306959118e+00
4.885127599595595171e+00
3.010888309869812041e+00
2.070552800024616502e+00
3.779146817361475286e+00
3.723828955648215366e+00
6.500098463721372122e-01
5.362754183706512912e+00
3.633760009868734375e+00
1.395093039185555384e+00
4.813419435004543168e+00
2.016113711234177153e+00
2.103640352244636968e+00
1.769587442234278329e-01
1.496806113749258316e+00
3.287117966824861348e+00
5.014150390375813338e+00
2.818592074476830689e+00
2.042323681618628317e+00
1.481195609778007460e+00
-8.475659920134427372e-01
2.266904351418274732e+00
2.143823282058288093e+00
3.708180456905360245e+00
-5.665833503778079476e-03
1.247210018696901068e+00
1.364058953328950885e+00
3.986174141638896717e+00
3.753632007893736411e+00
7.205697454743212882e-01
-1.373852916660906143e+00
4.578581511017965511e+00
1.603455226113428722e+00
6.516916133422312463e-01
8.671408389465083966e-01
-4.918939587584652551e-01
-1.378962430728466748e-01
2.638343421841993219e+00
1.373828903075721808e+00
3.611469646838838976e+00
5.955758155705654033e+00
2.170043842437088699e+00
3.615567935747818207e-01
2.255125310465893484e+00
3.154989533212009256e+00
1.976117059061017756e+00
2.366351670272787422e-01
2.852588464021196923e+00
4.278236119278330918e+00
1.244487415538942487e+00
5.886343523847274106e+00
1.466061443950798626e+00
6.201387714583761479e+00
2.549580217700017304e+00
-2.278088231105591943e-02
3.806933973109030145e+00
3.878100738092375543e+00
2.193391267864907679e+00
6.461889448952669035e-01
2.150627613538165672e+00
8.619272504496711118e-01
3.444676445361467998e+00
3.974948015286884129e+00
1.818525408275893485e+00
1.852081051986629534e+00
2.888751848326439386e+00
3.699085632386507616e-02
3.406674088246440135e+00
7.922048879577554548e-01
5.237444180227872614e-01
5.686059767827440048e+00
1.138798780921333131e+00
1.968809178573353247e+00
8.989027910069965488e-01
3.040451031352995770e+00
6.578472843840108553e+00
2.271187387293929216e+00
2.519742783808484710e+00
2.942589150662439756e+00
1.330233077974298350e+00
2.797351156729523503e+00
6.415448590974553333e+00
1.854593469679638451e+00
2.769328550107223563e+00
5.711644930373490858e+00
4.586682347679557736e+00
4.681851120289799439e+00
1.960749314108255703e+00
-2.776518510748673604e-02
-2.093758837703838804e-01
3.421021543810825349e+00
2.191798038094010082e+00
1.545394937764743126e+00
2.054917665871998089e+00
3.101532793406724942e+00
2.690170968955674091e+00
4.417878879708654338e+00
1.207812749551207210e+00
6.442619710457622162e+00
2.840066669729465865e+00
2.616487370575911076e+00
8.380454146141543825e-01
3.413403819464860600e+00
2.492401572677108490e+00
1.952964891563792271e+00
-4.109105346378391643e-01
2.802021933786792984e-01
1.938998459701672950e-01
3.020761929088366493e+00
1.538280132260493038e-01
2.373596870224950361e+00
3.590809870857636921e-01
7.709801070096056197e-01
3.459863664448796783e+00
2.851917741025995490e+00
3.191671943613557438e+00
9.207239782592520072e-01
1.270632424299326324e+00
2.812256338173673154e+00
3.571601853264227966e+00
-8.380381047192706490e-01
2.138180623889875509e+00
2.402566196428200573e+00
1.055986960139328745e-01
1.910300249913985171e+00
6.182354759766132801e+00
3.497894378675488802e+00
4.333957271456840843e+00
2.549462487194332994e+00
3.308081054099603069e+00
1.076891806500178239e+00
1.397374296605494726e+00
6.637435611248516665e-01
3.176496284431830297e+00
4.427065023198671234e+00
1.675947504584436087e+00
-4.842820249372330466e-01
4.448706442259417138e+00
9.060940872232688958e-01
2.760711949918529751e+00
6.712662557279830411e-01
3.365003484655296084e+00
1.040451797562818248e+00
1.053738809206999472e+00
4.864293618586700840e-01
1.993916931156110295e-01
6.206890630204504156e+00
