6.434235962275627330e-01
-5.976708181752864446e-01
6.056671082845639376e-01
-1.139171120901100842e+00
-1.235343296106546779e-01
1.349272527095161101e-01
6.165298682114151996e-01
3.295589588414561399e-01
-8.704776529496455195e-01
-8.339484440699853618e-01
-1.533208482148696594e-01
-9.660241114099166193e-02
4.456263494892582777e-01
-3.086001431286276020e-01
-5.012685725298494238e-02
2.950350295336985340e-01
4.902761534608281874e-02
7.359876983100243075e-01
3.867272161660805230e-01
-2.890653710220496553e-01
1.056282543890739944e+00
-1.647931648854670250e+00
1.263759311428240550e-01
2.561425121672790794e+00
-2.516318770816121653e-01
3.975258264470755143e-01
3.479492981120930750e-01
1.193330773868777950e+00
1.299350052293673397e+00
5.457448266450365404e-01
9.830187716675593546e-01
1.185131550321771692e-02
-1.713979397078726929e+00
-6.933948773872079530e-01
-1.484880989559582698e+00
-9.904219564307336077e-01
-4.473984124482527913e-01
1.159866512729951449e+00
1.863056710573956609e+00
5.516501215097279198e-01
1.777258972156534333e-01
8.114926906565524956e-01
-5.755868692070490455e-01
-7.090031599853272581e-01
-6.539597140573695233e-01
7.179309378481116277e-02
5.801862997917521803e-01
-8.768284546974198790e-01
-4.775220338209595211e-02
-9.036912054184406129e-01
-1.164542604272555737e+00
6.067740539728021520e-01
-1.303246369482683242e+00
-8.955200219446819432e-01
-2.185687311141919498e-01
5.083501049787847448e-01
-7.856454717584042680e-01
8.382571054681496880e-01
-1.366952069621473476e-01
1.292542295075803871e+00
-1.697679834348874817e+00
1.721939512590035415e+00
-3.272862109606609199e-02
1.472428099610187946e-01
-6.588447268855011085e-01
9.804108896627100611e-01
2.168986308214827519e-01
9.153613247372996420e-02
1.445025423329203695e+00
1.466378877594692431e+00
-4.674692531663616757e-01
-9.001649992643000475e-01
-3.369032276856250840e-01
-5.901922525149633225e-01
4.187864768842858854e-01
6.672438192850149719e-01
-6.300529864353655585e-01
1.292488674497171530e+00
9.698501432745660900e-01
-4.054308514970886290e-01
