1.281619871221933327e+00 1.634924091705531213e+00
1.706475803732342200e+00 1.253081011770759812e+00
1.395348969411579043e+00 3.650612244132588335e-01
6.935320656852954624e-01 1.589235040971252733e-01
5.360202274006018591e-02 7.856030826947968393e-01
2.200102794402190171e-02 3.624497289331173877e-01
2.048914642834521072e+00 7.552342974419558042e-01
2.698426773236815901e+00 2.392629793302740726e+00
1.061777794451641554e+00 4.118227703419762853e-01
1.467755499436300459e+00 1.601057501088129831e+00
2.001944303711834738e+00 1.043320783882824232e+00
6.556370535143721257e-02 9.418392165696118923e-01
5.096931921884099159e-01 2.030900801245119347e-01
1.842134475343179423e+00 2.276861953303958686e+00
6.755211841678274709e-01 2.528838564579678927e+00
2.907277919800337340e-01 6.560939695117478099e-01
2.253553454692945324e-01 3.901804798869297763e-01
5.956631849867154438e-01 1.439139158555037823e-01
1.086727037634572568e+00 2.044967557301138605e-01
1.496929505990548970e+00 1.357728805620752287e-02
2.418757572477222006e-01 1.518717534862850348e-02
7.976952455932666552e-01 3.918967080939392972e-03
1.354572512049929900e+00 1.056750306228375180e+00
7.662262333470606368e-01 2.654586103752378801e+00
1.077082736520441175e+00 1.712492020643891291e-02
9.935638804109364619e-02 9.558866210627481319e-01
1.379311026346863533e+00 9.181923816639355751e-01
9.366287739824258329e-01 1.262457319566143044e+00
9.305526839213350554e-01 2.754853006584270236e+00
2.408537496740877637e-01 1.564584041603020101e-02
1.997847223165974406e-02 4.548969178609830744e-01
1.482582292975642146e-01 1.443968720840977382e-01
6.332297109718854414e-03 8.125069373394363526e-01
1.375625766851558351e+00 2.016234986304554777e+00
9.241213584867448150e-01 2.222164123528733159e-01
9.280179628402214220e-01 1.725854293210752344e+00
7.420232221454939325e-02 1.503070204563660139e-01
1.989522912000057098e-01 1.311850797935540658e-01
3.296097514041566867e-02 1.191135611945753486e-01
2.221557036427044718e+00 1.288922524742682318e+00
8.708563317814684845e-01 4.434415341029194768e-01
1.635948124631280420e-01 1.569713936875404059e+00
1.297890872297094544e+00 9.227646380331793186e-01
1.778953956432573369e+00 1.681875054167681016e+00
1.068090382963824830e-01 1.122415441857183893e+00
4.058887190748654561e-01 1.107295244579668214e+00
7.612873001087309133e-01 8.983015299597382070e-03
1.747024000434576133e-02 8.609249868820691987e-01
1.966322154143795631e+00 8.018915889398620100e-02
1.043019713563900108e+00 1.688457401643998768e-02
9.219295035380812298e-01 2.506717124602325431e+00
3.419025646263846863e-01 7.103866062255875802e-01
1.628844231467631645e-02 1.679354180735625368e+00
1.266338348131971436e+00 7.552954471370807443e-01
2.002791355616235780e+00 1.110861956242827464e+00
1.082129836894557967e-01 3.275308966411406147e-02
2.956287082730277987e-02 9.200629763986017950e-01
1.364877711862297893e+00 1.523000844333343429e-01
2.375679308328362549e-01 2.604201653491659663e+00
1.549250715515166910e+00 1.727517443661664487e+00
1.898448577713651719e+00 1.541716316653601870e+00
2.448784780956273985e-02 5.582029510602107836e-01
1.346550660505016594e+00 1.274218469180915747e+00
1.802915070820052756e+00 1.429914983095604608e+00
-0.000000000000000000e+00 2.477247205717540146e-01
2.747373871166450265e-01 2.341077436584760307e-01
7.462851963662426868e-01 1.457173530561554561e-02
1.815430152289982946e-01 7.296793571625839747e-02
2.190298116589798130e-02 3.857137701646567995e-02
7.606187171024708649e-02 1.308829074200372825e-02
6.436986330064403683e-02 1.742020593886912938e-01
3.386439051147602242e-01 4.116895191197471049e-01
2.233970576351159920e+00 2.480481724374884678e+00
1.680975536779540258e+00 1.415249482342768372e+00
7.550499609103880072e-01 6.172334937487116147e-01
1.895666682089172106e-01 8.023445588512714832e-02
1.325326450856337823e+00 6.889419357476251893e-01
8.100448608748951340e-01 1.762862252011641040e+00
1.140446520783250373e+00 3.429145893862768912e-01
1.540114935257146968e-02 2.260211430927527410e+00
1.222166322945585470e+00 2.441077874899285627e-01
