-1.289646947395995562e-04 6.091859952537305670e-06 1.570753526514352715e-04
-2.900354082443727999e-05 1.285457184704619541e-04 -1.909471835354008122e-05
-4.811691676800077238e-05 -1.093020455840074394e-04 -1.550641170813339448e-04
2.039960121835153082e-04 -1.010239697260529108e-05 1.280764584896273929e-04
-4.445364933464815335e-05 -9.296844391546150012e-05 -2.208535004058370687e-04
-4.124084972048329824e-05 -1.513458704364945245e-04 1.385427492063542258e-04
-6.050310029845418008e-05 -3.966558873797882648e-05 -7.178212883511814982e-05
2.265530466891634649e-04 -8.277225094691347340e-06 -5.478105484170944398e-05
-2.274490507562012544e-04 -1.464417801540989319e-04 1.914899195129224102e-04
-1.263061628996607947e-04 -6.698266111179882658e-05 2.041099907840972423e-04
7.585363424039049285e-05 1.858282856006099988e-04 -4.898807021211197543e-05
-1.678812137708378784e-04 2.273186761420436071e-06 -2.324898595672183501e-04
1.135876844304953234e-05 2.414283348852659411e-04 1.316058803784901589e-04
1.095949434447380177e-04 6.734323564580962343e-05 -1.741494184144727088e-04
1.131503519505938171e-04 -5.201021965985667468e-05 -5.384826336869415284e-05
-1.600559045244465931e-04 -1.349819307330472472e-05 4.271965167235013019e-04
-1.068389788885914783e-04 -2.184482793319205291e-05 2.917107370068305482e-04
1.625405077879725781e-05 4.155683327626327728e-05 2.221716126670787565e-04
-4.367023892801887665e-05 2.711799171457925664e-05 -5.669972037188526521e-05
1.737415777777259339e-04 7.042888570935379781e-05 -1.186770974100468279e-04
-3.547222143873309907e-04 1.671910798776177231e-04 -1.265459321605697505e-04
-5.880683593209506873e-05 1.644087532045392412e-04 1.375099710844301677e-04
-3.082263929150589953e-05 4.489954063111979910e-05 6.016510360092393897e-05
-2.697104947150489318e-01 -9.347285485423001417e-02 1.281578353679294069e-01
5.004869306832227546e-05 7.467899228635110150e-05 9.259198937139997336e-05
8.102949200256596648e-05 1.056710624829691687e-04 9.684100746179792011e-05
-1.814395385831886198e-01 -2.957321757307562055e-02 6.770182472139187058e-02
-8.542942378893207266e-05 -2.149925978914781388e-04 4.167256600917039721e-05
-1.922335917197819110e-04 5.282988262731128190e-07 -2.267808925275996727e-04
-1.751161611836272725e-01 3.570405349269734074e-01 -4.611821504777535163e-01
-1.008430224953998537e-05 2.051166570883569305e-04 1.012436332149100644e-04
5.174003356386047453e-05 -5.118849139029327488e-05 1.679076883015251137e-04
1.823256385325992184e-04 4.302357989255843564e-05 6.821464165741865508e-06
3.811237898459472490e-04 -3.840928353790953203e-05 -1.471840148247860578e-04
-1.898078233969296936e-04 7.101479001524514204e-06 -1.135032324746869896e-04
-4.792358961438161920e-05 -2.029561586885818736e-04 1.379000953776082815e-04
1.353785075757767825e-04 1.104403151115272778e-05 1.323280287190262594e-04
3.262850154220298479e-05 8.937148416066117008e-05 2.336591966665458553e-05
1.020702861288834347e-04 -1.294194103465540033e-05 2.746903123477689135e-05
-1.943370410530881136e-04 1.726113430270136183e-05 -2.844320346531163785e-05
1.247121539830935231e-04 -3.241960769181695986e-04 1.484176217095383928e-05
-3.565314334173814309e-05 -7.153256578993727292e-05 8.966501876099696694e-06
-1.071800993455635957e-04 1.566620292902182123e-04 2.741342149173697502e-04
2.770888334240209319e-05 -9.177197925902581008e-05 1.113708528249957689e-05
-3.154696632393827645e-04 4.226974781239579960e-05 -2.522276002868805629e-05
2.751999045927914665e-05 2.346224818901466533e-05 -1.976399329270581661e-04
-1.235964648856479053e+00 -2.854816446562727927e-01 -5.505580083363581512e-01
2.352087915615208536e-04 -1.661876146623097246e-04 8.904385249861149253e-05
-3.792620586887180956e-01 -2.104528314691696822e-01 1.303478824984629081e-01
7.760194171723380676e-05 -1.421971902292664422e-04 1.536277712552471517e-04
3.524621634648636756e-05 -2.531108672634734599e-04 1.168850808591355797e-04
-1.768448044990819114e-04 -1.165621883716412831e-04 -1.077095540133062849e-05
-1.065981636428560593e-04 1.911564631466056727e-04 6.160452764385075978e-05
1.316097257842737314e-05 1.902429394175397424e-04 3.090789976830645922e-05
-9.774267907349912005e-05 1.488416997655608517e-04 -8.680955592248464320e-05
8.850556279381134421e-05 1.563363603240855529e-05 1.948306194004696657e-04
-1.874820729733591707e-01 2.726964460427483972e-01 -1.392286569841370669e+00
1.406899586849495081e-04 -3.751204747581504358e-05 -1.718384398630758169e-04
-2.785594051538205413e-04 4.515795138308999283e-05 -2.180580854234512225e-04
-2.067054735967976435e-05 -4.722616470232222013e-05 2.417451520464826333e-04
-4.069897435654008966e+00 -2.131739243145518437e+00 -1.807314849219231689e+00
2.080691407895295195e-04 2.799371599192088431e-05 -9.236669139923755475e-06
-2.136492235039538703e-04 -3.533591849677236626e-05 6.707611901374680775e-05
9.040809307513846330e-05 7.228623722479395909e-05 -2.527859810172342439e-04
-1.483232992585588610e-04 2.845763186861262426e-04 1.205963667088514684e-05
-1.459792749989569213e-04 -1.964852793656056407e-04 1.149965004448192329e-04
2.576489271264794539e-04 5.709801177513525714e-05 -1.314576221227405019e-04
1.677045015042874444e-04 -1.645296331125782423e-04 -7.024288321862908157e-06
6.503627853957326128e-05 -7.251055630372213153e-05 -3.836493652367116826e-05
2.392305215951939280e-04 -1.844376469719150025e-04 1.645099761320604288e-04
-2.100640253124795023e-04 -2.994351537274171572e-04 -1.866299726360841457e-04
-8.599205249962069825e-05 -1.033132333937249856e-05 2.988457410353579161e-04
-4.023388796836748171e-05 1.114527238626110662e-05 3.017576783785899739e-05
2.096909977812693165e-05 -2.575521947716173763e-04 -3.008704492488538745e-05
1.219648730818426624e-04 -1.131505665859897638e-05 -1.584616960559594384e-04
-1.652841757498245228e-04 -1.505091638030922976e-04 7.911526711544329368e-05
1.016904644313614079e-04 2.303993315856309426e-04 1.484039727826778005e-05
-1.012456099997660114e-05 -1.229461071035081081e-04 1.967917723551823941e-05
-6.576405549582474864e-05 4.425421314898588156e-05 2.039013264738150078e-04
-2.132313318872327014e-05 2.283514681204023756e-05 3.136843984888420323e-06
-1.339870949953233918e-04 -4.736593480394486874e-05 2.129879866765958807e-04
5.801768049551465071e-05 1.706709902278712079e-04 8.927339546382081299e-05
1.294942488455640996e-04 -1.189279328229366736e-04 1.326038979429411575e-04
5.099772375352735989e-06 2.569256954743185471e-05 1.645675285202715321e-04
-1.524317764405152398e-05 -1.445856720266148464e-05 3.039754581012374545e-05
3.016147593435862251e-01 8.586420498566844917e-02 -7.611106602027394308e-01
2.261300346957711093e-04 1.096050989929664782e-05 -1.503320953106753778e-04
-3.774332842482962361e-05 1.479672779521463402e-04 4.452633976956687915e-05
1.597914665901415137e-06 -1.397793533963158504e-04 -1.466693459540250179e-04
-1.320825454361696731e-04 -9.326862397084611774e-05 4.664882667094640266e-05
3.687231404546195332e-05 1.034969981442304492e-04 4.735616312565852135e-05
-4.695367544705104090e-01 1.213629575934174198e-01 -1.517926279939751932e+00
-9.932411270785277541e-05 -6.018289935679467870e-05 -4.831140061379369702e-05
-6.202094582200988384e-05 1.592824485723266196e-05 5.711304868029780298e-05
4.611468994542026665e-05 1.536097917126252811e-04 1.663595014962915400e-05
-1.890194314833606114e-04 2.055438167138597160e-04 -1.021190286666918799e-04
-5.984491666935615580e-05 -1.124487129866225056e-04 -5.158009282065622182e-05
-3.451563595142199351e-05 -1.533599316377736474e-04 8.583684499616618247e-07
-1.415050557687000908e-04 1.840575378252727915e-04 -1.397936742594187056e-04
-6.270240269446116139e-05 8.281133415176352753e-05 1.616764531058552737e-04
1.561553304213122442e-04 5.148100279024765794e-05 4.561447041661165723e-05
1.271494163233577175e-04 -2.653550628635958897e-04 4.559665889378090750e-05
7.582050936188511109e-05 -9.820570668310241603e-05 -5.007061997137711960e-05
-5.661297503317659310e-05 -5.190109524758568726e-05 1.059803149588471550e-04
2.325682617531008226e-05 3.265567773561655306e-04 -8.401353416786319129e-05
-1.578754220189165325e-04 3.934452982190123082e-05 -9.254979575728305643e-06
1.604791282518409164e-04 5.661030906427596393e-05 6.194693828151745670e-05
-1.949002712156526593e-05 3.308107666677713134e-05 -2.613013234291643345e-04
-4.595552485716847203e-05 1.063061983346504422e-04 3.050299304502252523e-05
7.296083457367588004e-05 3.054611549532195686e-06 1.668532261841188349e-04
1.034561847324219527e-04 -2.285265019849884352e-04 -8.915105641408974969e-05
-7.670758201710788495e-05 -1.443269084373424813e-04 -1.682010402753743013e-04
2.253958382172983931e-04 1.906631628133147920e-04 1.964883671253471920e-04
-7.980793982636271711e-01 5.348525103644703016e+00 -1.148500551938851588e+00
1.659956669221718652e-04 1.640159387486562776e-04 2.758044811376094536e-05
-9.967911544003741774e-05 -4.593214657685487455e-05 -1.182635833776642532e-04
5.714953035822231648e-05 -4.925512428387679822e-05 1.250230419685074035e-04
-1.934276484909914866e-04 9.830156977184623986e-06 5.570756756901076542e-05
-2.424601759673981500e-05 -9.303758939744249728e-05 1.796654435135429167e-04
-4.546167514444222069e-01 -2.879917031516085468e-01 -1.433640642984073954e-01
6.697739212716578643e-06 -5.597010862636779636e-05 1.243663619682040994e-06
-7.958770820298025029e-05 7.800009961436994349e-06 1.703176872225768213e-04
-3.742160901791951352e-04 -3.571223336724345046e-05 1.261521500539311211e-04
1.050270493628063594e-04 1.145187484751962269e-04 5.671639099827359101e-05
4.220943495710463729e-05 -8.474610521809442811e-05 -3.771778112450559651e-04
5.895715556933976389e-05 -9.888168513187625488e-06 5.676834847965455246e-05
4.888829569014207306e-05 -1.233658709578714524e-04 -9.778972029035593299e-05
-1.236163961455333693e+00 -3.541832239266836657e-01 -5.736282296127608316e-01
1.056209391079259807e-04 -2.441411997964655785e-04 -1.448090209395826438e-04
-1.969106595764881908e-04 -1.021156446386756991e-04 5.315782828464542644e-05
-1.065589670346951239e-04 1.940818031144530610e-04 8.071122478326995327e-05
3.130851013206691416e-04 -1.357188727247443368e-04 3.310246479213766195e-04
6.466600629126505585e-05 -1.741274374391782725e-04 9.521975523805782670e-05
7.855748285205223279e-05 1.282018487962579038e-04 2.756413614591143478e-05
-8.052967496629027141e-05 -1.777254928457789685e-04 1.476458958690848758e-04
7.303681431769794524e-05 -1.721491974162454820e-04 7.565595412163314808e-05
8.558172535799631617e-05 -1.489437910444472177e-04 -1.993787962706090747e-04
6.218543442713433070e-07 -1.313524020607129822e-04 -2.616392015198263049e-04
2.836154990018355360e+00 -2.471278019463323539e-01 -1.886228341764259797e+00
7.928960505856173118e-05 -2.811766118127465757e-04 -8.172433047451777911e-05
-4.663668694082741468e-05 3.195226909207925852e-06 -2.600942761107923181e-04
1.750072658384124811e-04 -4.855823406109011515e-05 -1.012782215628028150e-04
-1.438580003640112476e-04 6.512646215753969514e-05 -3.367240451228456152e-04
-1.227063771010026736e-04 -8.675161076840826114e-06 -1.307067870558645923e-04
-1.298418890869728726e+00 2.613153773473632646e-01 -5.108176540809995503e-01
3.863639254353792149e-06 8.063332228858745851e-05 -1.035052318011819741e-04
6.327925175956907226e-05 5.034262196951497416e-05 -1.032683891800288624e-04
-1.284783277212121766e-01 1.284687614367402864e+00 -2.048891577064094083e+00
1.074168568866830790e-05 -3.365941371232315213e-05 -1.091133875489412320e-04
1.272864657610474066e-05 1.744958060212013502e-04 -1.721357344663898922e-05
2.217640457332393524e-04 -3.691583986140371148e-05 8.729721435405744085e-05
1.582619473543273584e-05 -1.430034075912060658e-04 3.556543898868734310e-05
6.247278577486155401e-05 1.126503316192742100e-04 -7.614266659932493703e-05
-1.338006348637261513e-04 -1.310222461098282229e-05 5.589799131744815637e-05
1.283780002683608914e-04 1.096095615033209855e-04 2.508732698354885159e-04
-2.332342679827080101e+00 -7.882699919863580540e-01 -1.685937848719048837e+00
1.916672077194390815e-04 9.894314350898615260e-05 1.355698122149549226e-04
-1.779049262441107849e-04 -1.668270112056119664e-04 1.849931479253376647e-04
1.582572500841349187e-05 5.214041646623126451e-05 4.713748388695607736e-05
-2.238441110592734112e-04 4.724940408013808486e-05 1.847504655199482915e-04
7.100612392317549068e-05 -6.367795950238781474e-05 3.062824365958032448e-04
2.190546705570622831e-05 5.575038281138960244e-05 2.551693699863886631e-04
7.112276577184300521e-05 2.144847315702780451e-04 9.211464606450267003e-05
1.160481781860126580e-05 -1.473177562000362365e-04 7.922177724391575940e-05
2.649173632153680450e-05 -8.873255333233146552e-06 -8.087164933411313613e-05
4.849018553370174252e-05 -3.081398755724282256e-04 -1.295126483943906176e-04
-2.032301888432331421e-04 -1.608997739137680780e-04 -1.740226424472240496e-04
1.860905092525089253e-04 -7.526955139672636083e-05 3.383362175828037922e-05
-1.139550422234978939e-04 2.343635544846590262e-04 -4.842975863455810717e-05
3.465583498409221933e-04 -7.603776326223870804e-05 1.671163091682925064e-04
-1.572070884934629383e-04 5.347686234917863849e-06 4.717764566538818540e-05
9.020274305875932656e-05 -2.217914846779918240e-04 3.089649756473236648e-05
1.011561941124808619e-05 -1.592845850184178999e-05 1.439145585170633864e-04
1.205561765523219996e-04 2.159630141452857446e-05 5.953227255616913895e-06
6.813663700483464929e-05 -3.096289540803633762e-04 1.257245315693416492e-04
2.311843395526654184e-04 4.280113891018267193e-05 1.313700982687745849e-04
-6.681155195391819351e-05 -1.232168822963792813e-05 -9.844981711403632391e-05
-9.150736753778634155e-05 1.870480290621940732e-04 -4.459971115423008600e-05
-1.843360424309693334e-04 1.634126188863294999e-05 1.737929736207801952e-04
-9.658241731633523377e-05 3.362912929972600222e-05 1.438824141023612769e-04
6.668546715951737154e-05 -3.493242196268627218e-05 -1.588112072828232787e-04
-9.143473659596208758e-05 7.340442191702826926e-05 -4.695967384420207826e-05
-2.636117226012738007e-05 3.925990216273080984e-05 7.526880433253616096e-05
5.831027097869649498e-05 1.894480591445701478e-04 2.137427047877451473e-04
5.767847422233125679e-05 -8.787843003985164401e-05 6.709299959233934907e-05
5.021374283557340285e-05 6.346322252906596000e-05 -1.209509738207846878e-05
2.985028033960316352e-01 8.361963484113061895e-01 -1.072384127023531697e+00
-8.200432293132388980e-05 1.642884744520200265e-04 -1.837742244806154037e-04
-1.775023481789202206e-04 -3.448979122397113569e-05 2.389620530118232095e-04
-3.885568493139491153e+00 1.878280469450543111e-01 -2.229585264001824552e+00
6.630834057088840167e-05 3.701030889063196473e-05 3.580723273486672935e-05
-1.245809621558774621e-04 -9.278818710501563762e-05 -7.130594943757720546e-05
4.525950820904201677e-05 2.903739607197795207e-04 1.265830752479586252e-04
5.134399721537488137e-01 4.238815548669085942e-01 -1.303080678576439499e+00
-3.747928657582297947e-05 5.523588137002141719e-06 -7.349706649518037721e-06
1.255352140034351951e-04 -2.608468217174053985e-05 1.513518719553598121e-04
-7.023317910783991795e-05 1.950077230923109883e-04 -1.250669144551592852e-04
7.685408129169358441e-05 3.747546448736552456e-05 6.373274819759007102e-05
-3.701259780071067078e-05 -6.800259759869837787e-06 6.009352573850300697e-05
-2.480590372447731475e-04 5.516191671125554401e-07 -3.302162341707258713e-04
2.634054906597707712e-05 -1.276640204262782796e-04 -1.093138395362531676e-04
1.454702115829666976e-04 -1.458539943853810446e-04 2.432106545567246287e-04
-2.665573529951668452e-04 -5.704409950940280452e-05 1.141833631977120595e-04
-9.329191728782223613e-05 -1.940636465443606269e-04 2.159939645177303498e-04
-1.275386239940267080e-04 1.272333394999262794e-04 -2.859346138058893659e-04
4.150512173259038762e-05 -2.858662231429254328e-04 4.626092088960568808e-05
-4.203348007080144638e-05 -4.425914312626112020e-06 1.014376811007244427e-04
1.660126006911372078e-04 -1.058610546399210684e-04 -1.467651102515623912e-04
3.156099873960179283e-04 1.515664264185996276e-04 8.924912481077563217e-05
2.129539867503499871e-04 -9.055024901026399275e-05 2.195667715968728799e-04
9.384482743105846206e-05 4.059581589064723228e-05 9.170059142063908533e-06
-8.825617157276365032e-02 6.455939627331889197e-01 -3.535944516148838535e+00
