-1.086281582301916737e+00
-1.664559069479065290e+00
-1.023352325445749278e+00
5.790218085438731954e-01
-6.065292182706617519e-01
1.738791029222596374e-01
-1.121600016883706807e+00
-3.982344026227952472e-01
2.548855732197319868e-01
-1.971751507635471912e-01
-4.792823848695572098e-01
3.511442685699968647e-01
-5.627240904242187813e-01
-6.862219918121662543e-01
-5.711645648516979756e-01
-1.001422179882555330e+00
-4.391266048777306419e-01
5.605267401782456499e-02
7.233917562263978418e-01
-3.597796301986165290e-01
4.466801747161830080e-03
6.550147703372810604e-02
4.020150178170990296e-01
5.346743574092198692e-01
1.479811564204847885e-01
-1.530288988134567013e-02
1.466987433124347096e+00
6.680400830851883631e-01
3.996492814111604064e-01
6.964139148910923893e-01
7.966245980952829653e-01
-1.590852985627286831e-01
-7.359307435010173370e-02
-3.716343089561401358e-01
-1.552940785428425230e-01
7.006443849845059857e-01
-1.741023810913063241e-01
1.201741267701324611e+00
