2.022426121588610237e-01
8.854477387266688204e-01
6.120235792732333646e-01
1.339035525738923482e+00
4.634974711224260080e-01
1.065742496174900966e-01
2.385766603519989815e+00
1.425637578933500960e+00
5.507781571011940436e-01
-4.603357490562429155e-01
5.341101455464608350e+00
7.273604629817488565e+00
-2.200344745609124908e-01
4.010724223449626535e+00
2.880791016682653805e+00
1.758069805663766028e+00
2.694226048750703040e-02
6.144740228255846759e+00
1.821340253886484239e+00
-1.216383190345811771e+00
-5.113581795177873923e-01
1.413254524585600080e+00
4.266166894471592030e+00
3.351090852949912602e+00
1.892396805578335339e+00
2.016107352818309995e+00
2.960994985863925510e+00
8.359434095405658960e-01
1.916536027306206424e+00
4.007076187082630803e+00
1.137123018150851816e+00
2.441165496468153062e+00
2.917220414307052589e+00
6.284490623158259792e-01
5.834923662120862886e+00
3.220903350516621355e+00
5.035787489357184121e+00
4.462845075154674213e+00
2.943271484468492627e+00
3.180853970316658952e+00
2.641010118023987996e+00
-4.985438674696446304e-01
3.113273046992055537e-01
2.890862222275195403e+00
3.997773162271729408e-01
2.278954384260729604e+00
7.388450863889950426e-03
3.532908483046393044e+00
3.305877511720070050e-01
2.380061106269292459e+00
2.802173498363322857e+00
3.265888138296015875e-01
9.065595556793171195e-01
9.995595432680519643e-01
5.885557840876470159e+00
7.385013391009289663e-01
2.439576164362741370e-02
-1.207696925466066773e+00
2.025168030727338975e-01
6.798530523253653035e-01
6.972753543488307004e-01
7.034542580012954183e+00
1.560321344619145512e+00
