1.633545892831859137e+00 7.178974608464647744e-01
1.050618170792299910e+00 1.443533642114119830e+00
2.047285442394861793e-02 6.927504473628489645e-01
1.226097000765878464e+00 2.693689661672509228e-01
1.646817586022502722e+00 1.226764037592406043e+00
6.980846567480519793e-01 1.054087400625875359e+00
4.021845576942728040e-01 4.426455650812089471e-01
1.610196476798682053e+00 1.491021795533253869e-01
1.313619236533865031e+00 1.250269194703027775e+00
5.825136531213815916e-01 3.828366172732794448e-01
6.553313956041664223e-01 5.464796819027427643e-01
1.422827750683504533e+00 1.248398424445025690e+00
1.078423622066611465e+00 3.135847733478922539e-01
1.224144376621147945e+00 1.093635478704950481e+00
1.343174645753258956e+00 1.240410974597760951e+00
1.446796731424785376e+00 9.134459709924600546e-01
1.846271069934903586e-01 9.548830112355594091e-01
7.873477989558221868e-01 1.701604469992987090e+00
1.740460910469159295e+00 1.350533685832876918e+00
7.618234093075145763e-01 8.693442945330307481e-01
8.005126886735219882e-01 7.131244392198852200e-01
1.112561694009383428e+00 1.613904748578392390e+00
7.345422736659192875e-01 1.690993040774488421e+00
4.052076124249551770e-01 1.385406320564768867e+00
8.331391604173865595e-01 1.085602591505558268e+00
4.784015673091266407e-01 1.517014909709586412e+00
8.385701733233297261e-01 1.026499655041861692e+00
7.197280615147556571e-01 1.516187521434821495e+00
2.160619294827871295e-01 1.350368671254470909e+00
6.876989128651599392e-01 1.298266732213827046e+00
1.102776113737476971e+00 7.371723565476041573e-01
7.716453106834166853e-01 6.613137243808349108e-01
1.121302326650998493e+00 1.061610516250290681e+00
1.323495293641800075e+00 1.708791362264028280e-02
1.099890394932772075e+00 6.859862961652096747e-01
4.370238834428591401e-01 1.021555018017036076e+00
7.899319910767251818e-01 1.423766382926323404e+00
1.215867915161092494e+00 5.572455924880808098e-01
1.016706402845383439e-01 1.554581395533452648e+00
1.343205029850689458e+00 8.170398658519163471e-01
1.943616285561200474e+00 1.032652071517253134e+00
1.376261003850316023e+00 1.595931239390169010e+00
5.612866678740355830e-01 4.197611557169931840e-01
6.741810801103852446e-01 8.710716987584683491e-01
1.446310474234518972e+00 6.809086849523809937e-01
1.179292418727723307e-01 6.942446444548880935e-01
7.289509930748751254e-02 1.361081274072663660e+00
7.865714873210561953e-01 8.019658800786958475e-01
6.745861626003989142e-02 1.517671278093803422e-01
2.260756530903038075e-01 1.450243264211592553e+00
5.706134757949825609e-01 1.700730719989969719e+00
9.927246307584732810e-01 3.328477100308773751e-01
7.605217344338357499e-01 6.635468962734342169e-01
1.125150082919252448e+00 1.291683091104842696e-01
7.877697125758575947e-01 7.054891224316810483e-01
1.353819993307512348e+00 2.912753824581365211e-02
1.182953048678190289e+00 9.432075309992020706e-01
8.975154159794997977e-01 2.806362790291355713e-01
1.258466567207861431e+00 2.991831434722794225e-01
7.060367216914157362e-01 8.087545784864865750e-01
6.885305636658207717e-01 8.905777641738763517e-01
9.107092592558365673e-01 7.613832098524859759e-01
6.634973342031926791e-01 4.396015788919690470e-01
5.877851083530512000e-01 7.060674890024586370e-01
3.757598662909342191e-01 4.683054933962846889e-01
3.596569200344494899e-01 1.490798687495984431e-01
