1.239327280656445041e+00 4.147125532526604874e-01 2.357416382365839710e-02
6.580915376999890709e-01 1.196710235340425310e+00 1.679118237626425092e+00
2.016677552699139980e-02 1.635745467526829311e-01 1.589531865007879838e-02
5.884817656746531567e-01 2.476482633146717127e+00 9.801664521049969769e-01
1.711914030148858901e+00 3.289962993681789238e-01 1.778763430121919509e+00
4.427534801078039095e-01 8.865019299538137165e-01 5.710268201385093612e-01
4.723742353668982652e-01 1.006746208540961529e+00 4.344723792273410545e-01
6.463538810178244276e-01 2.640604784396849980e-01 4.570909021974617903e-01
1.382444644797719668e+00 1.040117375695921886e+00 1.334351079360426851e-01
3.402397747845528619e-02 1.266348916027537852e+00 5.024573188164511706e-01
7.072483274046676982e-01 9.224786645497630166e-01 5.638266773304388968e-01
2.275272968608081481e+00 1.547302659560995108e-01 7.280049805063015800e-01
2.968023919442594472e-01 2.620090153269967193e-01 8.106826747524533694e-01
7.586787509768853077e-01 1.018369702827928380e+00 2.561768752178206210e-01
1.064617721851293108e+00 1.552590876386551910e+00 2.710353740053009219e-02
1.202314582376988739e+00 9.451692538512824759e-01 1.225460453233707003e+00
2.029552868436841281e-02 3.890257219639507991e-01 9.241045081116839865e-01
1.853961450906313368e+00 2.194093032777237884e+00 3.827708098155531147e-01
1.843286091464664045e+00 2.690800702778612052e+00 1.040552436403079151e+00
2.985607000620092988e-01 5.454125046556892453e-01 1.088769950521017549e+00
8.771222683034238798e-01 3.739954789636777965e-01 5.231050642010433016e-01
9.064544647690657708e-01 2.695185377814079269e-02 1.652421987377284518e+00
6.599106735665560830e-01 1.170334623249397632e+00 1.192342886455514783e+00
9.709324992101343588e-01 6.116680939869908462e-01 1.375988997938612624e+00
1.246216741721048793e+00 4.888143871718464428e-01 4.826797037025273851e-01
5.580614213663436241e-01 2.410613434313677722e-03 9.162186027995820048e-01
1.528680530263341497e+00 1.137758284359172256e+00 1.056606942639148228e+00
3.177458473381946091e-01 9.711181491684540701e-01 1.161217787126222145e+00
4.806586396046426124e-01 2.105566450614322793e+00 2.000534735681840814e+00
1.230177387381412357e+00 2.921030120419889631e-01 1.867039000418460049e+00
7.978735257370075384e-01 7.846983611007527504e-01 1.144192358080154737e+00
3.678074241393796545e-02 7.171286564453822621e-01 3.590055795960644391e-01
1.462948002636908496e-01 8.344698441547703238e-01 2.991700146451666154e+00
5.116974921436355794e-01 8.007512730569005255e-01 1.431551678760740742e-01
1.584813539209421140e+00 5.909101463369603735e-01 1.220419175832064163e+00
4.566545950072343762e-01 3.296159031818140378e-02 7.199460749283943528e-01
2.789585186586334142e+00 1.919317188831322907e-01 4.095138873670117197e-01
1.807776437223965305e+00 4.106641864439914968e-01 3.112346166207539955e-02
9.721046668290547199e-01 9.255636049524034181e-01 4.812285825020587993e-01
1.354132170753954645e+00 9.476597142170726240e-01 2.184675687378235739e-02
1.794501677447501331e+00 1.831606578561262300e+00 9.516248003578801073e-01
2.250459411051728420e+00 2.739073576337817256e-02 1.309347040385180794e+00
5.520017057022196250e-01 1.177635317970628703e+00 1.056878221893579606e-01
1.006223798285205362e+00 4.627094091694681777e-01 4.947772757284326084e-01
1.399964925532245053e+00 9.036604822070621879e-01 1.217631246440514792e+00
4.285904156347206811e-02 1.616861077395461699e+00 9.126839215827373120e-02
2.410888021447467888e-01 4.821452429588138910e-01 1.103971709085449948e+00
8.143428459619391768e-01 4.373254173481862517e-01 9.625311346845136784e-01
2.868879244874450105e-02 5.021190625445652589e-02 5.017381623636444354e-01
1.889766677331132239e-01 4.254510887778489292e-01 3.853461134306673253e-01
1.262294933426825416e+00 6.733255822070441377e-02 3.034432039503355272e-01
8.125149385734271590e-01 1.769595484369008931e+00 8.238431478836466537e-01
2.885306844603083287e-01 2.169385870338327027e-01 1.744649065654356290e+00
7.302767001038901196e-01 1.917842529034171184e+00 3.470393219279104685e-02
1.020893374043297719e+00 3.835150139117962098e-01 4.822242942896894924e-01
7.555064917894485088e-01 9.551663877913864065e-01 6.293592836471768592e-01
8.966541593186634351e-01 8.676939559158911575e-01 8.525972241952806119e-01
8.116654544035750707e-01 6.855181740718718775e-01 1.809305225078528812e-01
3.820359976869085461e-01 1.253141683842000864e+00 1.257975456533411585e+00
4.114825558513117709e-01 4.324001336160319120e-01 2.807417908544390661e-01
5.175507389167515182e-01 8.177014131430869748e-01 7.376737138743807431e-01
1.210140729114268954e+00 8.922023322658925171e-01 1.633635487691078358e+00
1.267539934661242151e+00 1.455304697103028122e-01 2.593212166859118549e-04
9.294870539365370776e-01 8.035981158128582269e-01 2.863967488097989011e-02
4.157093784667924008e-01 1.361104904059042518e-02 2.005891996129317789e+00
3.507872918685557839e-01 2.300048544044684395e-01 2.962471829771559095e-01
