-1.229597548610375790e-01 -3.354859511241412018e-01
7.766835569625960556e-01 6.206104916747973155e-01
-3.573205528071151660e-01 5.248723033646156555e-01
3.527884313296952290e-01 2.713936695069678051e-01
1.055738320241883743e+00 1.822485047723327645e+00
4.946408997498847882e-01 5.613420564885587272e-01
2.711878439522510953e-01 8.758952801384738418e-01
-5.157288446059722642e-02 1.072309484044388084e-01
4.080127033783477186e-01 5.281913729643222588e+00
2.004773418732252455e-01 -1.389130885885702105e+00
-5.855054129680394709e-02 -6.146634829993066068e-02
-5.209116819402375559e-03 -2.953482198371006340e-01
-5.150346499277503876e-01 2.924946979385105728e-01
-2.267417666989289537e-01 1.764548249379468414e-01
2.451879882441278802e-01 1.351348076651436081e+00
-2.213526920684793620e+00 -9.367356907563062496e-01
-2.389727023840049480e-01 5.951583987551334332e-01
6.610378136367124624e-02 -2.917879248577318618e-01
1.537535082407962328e+00 2.625494027651356532e+00
6.818601922813315175e-02 -9.119863695006596993e-01
9.400356137285481584e-01 3.823658244230622727e-01
1.025347795422718811e+00 9.166568918605776384e-01
-2.255484103814356101e-01 -2.803793247230407237e-01
-2.445643909755556566e-01 -2.370229810307812879e-01
2.712628986086915162e-01 2.452766956892955819e-01
-2.316679785095176469e-01 -9.424854207113695370e-01
-3.293590882904696149e-01 2.621290131501926024e-01
1.068667983998806831e-01 8.373981357830777572e-01
-5.190834291137184225e-02 -6.648663499552429634e-01
-7.152633867822701941e-01 2.782914715443904452e+00
-1.255642202754697449e-02 -4.339085982154244903e-01
3.357228668856596654e-01 -3.499260538095643747e-01
-2.617461480261106255e-01 -4.332093652796752403e-01
-3.861768704528540375e-01 -8.820868291710357023e-02
1.698876184651265109e-01 -1.286629743782452762e+00
4.946793600214739461e-01 7.245972934635348528e-01
2.897389242006105370e-01 3.452518800712175429e-01
3.775635542120310828e-01 -6.389697978054178495e-01
4.700483514676249697e-01 -1.149260609371437702e+00
-2.567919676186791178e-01 -2.742696441465575785e-01
-1.512682585976526939e-01 6.311976671324291965e-01
6.170241699977100369e-01 -6.154422845391541719e-01
-1.463926195826175947e-01 4.442034521807422531e-01
-5.292274552801573551e-01 2.129624705300436644e-03
4.637107395392101594e-01 7.577586657711816720e-01
9.546724480653752121e-01 1.294896701717276555e+00
9.071881201141105897e-03 -2.289408664374945890e-01
-7.940946100311296885e-02 -4.907963186581842940e-01
-1.532927302243246859e-01 2.731912561657393379e+00
6.686965345424914497e-01 -6.658171032354013308e-01
4.316198862380085655e-01 -1.371657555171340859e-01
2.782456764753472589e-01 1.680645003988658903e+00
-2.596101957638144442e-01 -1.031127234002930049e+00
-3.343407472394442637e-02 -1.963343033121521183e-02
-1.546059370414109568e-01 -1.017543238709501113e-01
3.867623186333936369e-02 -9.101562317279279779e-02
-8.506623811863735229e-02 -1.385399189758916572e-01
1.753324155743402613e-01 -3.020101417196353055e-01
-4.017159432461027690e-01 -6.723051860672234203e-02
3.981956851615880422e-01 -6.642303921012225609e-02
-2.396346245519600238e-01 -6.958932946219552607e-01
-4.312311755564151583e-01 -7.342687150804602103e-01
2.765095733829563973e-01 -3.557118283912138468e-01
7.802008837308299638e-01 -2.432441325066158067e-01
-6.411927850271520457e-01 2.221549996750722955e-01
-8.178892159351237590e-01 -3.120889831860549912e-01
9.574278843533047256e-01 9.924939622008346549e-03
9.935227646380406785e-01 4.975107108943492562e-02
-4.075705863113214811e-01 2.276812021253642460e-01
-8.470778346651297586e-02 9.637721030894785823e-02
4.985519476434185915e-01 -1.210633351362178090e+00
-1.448948260450171333e+00 -2.411184407489814358e-02
9.899901281343721771e-03 -4.586611727150388673e-01
6.574237451119683273e-01 4.252759314042982575e-01
8.701320953954938542e-01 1.602536356697337738e-01
-6.262767867371100694e-01 -1.870222217302862922e-01
1.365420676361278840e+00 2.392414966156528155e+00
-1.053550985196018752e+00 -3.858265277716703689e-01
2.401748909418883748e-01 -4.810265119153617763e-01
3.184692097072086558e-01 1.682744489182365077e-01
-4.780376618630744368e+00 4.198961467964472227e+00
-2.270295954832765584e-01 6.678950064173081458e-01
2.369392083326351539e-01 1.755739191829951418e-01
4.428735986991044205e-01 4.108452530805828395e-01
3.271941436192354891e-01 3.913162995451676673e-01
-2.949367324551816494e-01 7.091539113596080357e-01
-5.754781676335306573e-01 4.704349531425617431e-02
2.101738694416590003e-01 -9.357042788647382814e-01
2.845943074002349037e-03 -8.795165429053025674e-01
2.303686147195218581e-01 -6.791709032780333111e-01
-7.283446395047982191e-01 -7.797724239142271863e-01
6.775518934363299328e-01 3.053840158459550369e-01
1.063230350969843530e+00 -7.806149855766762735e-02
8.624200516643514003e-02 1.016025953268523269e-01
7.756570939127146458e-01 -1.041974087735797250e+00
1.733708474282654177e-01 7.201799280771931100e-01
-6.338977288423528478e-01 2.347198030743295923e-03
1.748736450696340150e-01 -1.400391504383861507e+00
-2.981969495719238306e-01 -5.818152325811631886e-01
2.029023636076415782e-01 -3.875105554852274481e-01
4.417318669059219771e-01 1.430550354398760327e+00
1.802780800658443372e-01 -1.058284903564935098e+00
1.188607282894588446e-01 4.956665712150199465e-01
1.496856293236396018e-01 5.034026913517284374e-01
-1.512093691111472335e-02 -1.352135557678902089e-01
4.168307737271948477e-01 4.090410814759768560e-02
-2.965945081345687240e-01 7.956515372687937848e-01
-3.374151305564140335e-01 2.732831808512035943e-02
3.099944487005094618e-01 1.005762770759440539e+00
1.495964264268665952e-02 3.617265040018315947e-01
3.020052550143498271e-01 1.027273764019932978e+00
1.483666391261665232e-02 -3.761550282934202349e-01
-1.277276835234286034e+00 2.693472394836116557e+00
-3.545093431343863122e-01 -3.398641081304464295e-01
-7.378892682088920019e-01 8.256354526307167763e-02
1.164266672800553959e+00 -4.915839315965585266e-02
8.149070620225015160e-01 3.642948978242578906e-01
7.277081479014128884e-02 -8.351709308501436002e-01
1.007409647083473969e-01 3.477194527902922050e-01
-2.307907930801892937e-01 1.253221178030592409e+00
-6.080095427991444312e-01 -5.533314215112521417e-01
-9.466795934391210032e-01 1.196900109063325779e-01
-2.864137720410046550e-01 1.137648132526166700e+00
1.174570223446347456e-01 -2.100854933078373232e-01
7.014642167066795775e-01 -9.169726306651370118e-01
4.065558050237668475e+00 3.384932340519497096e+00
-2.618600301149563436e-01 2.378354991393303308e-01
5.690893765221539669e-01 -3.528688500624179714e-01
3.405859229271108179e-01 -3.231707231838394923e-01
1.091374689076503701e+00 1.475682308053088976e-01
5.973127110437195242e-01 -3.160006684027976687e-01
5.497593219965417610e-01 -1.391211353432186382e+00
-1.605521686909525958e-01 -1.106938439377912697e+00
-5.218708568263413783e-01 1.293253019550644645e+00
-5.564043908454063825e-01 -6.285058998530494712e-02
-7.595258162879549302e-02 -5.969705191266401201e-01
3.710150869450831723e-01 -3.330314498609855678e-02
-2.559194997884447487e-01 5.498773943094534822e-01
-5.677203837109139062e-02 -5.127291011879492322e-01
3.295102214010609543e-01 -2.579611210326372417e-01
-4.470969845134741272e-01 5.826473602440838118e-01
7.939976121788172581e-01 1.551387749321278819e-01
-1.834669242045207538e+00 1.983063768235197477e+00
-5.635134395148265751e-01 -8.933545588997614251e-02
1.225661949108113324e+00 2.980126960356138111e-01
-5.340319885645221643e-01 -5.022584037636613763e-01
1.018360419761181815e-02 1.159664451489140213e-01
5.953790026505493271e-01 5.367898888183516570e-01
6.451541270372224135e-01 -4.465521895070940772e-01
-9.007708954809143242e-02 1.093667439401016628e+00
-1.521673403547006143e-01 -1.619122185106236234e-01
3.621635056932494545e-01 4.681859432799079790e-01
9.372877010742777237e-01 -1.477880219829824093e-01
4.830378635931698722e-02 -1.512594417923408541e-01
-4.266842132470207716e-01 -1.013109069811504392e+00
-1.172030021151354129e+00 -4.817787967182149966e-01
1.717387496052160900e+00 2.958146791286018651e+00
1.263197776417387397e+00 -5.154201103241475707e-02
-2.982933968267407684e-02 5.026576494358050429e-01
-1.856835666791519235e-01 -1.003656893080317580e+00
-1.480374560717364896e-01 3.342479063375720649e-01
6.398620285874077052e-01 -6.982868758726732406e-01
3.404924752543400657e-01 -5.189486571680267391e-01
-4.351499693935530488e-01 2.093509393690151210e+00
3.002255197256740726e-01 -9.560643110208602025e-01
1.257112380140953944e-01 -1.969257182895406966e-01
-4.396067682789192577e-02 -5.614276151599909559e-01
1.829514319863283500e-01 7.741896448065801462e-01
-4.434456319361538279e-01 7.727706187237997071e-01
1.136336219528537167e-01 -5.935168156546686280e-01
3.920471263258238359e-01 7.002285788359252638e-01
-4.106556720477404498e-01 4.958767410586915059e-01
-1.707753505931783877e+00 7.183150097443632420e-01
