1.597488485969348782e+00
1.415111474251399493e+00
-1.099060996661229556e-01
2.012298526085569070e-02
-2.866907562681744182e-01
-1.127364686304406893e+00
2.714406387108659890e-01
-6.934824021776947456e-01
-6.592871623510854207e-01
-4.654856093008781226e-01
9.010827503124276827e-01
-1.022732279519868864e-01
-7.225566149322105725e-01
-7.557421827080352816e-01
9.858084792198885671e-01
1.279192714210073190e+00
1.989240600946129769e-02
-7.654251744988183059e-02
-6.966011294764495876e-02
4.900543125617143336e-01
1.650532075751998118e+00
-1.573338347422858385e+00
-1.022828140272316277e+00
7.260743981811307313e-01
-1.165662316780669977e-01
8.849500361870696330e-02
1.328184317904238743e+00
-1.801702817368606269e+00
-5.601871062259948797e-01
-1.315332642752294001e+00
-1.256325857498875376e+00
-2.604702323235410510e+00
7.613026631491432994e-01
4.401889495735125668e-01
-3.661127295683432870e-01
-1.152437332678909743e-01
-4.880508865968370968e-01
-5.705444309299126937e-01
2.436954955990173755e-01
8.364467188619421067e-01
7.027846486661937231e-02
-5.518666798192252143e-01
-1.486624080066614395e+00
1.899970914904878905e+00
1.056601863956387888e+00
-4.141595311352172515e-02
8.665237670516059421e-01
7.764624435650381296e-01
8.493715869612366021e-01
6.704351517520870107e-01
-7.929700525384182352e-01
7.529345575349065678e-01
-1.161294354295223652e+00
-1.146305513355563854e-01
-1.562652069999237725e-01
-1.675037560351559263e+00
-5.143039625990784014e-01
4.780958523215413092e-02
9.222557814356997508e-01
-7.015594417086400136e-02
-1.414352735496933633e+00
7.679521439802559912e-02
1.142214239249176311e+00
1.898276160413443936e+00
-1.181712209089618160e+00
7.752809537773697190e-01
-4.382829590416918997e-01
-2.674570018452313014e-01
2.017179089919860502e+00
2.757219637705212167e-01
1.498770005002356132e-01
2.137165104873291477e-01
-1.491906644556152683e-01
-1.738474080065988581e+00
1.215081715604591439e+00
1.848964690551570811e-01
-1.068195564547765652e+00
-4.256385012918960653e-01
-1.828299546270764075e-01
4.500277648326143076e-01
