8.394091673989637625e-01
6.444138658826102928e-01
2.363213751222858594e+00
-8.642560028929942018e-01
4.281016508835149281e+00
1.157429632156908417e+00
4.267417138374270946e-01
5.040414058966911082e-01
-2.932968002395510143e-01
1.593152296229209952e+00
3.286563462972037275e+00
3.213390756775499124e+00
-2.432523024440349027e-02
1.792207407128767915e+00
8.481850030372524163e-01
3.447573734864851414e+00
8.393873487205629758e-01
7.117401643246122900e-01
1.154143446193364397e+00
1.569913995418346975e+00
4.523840685224620906e+00
-1.384328850422953880e-02
4.023577742400853419e-01
-9.542962074147721685e-01
1.558564817826562532e+00
3.632841938079115707e+00
1.138464598651895532e+00
6.125810842536578704e-01
2.763494781017147517e+00
-3.102669992525555198e-01
2.385402827977042950e+00
8.770038212151417545e-01
1.926855301196786385e+00
3.568683002287488804e-01
3.511891319386302168e+00
5.326004961332185816e-01
7.859119990258086608e-01
1.459808307500847890e+00
-1.045297296590210978e+00
1.151353232145837735e+00
-1.188251631183771251e-01
9.936097533095746837e-01
3.753424726589811744e+00
2.422746941274300347e+00
-1.176580959104403107e-01
-9.109610661423156452e-02
1.762068234795602373e-01
1.006874254770339094e+00
1.620636394833431249e+00
7.192562168725109562e-01
2.822305809080737915e-01
2.699412499144537847e+00
1.468584795261806075e+00
2.451747493367954500e-01
5.002345354100079522e-01
3.526728875517992634e+00
8.200993311904791749e-01
4.004236347257115192e-01
2.783638660453577884e+00
1.151533770682958924e+00
3.253688468607701445e+00
4.200846187112714958e+00
3.554964727176618045e+00
3.053849408119096651e-02
1.560133735273665223e-01
8.941344579537543469e-01
4.453028664182421714e+00
1.051392951425956346e+00
1.809383905442325524e+00
1.238842570215057837e+00
4.261596063965752967e-01
3.184948401909024618e+00
1.272266374724895233e+00
1.211766827606677754e+00
2.365985126032514874e+00
2.639311212223372505e-01
7.149564470812096451e-01
-3.923242513452290803e-01
2.259984996297299986e+00
8.323681436575022241e-01
2.895520283394420691e+00
