2.153605702703967673e+00
4.112760530662431968e+00
1.600403011600082248e+00
1.938575593576648437e+00
3.067655033389979913e+00
2.425932589242283388e+00
6.987075358664792679e-01
-2.291864654915780342e-01
1.646888287897646297e+00
2.736482066013613323e+00
5.599477722770511701e-01
2.054913125502890292e+00
1.391807065688247969e+00
-1.826697449705400322e-01
4.822125596869057063e+00
5.320234293055932540e+00
2.158908424424002437e+00
1.761260772321792345e+00
-1.129406156378248927e+00
2.701210818756223819e+00
3.760113705053712008e-01
1.163506213023543401e+00
1.372078812810691106e+00
4.615970384284805661e+00
2.821867877447022277e+00
5.048046786939469399e+00
2.283038959970856041e+00
2.176846753883685537e+00
2.673492711787705201e+00
3.460754207530968962e+00
1.802476505605810297e+00
5.497242661070851355e+00
3.254889699267939918e+00
-2.818744638404083735e-01
2.760557290064688196e+00
1.437801666755411656e+00
2.264171391169835346e+00
-3.555913102796740694e-02
1.196860324392568398e+00
4.375202277054636157e-01
4.013399143527260016e+00
3.416273029716813348e+00
2.416535087383403280e+00
1.246773038126195665e+00
5.547761007424182322e-01
3.379748414882083551e+00
2.596576311499922518e+00
2.963814674122996706e+00
-6.591892038179927860e-02
1.971289948341046205e+00
1.195120828806556457e+00
5.008747890954500903e+00
2.249850481556882276e+00
6.305124661862532287e-01
-1.313036422979853457e+00
5.484948296131078038e+00
2.333875503923308781e+00
-1.067948965198488143e+00
5.826339167468825853e-01
-3.675789692258346064e-01
-1.974381346763783851e-01
-5.208562016637776626e-01
2.886689925932209633e+00
2.976897693176971060e+00
5.661650747772663195e+00
4.039922506681749681e+00
-2.487549602739234367e-01
6.461746964305570273e-02
3.394076880940636531e+00
8.596247394105202000e-01
1.342377130301126265e+00
2.253535238161267884e+00
2.659178115655895791e+00
5.872001764320077255e-01
5.696343812301211784e+00
1.573819183214242079e+00
5.665431514684501124e+00
4.283995441276190697e+00
-6.133547904071717273e-03
2.989451188458117414e+00
3.613635218705268937e+00
1.327362850916225412e+00
1.251436923824265524e+00
1.996607428786473681e+00
1.006221081727683542e+00
3.329729332211597725e+00
2.048910024518175277e+00
2.108444789084779281e+00
1.968369237887732215e+00
2.167114434451422156e+00
1.868226652303419943e-01
3.291165226884101624e+00
6.674276171426546389e-01
1.370130425761678872e+00
5.280159391039463301e+00
2.010957565518000312e+00
1.357795072317218077e+00
-1.069755820637397159e+00
3.458947786044013650e+00
5.681800533114474305e+00
2.575337237818099201e+00
1.878067717855020691e+00
3.094100058668090902e+00
1.983281221535737160e+00
2.350783974118912933e+00
5.814130684358277179e+00
2.462509805762114645e+00
2.984198674122227946e+00
4.688639875026566095e+00
3.882525136742538407e+00
4.654566630285226658e+00
2.259226952019037227e-01
-7.441917253389261980e-03
-9.117018901788478957e-02
3.059685039521720551e+00
2.391693732872515188e+00
1.476361701168457774e+00
1.247018037055148687e+00
2.926580619487898272e+00
2.845439663354209170e+00
3.168865170463235792e+00
2.126790589972262779e+00
5.598823460123507623e+00
2.732138287187861003e+00
4.294711091165311245e+00
6.683873817215124635e-01
2.267833151832926220e+00
1.363455663726815148e+00
1.446301686623881366e+00
5.269808127521319330e-01
-1.215263074373999497e-01
-5.761787232545501070e-02
3.100775328705889233e-01
8.204020432845284816e-01
7.216750264437309381e-01
2.849740535057539992e-01
1.735979965234210276e+00
2.016732300002542999e+00
2.809230478633294226e+00
4.010037287996087940e+00
1.475229452600760993e+00
2.083321334716054629e+00
2.342246588490376702e+00
3.314928495239500172e+00
1.583063910635064575e+00
2.638061184074806942e+00
-6.597318197755043245e-01
-6.630360559708761148e-01
7.532681197530891604e-01
5.613037736391048860e+00
2.919365977996126738e+00
2.933975815687317024e+00
3.144303514261630461e+00
2.804414915253799379e+00
1.302275111655727846e+00
2.463291608130326882e+00
1.176482622046403970e+00
1.932394950542599465e+00
3.111276636768918191e+00
5.937031856642206451e-01
-1.663340231825799709e+00
3.739360317280933543e+00
-3.921093968218903325e-01
4.049947450154096629e+00
2.429165283824856303e+00
3.854220758572912242e+00
1.015102647523397517e+00
1.634088450974557905e-01
1.860105363018291103e+00
2.846419173817189563e-01
5.419523406904017016e+00
