9.426293616473004899e-01 1.877331973326194897e-05 1.583235625230395346e-03
-0.000000000000000000e+00 1.385004998936856802e-01 1.193542558557563827e-03
1.175156307360059493e+00 -0.000000000000000000e+00 -0.000000000000000000e+00
5.636065301532935390e-01 5.297380085181063736e-01 1.056207727215518468e-03
1.618520566390124933e-03 -0.000000000000000000e+00 -0.000000000000000000e+00
2.111228725432991605e-03 -0.000000000000000000e+00 -0.000000000000000000e+00
-0.000000000000000000e+00 5.360704259506703789e-02 1.941633773530725138e-01
8.609909772556272869e-04 3.017769289108719177e-03 -0.000000000000000000e+00
8.224711096268877419e-01 1.992390140780912061e-02 3.675330763839157466e-01
-0.000000000000000000e+00 3.525527131588722107e-01 8.978999273675031256e-01
3.202676845511357451e-01 1.740216109762019944e-03 1.918314511301853677e-03
-0.000000000000000000e+00 -0.000000000000000000e+00 -0.000000000000000000e+00
3.819799609656577416e-03 1.058939443580318329e+00 6.171764123965901572e-01
9.052511973816862456e-02 3.404573643376006542e-01 5.668486264863621393e-01
7.607283948497081116e-01 -0.000000000000000000e+00 -0.000000000000000000e+00
4.950814024581241118e-03 8.035799873738647126e-02 7.999182764190523279e-05
1.212308015388712468e+00 3.271309711563673023e-03 2.186192245566670293e-03
1.333195139185945665e-03 3.008760552914969532e-03 4.053065385788054975e-01
6.766395721495904736e-01 2.954935299790411359e-03 9.846601222839559270e-03
1.072525864192465589e-03 4.816028064850095824e-01 2.306017816932217079e-01
2.211577781822491727e-04 3.735293350958879960e-02 4.749109944188048549e-01
-0.000000000000000000e+00 6.322927264871759830e-03 4.094718605004999019e-03
4.186289263571517198e-03 9.314067140187624050e-01 6.575637411244313058e-02
7.743910840369849780e-01 1.083669693468167772e-01 7.570223369810487046e-01
4.032627857309234454e-01 -0.000000000000000000e+00 2.693685893425762923e-01
1.012449714257296872e-04 5.807709542589232221e-01 4.029064077466157912e-01
4.084419552337756852e-03 3.752215269469330039e-01 1.948006976333038461e-03
5.830775676046243694e-01 9.038243608735792023e-01 6.758404881676696174e-01
3.143351324465081809e-01 4.507226014535652006e-04 6.283636609521029426e-01
-0.000000000000000000e+00 4.683965846783467134e-03 6.835920493227770796e-03
-0.000000000000000000e+00 2.248648214295458504e-04 5.038365673182082505e-03
-0.000000000000000000e+00 -0.000000000000000000e+00 -0.000000000000000000e+00
2.157959623073224184e-03 1.972084965729301032e-03 -0.000000000000000000e+00
-0.000000000000000000e+00 2.574675146835542217e-03 -0.000000000000000000e+00
-0.000000000000000000e+00 -0.000000000000000000e+00 6.737643653071230254e-01
9.006225530485838281e-04 -0.000000000000000000e+00 2.159890886793513001e-03
-0.000000000000000000e+00 2.272194148179869921e-01 6.621010336459726142e-01
-0.000000000000000000e+00 2.470436383797165823e-03 5.962930790659005248e-03
2.435126658571854646e-02 1.411175483841389244e+00 4.589574123398596807e-03
4.955155793247442153e-01 1.156248047155519553e-04 2.736917643837574743e-02
-0.000000000000000000e+00 1.815524222597483528e-01 1.539620821708285190e-04
1.778089624447533020e-03 4.715513621506508429e-04 2.503422697683309606e-01
3.902377106777545762e-02 4.109330744920582368e-01 -0.000000000000000000e+00
1.978206900993523601e-02 -0.000000000000000000e+00 -0.000000000000000000e+00
2.030334660681621939e-01 9.850495517193965656e-01 1.117791674836366100e+00
7.103813238465443627e-04 2.350975726276888667e-04 2.142530959397993904e-03
5.585078384062279640e-03 -0.000000000000000000e+00 2.036952215295010082e-01
3.529309893818762065e-03 -0.000000000000000000e+00 5.174483279304654681e-01
-0.000000000000000000e+00 -0.000000000000000000e+00 4.017812614597295884e-01
5.160805162031401050e-01 2.618642736611757286e-03 1.546835378088185636e-03
3.633882013506744002e-01 1.103315468275494621e-01 1.424654917560326138e-03
3.635628185878585217e-02 -0.000000000000000000e+00 -0.000000000000000000e+00
-0.000000000000000000e+00 6.827182427445071741e-03 -0.000000000000000000e+00
6.881380322873992261e-01 -0.000000000000000000e+00 1.044813158152360089e+00
2.659213043897970877e-03 4.597296988087383354e-04 2.104051749394834359e-01
-0.000000000000000000e+00 -0.000000000000000000e+00 3.041982034911870528e-04
8.096119219718924676e-01 -0.000000000000000000e+00 1.798584627589534246e-01
4.465165369821607610e-01 -0.000000000000000000e+00 -0.000000000000000000e+00
1.107936091657873101e+00 4.068727385572648569e-01 5.981528608488646467e-03
-0.000000000000000000e+00 1.292955654526051126e-03 4.324729340119474186e-01
2.039082828303591735e-03 2.385709124237569978e-02 3.464579237047200888e-02
1.808925235371127427e-01 -0.000000000000000000e+00 7.557753491993102202e-02
7.322410937782276863e-02 6.916832240027426248e-01 -0.000000000000000000e+00
1.006344556514910948e+00 8.340504262178929373e-01 -0.000000000000000000e+00
-0.000000000000000000e+00 -0.000000000000000000e+00 -0.000000000000000000e+00
-0.000000000000000000e+00 8.976453617744565294e-01 6.741257692766351450e-01
7.743147824413735281e-01 3.599248996383640486e-01 -0.000000000000000000e+00
-0.000000000000000000e+00 4.331320585001165457e-01 -0.000000000000000000e+00
-0.000000000000000000e+00 9.610578840330837869e-01 2.064597189010891065e-01
-0.000000000000000000e+00 3.990179226133940826e-01 1.125719133626546631e+00
2.716756330749036091e-03 -0.000000000000000000e+00 5.606541226372083742e-01
-0.000000000000000000e+00 8.825055850696125574e-04 2.756539679291016842e-01
2.159185295339673388e-03 4.055589662722389743e-01 4.130154922523543437e-02
2.880948022557606181e-01 3.807514898458266893e-04 1.506801591982566153e-03
2.552666536829893782e-03 3.478271575025624895e-01 4.555678256255875531e-03
-0.000000000000000000e+00 5.124501542795105724e-01 8.864463187251957477e-01
3.170529695486356062e-03 6.145460394568607043e-01 5.048851057310522247e-04
3.345354907001567204e-03 -0.000000000000000000e+00 -0.000000000000000000e+00
5.303259986743367183e-01 1.018694636300917231e-03 9.312116693097972952e-04
2.575899595572293532e-01 6.589092791444166597e-01 4.840286664523783117e-02
