1.257541696193981845e-02 6.688725879084689296e-01 -0.000000000000000000e+00
1.455210958841379743e-02 6.623249044010836029e-01 -0.000000000000000000e+00
8.352054328520793283e-03 2.828237408018547273e-03 1.641800513756767055e-01
-0.000000000000000000e+00 -0.000000000000000000e+00 7.668809958956862571e-01
6.687107664218756853e-02 6.090602904057687006e-01 -0.000000000000000000e+00
3.761092326410209880e-02 1.804855449497830971e-02 6.361123899423029027e-01
-0.000000000000000000e+00 2.349419663207781279e-04 1.023684576376929362e-01
-0.000000000000000000e+00 4.039812242837199398e-03 5.411712836596357379e-01
-0.000000000000000000e+00 -0.000000000000000000e+00 4.083974738231643808e-01
6.716849252608787400e-04 6.452041761698054829e-03 6.661397312282416605e-01
7.669514523257067121e-04 8.866701503499881121e-02 8.814681408131665175e-04
2.407093828837247318e-01 5.542405192110327894e-03 1.729425172484854445e-01
1.587752160496750109e-01 7.160666390416161632e-03 9.692964337496865479e-01
4.747465118428109525e-03 1.953268764364723183e-03 7.629713833683419988e-02
1.127381725223138426e-01 4.123775754761084267e-01 5.232980334456713983e-03
1.908356891451843118e-01 6.363188056833252171e-01 3.285122375849033015e-03
5.648439575737206758e-02 5.763017653300251952e-01 1.662572170039403963e-03
-0.000000000000000000e+00 -0.000000000000000000e+00 7.478349915528883507e-01
-0.000000000000000000e+00 2.544134880858335279e-01 4.430794353369738037e-03
7.626157589500762723e-01 3.587936879763075626e-01 1.549444413582363534e-03
2.257736492388039973e-01 7.414175405732107427e-01 4.194981229675908037e-03
7.809014200029559816e-02 -0.000000000000000000e+00 1.358318211721724067e+00
1.992742461208673287e-03 1.924695024123102309e-03 9.633527159686671171e-01
3.980648023605429797e-01 5.622679782176608354e-01 -0.000000000000000000e+00
3.708036097334049264e-01 4.252542500019363403e-01 1.200545735961496413e-01
6.523698668108455362e-03 6.617001042795302990e-01 -0.000000000000000000e+00
1.797344718062319352e-02 5.221972052625579730e-01 9.887085463414092140e-03
-0.000000000000000000e+00 4.553113195358654726e-03 8.979076389395123092e-01
-0.000000000000000000e+00 -0.000000000000000000e+00 5.885672304148013151e-02
-0.000000000000000000e+00 5.108940144361550891e-04 3.898587727625072996e-01
-0.000000000000000000e+00 -0.000000000000000000e+00 5.411992515085095601e-01
3.022583958041334395e-01 7.063607000328298328e-04 9.237565562865241997e-01
7.716813358127475597e-01 2.484095266771100263e-01 -0.000000000000000000e+00
7.953130679216099952e-02 6.164525101965170339e-01 5.329412041396955693e-03
1.976369962157252698e-03 3.276835644569953479e-03 4.652909940506003150e-02
1.176643154930098051e-02 7.305662213769554235e-03 8.032916348392562522e-01
2.920463517989175042e-02 3.728684265343250667e-05 8.827758796560097876e-01
2.556182896319177944e-01 3.496375329707171638e-03 1.087361163379153006e-01
4.485320143324729794e-03 -0.000000000000000000e+00 3.014445711469648237e-01
9.277936372435108270e-01 4.016946440632574444e-01 1.203107086756810898e-02
3.155669927803990589e-03 4.349633351677244936e-02 8.402257354751335727e-03
2.423031744386377974e-04 -0.000000000000000000e+00 5.151727528717068294e-01
5.648576067052438025e-03 4.986570487584291990e-05 6.579699118940868230e-01
1.071043431594699696e-01 8.482525186493441449e-01 9.558347973502275344e-04
1.977976137732946268e-02 1.342048402553755182e-01 1.719863344877472361e-03
4.455408162990827092e-01 4.522028578862079540e-01 5.262388565548782940e-03
2.638294335019494286e-01 7.154454201828944759e-01 9.290372126322415935e-03
2.326067838184009071e-02 2.108483243303273767e-03 3.388886262891546708e-02
5.518665972687046839e-01 2.027419829189777978e-01 1.188153904632940384e-02
2.520252191219976012e-01 6.477715030010335884e-01 8.540455728463408266e-03
6.067422301929429468e-02 3.279618697528640086e-03 2.355622572662328107e-01
3.723698745295948576e-01 5.062606414946667615e-04 2.599277931419006205e-01
1.515393681731984701e-02 1.787790659343571262e-04 1.038064154618862700e+00
2.906027818286305853e-01 2.661070384394498972e-02 2.862297692832344587e-01
-0.000000000000000000e+00 -0.000000000000000000e+00 7.562920041802523134e-03
1.433740060547844921e-03 -0.000000000000000000e+00 1.014887957261422224e+00
9.611818106856206013e-04 2.050206597097578576e-03 2.962573140436987051e-01
5.017879324422950260e-01 3.197292285344234819e-01 2.958899591091483563e-03
2.026090706143101050e-01 5.769494322796778762e-01 1.156896512693466189e-01
2.786199032638221260e-02 3.414880518192184855e-01 1.530134866757826631e-02
9.565046418874933662e-03 -0.000000000000000000e+00 4.532790600055037755e-01
1.025917949331623058e+00 4.204376809709454155e-01 2.780340970563007635e-03
-0.000000000000000000e+00 5.869202708833226589e-01 -0.000000000000000000e+00
-0.000000000000000000e+00 6.822883426860886225e-01 -0.000000000000000000e+00
8.903659342048939052e-03 1.385061160028683985e-02 3.870142644604612214e-01
6.314795573044426624e-02 6.986561416614915920e-01 -0.000000000000000000e+00
1.623425879802729566e-01 3.299901093382299755e-01 -0.000000000000000000e+00
2.317200765481609859e-02 1.251601008894529616e-03 1.463866022011238166e-01
1.089220567314403559e-02 4.733292592428033352e-01 -0.000000000000000000e+00
5.842823049188241580e-01 6.281991619283943361e-03 5.188099457207612751e-03
-0.000000000000000000e+00 2.103948369466102477e-04 3.609716302709545938e-02
6.949059688063410900e-02 6.590732887010257099e-03 5.003911847769597632e-01
5.215032860653678187e-03 2.495945658821890553e-03 5.402575579375030745e-01
2.864159322216573971e-03 8.435371417200139771e-04 4.378105488717426996e-01
1.686535685337832782e-02 7.238790701932794613e-01 -0.000000000000000000e+00
-0.000000000000000000e+00 5.985286491463968211e-02 9.548001290711288780e-03
7.440447522960160626e-03 5.820643467831939331e-03 6.485474076164791102e-01
-0.000000000000000000e+00 -0.000000000000000000e+00 7.017286139865248629e-01
1.828984322981806743e-01 4.905763848681722328e-01 -0.000000000000000000e+00
1.073206787935971906e+00 3.557515228915332783e-01 -0.000000000000000000e+00
