-5.020955194114801179e-01
1.553259918449572785e+00
2.431702056554918834e-01
-5.820451155784592961e-02
6.059028573913678717e-02
-5.450610083686314999e-02
9.628638035543830576e-01
-1.675923648681597600e-01
1.070468894165536700e+00
-3.149143408026026658e-01
-2.136124511519007729e+00
1.856355450539406704e-01
8.240351831311010233e-01
-1.525906138462513606e-01
-1.345667249651270936e+00
-4.530604585258918293e-01
-5.678161572727239426e-01
-8.802384380686378851e-01
1.074273914685341946e+00
3.614742857074094151e-01
1.983453988608306684e+00
1.568944457028049744e+00
7.882701923556829915e-02
1.882362840221266209e+00
-6.878353307051693344e-01
-1.134120128284292317e+00
9.192162512875906577e-01
7.011678825800882198e-01
5.567729908718438425e-01
-5.084268177777816478e-01
2.295196485504079620e-01
8.226805159756870323e-01
-4.492632712433836661e-01
-4.722774126518289872e-01
-1.413204597545260066e+00
-1.251638687047431420e+00
-8.547547626136887677e-01
-1.164644761382291199e-01
1.347774091836489330e+00
-1.753254219971204231e-01
1.135913872936850755e+00
1.582151454006639257e+00
-1.642572162944517133e+00
-7.885416023410622977e-01
-4.210858166858814644e-01
2.242346513403666031e-01
-5.736820700368684411e-01
-8.171067939406367886e-01
5.780462243926112187e-01
-2.727627226806155214e-01
-8.168710977504672899e-01
-7.924932960634584189e-02
5.483883732203519330e-03
-1.164506357693494421e+00
6.512686754419595436e-01
-9.905217878122137831e-01
7.106751670778123087e-01
-1.877849799744592652e+00
5.577988104456989976e-02
1.102139282688425204e-01
-9.448675057278498324e-01
1.180217869612724346e+00
1.405143633553197713e+00
-5.697525593276212552e-01
-4.634368498959570704e-01
1.547495681069038342e+00
1.622024148901237139e-01
1.192126905258304559e+00
-1.019187612839710155e+00
7.029544746259492882e-01
-1.610563874768732306e+00
9.042740557957174019e-01
-1.710864727256540818e-01
1.032034454319219752e-01
-5.456046299555724621e-01
1.795036176539482442e+00
6.976799399931497003e-01
1.691742336631943511e+00
1.630395874278846302e-02
5.336058816856754927e-02
