1.293755433269651867e-01 6.425830047199682094e-01
3.574220472559782591e-01 2.550288761597126475e-01
2.519742490998364559e-01 6.418651140455295945e-01
2.723691576716118501e-01 -1.133052932791181133e+00
-5.110002760832619284e-01 8.152041852619330564e-01
1.858362947330994761e-02 -8.202978621798837078e-02
3.247611223870452979e-01 4.210347100463248116e-01
-1.952062852027275919e-01 -1.188769635018349646e+00
1.273899311412410862e+00 6.628328234532284702e-01
7.773218010070365169e-01 6.256655536157749165e-01
1.093150403834852874e-01 -4.805418690569221440e-01
-6.875392190698179085e-02 -6.663381945460492006e-02
7.625962357863588781e-02 6.895417079834546825e-02
2.286121310385899885e-01 -2.299181002290085485e-01
-2.468126753844363253e-01 5.459417623066449565e-02
4.478731319292903468e-01 -1.002576103047957412e+00
3.316681364840848301e-01 -7.284779534418394098e-01
-4.951570465201899363e-01 4.667387300799338834e-01
7.044665572406337839e-01 -6.334492390874634227e-01
-7.257089083483594383e-01 -1.040494239850500380e+00
6.573160301938401062e-01 8.327741679979561162e-02
-1.709593915980684720e-01 -7.169118018124955860e-01
5.814021503690355308e-01 -2.217005937149203743e-01
1.373350514768985953e+00 1.399305324986716559e-01
5.899777550934599546e-01 -7.051717031529262936e-02
4.435715728320399620e-01 4.034412610249363262e-01
7.286036534542390530e-01 -2.342113052061729483e-01
1.704255232649493745e+00 1.988407243113542444e+00
7.103365009705679967e-01 -5.341808927101427962e-01
-3.285080346790545391e-01 3.710067037332779871e-01
-4.039462294033051570e-01 5.484891839801181446e-01
8.202740242726886954e-01 -7.948582023752578385e-01
4.468952751819824099e-02 -1.655650070348395619e+00
1.580283271280685520e-01 -2.365213915684030166e-01
-4.655851263573740906e-01 1.967186013209467899e-01
6.093785165289818950e-01 1.455280679529852295e+00
-6.135724863969316267e-01 3.655267739819353934e-01
-1.420699027065657483e-01 7.697653378926400114e-02
-1.260792804157736813e-01 2.943285861008681503e-01
-6.322467913794393990e-01 3.239671501994847991e-01
-1.491722208306772712e+00 -1.254479275624813317e+00
-2.670715360120953785e-01 -1.126188115082344510e+00
4.040813687939503462e-01 -1.140769773082205507e+00
7.281048543593138245e-01 8.653185749210882127e-01
-2.391450867377549472e-02 -3.894746252184991264e-02
6.868535585374179187e-01 -2.745756835008141272e-01
-7.037333327684067719e-01 -5.622718495300202957e-01
1.031205469307198364e+00 3.377883417232072638e-01
-1.371599152885296172e-02 -1.909771633301229343e+00
-8.833715867211827666e-01 -1.129284774250754797e+00
7.773461152185243139e-02 -1.000005969459048100e-01
2.427722123816295485e-01 -5.180276483038965818e-01
-1.160642735610971199e+00 -3.704085138275600153e-01
-9.567560263514305330e-01 -1.638214884583998998e+00
-2.787198456143144543e-01 5.325891419443812280e-01
2.793080728210433628e-01 1.398642333090207093e-02
-1.448993370711598727e-01 -1.810309573635668356e-01
5.021272539403337509e-01 1.913504316728210086e-01
8.372159020731128054e-01 -1.689501838243290699e+00
-2.855793218261307720e-01 3.055090047371976647e-01
-3.597180454778791114e-01 -4.631490673514369605e-01
-1.548473243730920323e+00 -1.610280827737371245e+00
7.272633992478506615e-01 -4.422789394995063628e-02
1.020008695781358998e+00 -3.221605466977562893e-01
4.113744343658880254e-02 2.902442920205802745e-01
-2.961839834932111226e-01 -1.084666890005233503e-01
-2.530952865782343242e-01 -2.464772418463125336e-01
8.338054193984065776e-01 1.829632934406861144e+00
-3.505951628897014394e-01 7.670528086499520670e-01
5.166936773504521296e-01 8.525275402108026812e-01
-3.895603022192625775e-01 -5.863256951657132010e-01
-8.559034403180395545e-01 3.016986481053978153e-01
4.331357813591747985e-01 1.114769327269493404e+00
1.195236241142695194e-01 -1.422355007506396207e+00
-1.407534954152659945e-01 -9.969621969090282088e-01
2.533225223025685202e-01 -9.868101876072631340e-01
-2.250539129242843106e-01 -1.036339441587977195e+00
2.884100188104116724e-01 -4.318845369535683765e-01
-8.842170601207495206e-01 6.289242394644933842e-01
-8.889633191245125410e-01 -3.921253991707436826e-01
2.774084783275200805e-01 -1.383687214431479351e-01
5.812574134926720149e-01 -2.278516543853404686e-01
1.280956393531182513e+00 2.919753838132401191e-01
-3.521356383872381035e-01 -1.363539941504931630e+00
4.970745033325905116e-01 -9.423728288701879174e-01
-7.312393183482358561e-01 -1.704897082169598344e+00
2.123827871065193107e-01 -7.170838372143240047e-01
4.392550993620943367e-01 3.437421948079766310e-01
3.376846777374686304e-01 2.042495538973514504e-02
8.175025845602138519e-01 -1.662618671413348403e+00
5.099475944679777717e-01 4.712246848693479873e-01
4.208083485801866058e-02 1.415206808331446742e-01
-4.250920027938595927e-03 -3.801232836885441724e-02
9.578841785866626379e-01 -1.831453383360562293e-02
-8.338105211783447546e-02 2.236803247576793496e-01
9.509284162643324989e-02 4.186695434575234964e-01
-1.898727551551106507e-01 7.380180838056770165e-01
1.980730224759234659e+00 -1.406151255905304653e+00
7.046149849574240287e-01 6.186343837182490812e-01
1.273903791556779241e+00 -1.723831979225739275e+00
-5.959586191360747298e-01 -1.378693489099358516e-01
-8.027164804905121409e-01 -3.230113850309261347e-01
-2.076920365177691519e+00 -3.597695267637504024e-01
1.005875489942197110e+00 7.884983000933835917e-02
1.321094924870184650e+00 -3.375544319377166702e-01
-4.124870918421285615e-01 4.564871726583695499e-02
2.124026294231663552e-03 4.018596792590036770e-01
5.050076974143761221e-01 -1.712769384996629451e+00
-1.478273077381550227e+00 5.903909137896530268e-01
-5.406078037549064685e-01 -4.714470442643739490e-01
-8.051896055775883965e-02 3.198265858284060070e-01
8.220660533843088952e-03 2.951628315839805936e-02
1.972014811660049716e-01 -2.577873938327400749e-01
8.174431218690669798e-02 -2.545609917262943722e-01
-1.452270753905465506e-01 5.512554871483401620e-01
7.061864456155936276e-01 -1.861712071784647482e-01
3.206863281936928045e-01 -2.606922158213374474e-01
4.326005380079001733e-02 4.535062323389573158e-01
7.134590956348405566e-01 -2.903871093803360726e-01
8.193382447704713467e-01 -1.947779556242351884e+00
2.493280430737792597e-01 -9.705013165460668612e-01
9.044829183639210290e-01 -1.322632603828729048e+00
-7.881000375127032997e-01 -4.810901266868017334e-01
-2.231668784594042609e+00 -1.162363222155351705e+00
-4.288721430667100654e-01 5.262642349230094441e-01
-7.194616243033614966e-02 1.545860454334369583e-01
-5.472743398245623059e-01 -6.656191642043868262e-01
2.462725377160295270e+00 -4.729920439430043144e-01
6.029236264078605689e-01 5.344114235944383284e-02
-1.231154357551241113e-01 -2.875569793348271563e-01
-5.186452465348903029e-01 -2.283506917609861575e-01
-1.834631955865580200e-01 -4.240308363790105672e-01
3.445704890485702387e-01 8.377974467233424705e-02
1.741200136714327495e+00 4.215721794561045899e-01
3.685265258039961966e-01 -4.529318578886046831e-01
-5.045979324462642746e-01 6.586811401091462459e-01
7.165368982839487311e-01 -1.300347580365656397e-01
-6.977387395138047177e-01 -1.345602680194122103e+00
3.039933067649556175e-01 -1.589540188257380526e+00
1.535951427006300093e-02 -4.728519618937575553e-01
2.634985983533401632e-01 -4.154736411637953430e-02
-4.647851981381422304e-01 4.430297607954055694e-01
-1.196852150686561922e+00 -1.580893361277833753e+00
-6.661855897443343943e-01 2.549188367176123404e-01
-4.372183296678530673e-01 4.500098216333599591e-03
1.242356763721804924e+00 -6.706465666618578736e-02
-8.385865126878595463e-03 1.413112283469608044e-01
8.726330442075214133e-02 -1.421934512072959622e+00
-2.424704486094860778e-01 1.597406915899768798e+00
-4.745599578172836341e-02 -5.488302891716290155e-01
1.596300297729935203e+00 -1.338727484695878767e+00
-4.753943504744129883e-02 -4.884843313977744184e-01
-5.694933679913629643e-01 -1.049010185650135041e+00
2.214645406849678366e+00 -2.984694497100430777e-01
6.641025594451340774e-01 -5.191763435441925090e-01
1.053515048520710540e+00 3.512199968643121006e-01
4.511720340281922259e-01 -9.976475149517702867e-01
6.489348449976577449e-01 -2.759384497962262262e-01
-4.291184623138521448e-01 -4.481440099586674330e-01
7.561973582891263757e-01 7.841341365470450020e-01
5.886754257778294974e-01 2.076253391486584943e-02
-1.025047932167354875e-01 3.580299857709698941e-01
4.465138737879006392e-01 1.661317252231277186e-01
-4.286296160511772757e-01 -4.227048445493558071e-01
5.536974044348516033e-01 1.862400202427188234e-01
-2.184575942999859299e-01 -6.849937430073345102e-01
-1.219468336488346849e-01 -6.331001224446598519e-01
1.086671194964691500e-01 3.045760396056882424e-01
1.463320049054491756e-01 -1.679497900004210120e-01
-9.023126728942508779e-01 1.363162255981272830e-01
-1.475262588902776784e-01 -6.289387437600467701e-01
2.139748861959745785e+00 1.199189535647742465e-02
-4.924410689831397181e-01 -5.664375159090666578e-01
-7.400549202480707911e-02 2.101298563708903222e-02
2.467921634802607844e-01 2.269225489864771794e-01
-3.616670799979813111e-01 8.875690123199315995e-02
1.764062494092282440e+00 -5.143778341433713486e-02
