-3.132664316184952669e-01 -3.208461856088224429e-01
1.343026602938314495e-01 1.218237976670760864e-01
-4.260699475067522002e-01 3.032406893961334671e-01
-2.437148700037211277e-02 -1.144255712538883307e-01
-7.100219536956429989e-02 2.619417281047353545e-03
-2.730127483188412099e-02 1.251844979370434763e-01
-1.109852942509988782e+00 4.897388463524269819e-01
1.925329347325230867e-01 -8.212170651978313585e-02
-1.130223253168298192e-01 5.865660956038390994e-01
1.877600961305662675e-01 -3.429243713561015428e-01
2.924868013141403988e-01 2.195000673069696651e-01
4.206333648216422083e-01 -3.770817345121298125e-02
1.648666470227626857e-01 -2.430677019613989021e-01
1.605584365023489390e-01 -6.610061983219008841e-01
-2.701172755331582298e-01 -4.357813077003591662e-01
-2.019458865109046153e-01 4.538664525810145456e-01
6.664056135403125802e-01 7.300792537723093112e-01
-2.173349888235726723e+00 5.269010586390034057e+00
1.820788610397107085e-02 3.498516476788711138e-01
3.408434473209285276e-01 1.150116072028167791e-01
1.591709007560738465e-01 1.620162335260091346e-01
-7.953530755209566039e-02 -1.202320268665343916e-01
-6.718103908846644046e-02 -1.832981436826000010e-01
4.243535514556110444e-01 3.390805217127519922e-01
-1.952278294151417459e-01 2.867724227636502254e-01
1.927516319685218804e-01 1.482802950332997305e-01
-3.612342248681866264e-01 -5.418464975390534510e-01
-2.288112440544165516e-01 6.778481383137870964e-01
-8.298643387565757257e-01 2.125144222786135018e+00
-2.817767464181412246e-02 5.858735278211300163e-02
-1.118152065070563861e+00 -2.336048531473197132e-01
1.095340191482817166e-01 -7.589740092051501241e-01
-3.199002964501466983e-02 -3.358312768319878655e-02
-3.109823948945570349e-01 6.644847938100799656e-01
-3.899091633903027265e+00 -8.618506950908916275e-01
-1.450756679693901097e+00 5.619320659496853665e-01
1.339623997035836733e-01 7.383307625876008862e-01
-3.007961935422105437e+00 8.181192396244836573e-02
-1.305665783364771959e-01 3.251743613823904200e-01
3.611686380092497123e-02 -1.594230243751000864e-01
4.360354388299256256e-01 -3.014379137397955599e-01
3.974444825708396412e-01 3.040469361486370856e-02
-1.030555681474281338e+00 -4.919385567802764259e-01
5.602152594067306701e-01 5.008302350510116518e-01
-5.963308948046573299e+00 1.745458515042862535e-01
-1.336216873088802992e-01 -1.295013167250484432e-01
1.482088462502982318e-01 1.340108664426027663e-01
-1.265755249931405091e-01 -5.149420674171670820e-01
1.575847413961263821e-01 4.073756157486522200e-01
5.838839357207328135e-02 4.575259383805331259e-01
-1.872863432880094159e+00 2.136479299476315083e-02
-2.900770326174048619e-01 3.986697503374401208e-01
-6.860403063568394633e-03 -2.370729396079180040e-01
1.834275864185170579e-01 -1.911877259828834996e-01
-3.823604402348788955e+00 -4.549686956139202265e-01
-2.109939425811698521e-01 -4.819423218068207698e-02
7.305844824420293371e-02 7.904575930151640228e-02
2.702760226027557389e-01 3.958953834955372675e-01
-1.339809258362414601e+00 2.918353129923022260e-02
