7.450685677968921748e-04 4.477133309787767468e-01 2.109509681366738831e-01 5.117723263627966812e-01 8.635465953662808947e-02 -0.000000000000000000e+00 4.379340714808334090e-01 5.421232470210645138e-01 -0.000000000000000000e+00 -0.000000000000000000e+00
0.000000000000000000e+00 0.000000000000000000e+00 0.000000000000000000e+00 5.655678324198084583e-01 2.669988704362535326e-01 4.758070645420066636e-01 1.400256622146380248e-01 1.389743707601079157e-05 3.347576951016719704e-01 5.007817556062444941e-01
0.000000000000000000e+00 0.000000000000000000e+00 2.719838410598855449e-01 2.343579649854728997e-01 2.272220312697919020e-01 2.584078359212497733e-01 2.531877330411261978e-02 0.000000000000000000e+00 0.000000000000000000e+00 8.672114119455993642e-01
0.000000000000000000e+00 5.889300781961891440e-01 1.200736175160360547e-01 7.030368732984533693e-03 2.217945200082894475e-01 3.884183594941177375e-01 3.443689967387315032e-01 5.657231003549987314e-01 0.000000000000000000e+00 0.000000000000000000e+00
9.013524614559692560e-02 1.226669494257349446e-01 2.777093449932014346e-01 0.000000000000000000e+00 2.047753236411981870e-01 1.611262854723285662e-02 0.000000000000000000e+00 8.222273509885561493e-01 3.710090681685672132e-01 2.093033236149836052e-01
1.058891356428568603e-01 5.508090693346652245e-01 -0.000000000000000000e+00 3.599466218181862631e-01 5.223002212991828541e-02 4.306235411956964797e-04 6.029943773391566175e-01 3.210348587274956533e-01 -0.000000000000000000e+00 2.940094033598549816e-01
1.915399690649845499e-01 4.372423459737993512e-01 2.416864561594197769e-01 3.350473103473993186e-01 1.632333665422011984e-02 5.343918924738597642e-01 -0.000000000000000000e+00 -0.000000000000000000e+00 5.618019062041949008e-01 -0.000000000000000000e+00
3.970956193025161340e-01 0.000000000000000000e+00 0.000000000000000000e+00 0.000000000000000000e+00 0.000000000000000000e+00 6.370971549759966157e-01 1.095844244859887906e-01 2.796238459369780882e-01 5.853752384450864321e-01 5.966467263874287996e-02
2.799101758659401362e-01 9.904104332286156609e-02 1.942579100084105420e-02 8.531425277832418996e-02 5.941599532129158145e-01 0.000000000000000000e+00 5.391690567622744457e-01 4.522402009131601397e-01 1.382734739535838864e-01 1.918728938855688293e-01
9.304606111276951183e-03 6.875905336439273006e-03 0.000000000000000000e+00 6.164908352163014221e-04 2.675069515174072644e-03 1.797375237582353458e-01 5.780587743107465926e-01 2.275251767283365152e-03 7.372884957418321950e-01 2.996691232756796275e-01
2.033787061915786828e-02 3.337529570841986093e-01 2.091853795315708198e-01 7.260857042357905522e-01 3.031272357722362698e-01 0.000000000000000000e+00 8.915851200214122111e-05 4.613673724844065127e-01 2.815910276379831189e-06 1.117603701391005483e-01
1.119330797669935706e-01 -0.000000000000000000e+00 6.730197384091621826e-01 5.638356635849501863e-01 -0.000000000000000000e+00 -0.000000000000000000e+00 -0.000000000000000000e+00 -0.000000000000000000e+00 4.654068740670008197e-01 1.096998833476305621e-03
2.174674644172057136e-01 0.000000000000000000e+00 0.000000000000000000e+00 0.000000000000000000e+00 0.000000000000000000e+00 8.638375768802947219e-01 4.543169505763282046e-01 9.415471765054472808e-03 0.000000000000000000e+00 0.000000000000000000e+00
1.091907433998624971e-01 5.485672420585810949e-01 -0.000000000000000000e+00 4.241606165031294173e-01 3.289625279514349909e-01 8.113844848934233245e-02 5.788254367480736295e-01 -0.000000000000000000e+00 2.395839206993203019e-01 -0.000000000000000000e+00
7.962421925931647548e-01 3.659508436126412967e-01 3.122496268236291117e-01 9.349717976975843725e-02 1.083594116886398562e-01 0.000000000000000000e+00 2.091822818512326099e-01 5.165580942215999144e-02 2.601335943859933164e-01 0.000000000000000000e+00
-0.000000000000000000e+00 -0.000000000000000000e+00 4.891968751915418134e-01 4.734817185594261679e-01 -0.000000000000000000e+00 6.152110919409500278e-01 2.698941070851317847e-01 2.728524352401802133e-01 1.035640448702628974e-01 -0.000000000000000000e+00
8.651311209452523798e-02 0.000000000000000000e+00 2.802945770318179819e-01 1.068001827196803936e-05 3.545266339078625428e-01 8.310482569243683448e-01 0.000000000000000000e+00 3.093460426028828980e-01 4.384566985430066871e-02 1.635567823172762473e-03
-0.000000000000000000e+00 1.774534924325303631e-01 -0.000000000000000000e+00 3.762116446745006337e-01 5.498452504591982981e-01 6.153778288672895336e-01 1.878915362676985557e-01 -0.000000000000000000e+00 -0.000000000000000000e+00 3.326441872629246066e-01
2.296339737618626475e-01 7.797368192375275916e-04 2.719131377930647520e-01 8.639355451534613123e-03 5.415057779485679124e-01 5.194276588122141991e-01 4.518124043952537749e-01 -0.000000000000000000e+00 6.070827486307244685e-04 3.257112517737677515e-01
0.000000000000000000e+00 1.625946440956215211e-01 8.688366488361470852e-01 2.900692502092580474e-04 1.560614624977297582e-01 3.575502824632047494e-01 0.000000000000000000e+00 2.578518166601820316e-01 9.117505240387528383e-04 0.000000000000000000e+00
0.000000000000000000e+00 7.985979493951794739e-02 1.340083423038109234e-01 0.000000000000000000e+00 0.000000000000000000e+00 7.294274768559785294e-01 1.038556952656933402e-01 2.912753711649930799e-01 0.000000000000000000e+00 5.898918426849949492e-01
4.345216312760913913e-01 -0.000000000000000000e+00 5.817932124139088002e-01 2.281090216154967598e-01 -0.000000000000000000e+00 5.794413944814975626e-01 2.650029625921130338e-01 5.652064393864122960e-02 1.072308439138527358e-01 1.395457242217760943e-03
2.790568621452411135e-01 3.641579366144973018e-01 1.711859706409998017e-01 5.704050263774844698e-01 2.290128103289423289e-01 -0.000000000000000000e+00 4.884620105448655991e-01 2.094468085660050605e-02 3.786410589632958623e-01 -0.000000000000000000e+00
2.347842031248135453e-01 6.082248704384849436e-01 2.858566614294279495e-01 3.965477961119940886e-01 4.973749517033424494e-01 -0.000000000000000000e+00 2.968046282429594451e-01 2.235776218525780540e-02 -0.000000000000000000e+00 -0.000000000000000000e+00
6.109646198286969865e-01 4.134429151281511783e-01 2.806673583169015940e-01 5.348583006620745151e-01 1.670272958774197448e-04 -0.000000000000000000e+00 -0.000000000000000000e+00 1.120998093464810330e-03 3.015598396692747429e-01 -0.000000000000000000e+00
-0.000000000000000000e+00 2.660492826158457613e-01 -0.000000000000000000e+00 5.761072153618317371e-01 -0.000000000000000000e+00 6.123350905602295002e-01 1.362160832574277336e-01 4.514522911208127542e-01 -0.000000000000000000e+00 -0.000000000000000000e+00
2.126030962906713673e-01 4.765178262140242205e-01 0.000000000000000000e+00 8.058035869195387391e-03 0.000000000000000000e+00 8.415088736800482305e-01 0.000000000000000000e+00 1.088950576510817614e-01 1.271348652751039905e-03 8.757179006574396241e-02
0.000000000000000000e+00 7.285086874986135275e-02 3.682236138904038669e-01 4.939188170500087571e-02 3.897986642993617190e-01 1.046645962048439880e-05 5.271714021747689882e-01 0.000000000000000000e+00 2.853694834384580270e-01 5.876871063495973102e-01
0.000000000000000000e+00 1.581637266610560515e-05 2.960371178448646945e-01 0.000000000000000000e+00 0.000000000000000000e+00 7.717138395207350232e-01 1.567125025278073847e-01 0.000000000000000000e+00 2.655165585120581873e-01 4.709160468783134545e-01
6.048734481352270320e-01 1.856996213123201789e-01 4.433989955352384271e-01 3.478237316397839729e-01 0.000000000000000000e+00 4.322958734642614043e-01 1.509086497436698537e-01 3.613086011311786844e-06 0.000000000000000000e+00 2.690847488380528896e-01
4.846868373160961307e-01 1.110284776691162134e-03 -0.000000000000000000e+00 6.353238782320654865e-01 3.130921858822187098e-01 2.658118955971761066e-01 -0.000000000000000000e+00 4.383841468373884109e-01 2.403468012243702850e-02 -0.000000000000000000e+00
6.901721062076008380e-05 6.474957292230864025e-01 2.593916959204395356e-01 0.000000000000000000e+00 0.000000000000000000e+00 2.116245094824229789e-01 5.121778132745957723e-02 4.460032632703692657e-01 5.168533242104299541e-01 8.719111380957584147e-04
0.000000000000000000e+00 0.000000000000000000e+00 5.250275324317920100e-01 2.069824525483676680e-02 2.810667243408738192e-01 3.201014190249225622e-01 1.057488700693549472e-01 4.213480777300653290e-01 4.734916609806157362e-01 3.599206463826818414e-01
1.298146845671037386e-01 -0.000000000000000000e+00 -0.000000000000000000e+00 6.369777299158762007e-01 6.153331440942053643e-01 1.592402049589943525e-01 -0.000000000000000000e+00 -0.000000000000000000e+00 4.164315047708543882e-01 -0.000000000000000000e+00
4.918645307622084850e-01 1.179000733584915017e-04 3.706522761978777586e-02 3.628247560207152889e-01 4.292844103273582013e-01 -0.000000000000000000e+00 3.842059463425856469e-01 -0.000000000000000000e+00 3.681459431991929154e-01 3.970174872074456740e-01
2.334678966091981722e-01 2.168516877989727920e-01 3.473872975639210603e-01 5.126754152799397612e-01 1.479357261770554155e-01 6.006683544662791974e-01 -0.000000000000000000e+00 6.831548239165423364e-02 3.572108824479256484e-01 -0.000000000000000000e+00
1.963874453372342899e-01 4.197330732830135691e-01 0.000000000000000000e+00 4.415428805580774718e-02 4.851009665193476983e-01 4.893753606584708704e-01 0.000000000000000000e+00 1.495982949031305076e-01 1.944980703878994549e-04 5.348977830834215075e-01
1.013467428682812872e-02 3.856098785225612890e-01 0.000000000000000000e+00 2.604226364381125261e-05 1.760024390654892634e-01 4.508285210452926406e-01 7.725330773350059799e-01 1.187398290461404438e-01 7.792684236659387642e-02 0.000000000000000000e+00
3.045014850318805699e-01 4.029769989483283216e-02 0.000000000000000000e+00 1.914378625736637418e-01 2.422162714121071092e-01 9.911888674719344927e-02 0.000000000000000000e+00 2.237028042629315427e-01 6.801567724523757685e-02 8.636226797258038657e-01
6.233172070579030555e-01 0.000000000000000000e+00 5.101275963698361782e-01 2.270013532513724397e-01 4.144472922049358687e-01 4.063278968400269400e-04 1.229798878822231378e-01 7.111176857234823359e-03 0.000000000000000000e+00 3.358192008377898774e-01
5.225077157296674768e-01 -0.000000000000000000e+00 -0.000000000000000000e+00 2.544210634151565786e-01 5.968245968277783309e-01 2.268476661295980579e-01 4.674844583024471145e-01 1.898800351070328851e-01 -0.000000000000000000e+00 -0.000000000000000000e+00
4.346431449653519706e-04 0.000000000000000000e+00 0.000000000000000000e+00 7.016948163087493029e-01 0.000000000000000000e+00 2.196299303049892848e-01 6.568524902657699727e-01 1.225076638370654336e-01 1.136818714564201277e-01 0.000000000000000000e+00
0.000000000000000000e+00 7.362073969308788879e-01 6.606465233626814815e-01 0.000000000000000000e+00 0.000000000000000000e+00 8.235559059796357384e-02 0.000000000000000000e+00 1.215006031685522819e-01 0.000000000000000000e+00 0.000000000000000000e+00
2.939005059890017479e-01 2.704921966098757236e-01 -0.000000000000000000e+00 4.404292228937752851e-01 -0.000000000000000000e+00 7.178350989253883263e-01 2.664973748411147425e-01 -0.000000000000000000e+00 -0.000000000000000000e+00 2.452967258797612848e-01
-0.000000000000000000e+00 3.693807309971179342e-01 4.695464881473423446e-01 8.519545941789801423e-04 -0.000000000000000000e+00 6.968153323954242584e-01 3.866333275574790340e-01 4.031687981942959353e-02 6.403541615175351032e-02 4.816972545370162145e-02
2.170380266812444447e-01 2.191528022335520465e-03 6.787906681192629188e-02 2.118291898647419458e-01 0.000000000000000000e+00 2.738256523912124818e-01 0.000000000000000000e+00 2.740667761457407300e-02 9.097685996471220893e-01 0.000000000000000000e+00
4.647126653854766198e-01 3.858036475793346076e-01 1.744733190922818228e-02 3.949620025743625917e-01 2.590923693521194893e-01 6.118382133870059469e-01 1.874193034257397861e-01 0.000000000000000000e+00 0.000000000000000000e+00 4.793162591460113642e-02
-0.000000000000000000e+00 -0.000000000000000000e+00 -0.000000000000000000e+00 6.026049719165061935e-01 3.662354241867813442e-01 -0.000000000000000000e+00 4.078114904391325068e-01 3.598910023526391000e-01 2.803029059574256299e-01 3.582420934165665982e-01
2.316016348916040135e-01 -0.000000000000000000e+00 -0.000000000000000000e+00 6.919694599401045032e-01 2.964123183519401517e-01 4.986270890993417804e-01 2.524502627300689861e-02 2.462675211252278173e-01 2.641300994937758051e-01 -0.000000000000000000e+00
4.268090178837097848e-01 -0.000000000000000000e+00 6.245653666160034811e-01 5.344400183511928137e-01 -0.000000000000000000e+00 1.146874333473659469e-01 2.116351738443428276e-01 -0.000000000000000000e+00 2.807435747571591644e-01 7.325587292754492941e-02
2.296426728342316158e-04 4.703138264937955504e-01 5.500293179717963277e-01 4.678889724797244409e-01 4.104940322860003432e-01 9.073321838369311442e-05 0.000000000000000000e+00 0.000000000000000000e+00 2.980723888543592159e-01 5.388946184905106724e-05
0.000000000000000000e+00 0.000000000000000000e+00 2.335363222112489812e-01 5.926807431278818816e-01 2.818667616099713724e-01 5.310892641996088903e-01 4.817546805197507886e-01 0.000000000000000000e+00 2.445552866253431976e-02 0.000000000000000000e+00
5.992378340072536114e-01 -0.000000000000000000e+00 -0.000000000000000000e+00 1.475870739813165133e-01 2.826125870463778722e-01 -0.000000000000000000e+00 4.354947043633562026e-02 2.760496758492396174e-01 6.013705720177499048e-01 3.154610193513149308e-01
3.660835072474373161e-04 6.239497069269904772e-01 2.495992690312325013e-01 -0.000000000000000000e+00 2.960728066741831754e-01 3.652906716751019855e-01 5.720930433091795386e-01 -0.000000000000000000e+00 4.732999834009201946e-05 -0.000000000000000000e+00
2.151575450290031666e-01 5.419127026781279249e-02 -0.000000000000000000e+00 1.453064412327317589e-01 5.947466084095789363e-01 1.584625181872583166e-01 -0.000000000000000000e+00 3.918418559267962120e-01 -0.000000000000000000e+00 6.303036071918292071e-01
4.324310164425945180e-01 1.180075990849965978e-01 -0.000000000000000000e+00 -0.000000000000000000e+00 2.774925341262166840e-05 6.979046604175953572e-01 -0.000000000000000000e+00 -0.000000000000000000e+00 5.585756052442667485e-01 -0.000000000000000000e+00
6.704311821969147767e-01 4.041191251313449584e-01 4.586374480485386207e-01 4.174801261281200215e-01 -0.000000000000000000e+00 -0.000000000000000000e+00 1.511317679642102882e-03 -0.000000000000000000e+00 -0.000000000000000000e+00 5.069037478227913368e-02
3.110493741800531287e-01 9.843924830436739937e-02 4.367028912225685011e-01 -0.000000000000000000e+00 5.424809709813307158e-06 6.088203539446489510e-01 1.643865558328612791e-05 5.763561068629247108e-01 -0.000000000000000000e+00 2.044957318841639503e-05
5.859584367967333174e-01 3.380174274813443347e-01 -0.000000000000000000e+00 5.796254603514133796e-01 1.138348454212769617e-01 7.123163010682399821e-02 6.119425336639260776e-02 3.088759325025017821e-01 -0.000000000000000000e+00 2.987471494322799237e-01
5.946138509546137207e-01 0.000000000000000000e+00 3.629412333030341949e-08 2.906057523260245357e-01 3.374328117846766562e-01 5.776739683412440707e-01 1.275855270973501876e-01 0.000000000000000000e+00 1.477344266994556621e-01 2.762444954075815584e-01
2.841624345029026277e-01 2.873442217996441048e-02 -0.000000000000000000e+00 -0.000000000000000000e+00 6.326338588944407926e-01 2.045446318127904506e-01 3.897630985654523261e-01 2.341917266028432643e-01 -0.000000000000000000e+00 5.192310662544208366e-01
1.340063698392003344e-01 3.932405976938067593e-01 4.224577673091249319e-01 1.667333778693844137e-01 5.291318783353436972e-01 5.572984261429196895e-01 1.008549470949040780e-02 0.000000000000000000e+00 0.000000000000000000e+00 1.745558450948927476e-01
4.397745426708170036e-01 6.707987877385589437e-01 0.000000000000000000e+00 3.563925341379439171e-01 0.000000000000000000e+00 0.000000000000000000e+00 1.789786068621631622e-04 0.000000000000000000e+00 4.099844515710288628e-01 2.480411599604976369e-01
4.472005150664336015e-01 2.894353292905073038e-01 5.362317443865952660e-01 5.359067995231187043e-01 4.886179983490248702e-04 7.588293437049031809e-03 3.760857443123494237e-01 -0.000000000000000000e+00 -0.000000000000000000e+00 -0.000000000000000000e+00
0.000000000000000000e+00 5.934164207883148023e-01 2.282881556748705409e-01 7.290369511478462551e-03 2.291609575000762844e-01 1.104118209981770626e-01 5.646141428411199231e-02 4.991113663718668714e-01 0.000000000000000000e+00 5.279041182134295296e-01
3.808122184742498417e-01 -0.000000000000000000e+00 3.698379085339870490e-03 3.589398401843780784e-01 4.154932948485946646e-04 4.418814718150889109e-01 5.901848761719106218e-01 -0.000000000000000000e+00 4.272598188950670894e-01 1.420812735065194289e-03
0.000000000000000000e+00 7.286268785210215926e-01 0.000000000000000000e+00 5.852351967689750634e-01 0.000000000000000000e+00 1.191790342602331160e-01 0.000000000000000000e+00 0.000000000000000000e+00 3.352595921853535055e-01 0.000000000000000000e+00
2.665704847362552754e-01 5.643538253576884101e-01 3.837549008589296595e-01 3.862228201358681307e-02 -0.000000000000000000e+00 5.024663557490063326e-01 8.609872482491320866e-02 -0.000000000000000000e+00 4.492215520144539620e-01 -0.000000000000000000e+00
0.000000000000000000e+00 0.000000000000000000e+00 1.001714033149262405e-02 0.000000000000000000e+00 1.300833113130377416e-01 0.000000000000000000e+00 9.056663813006522457e-01 1.323576264066810525e-02 1.120308265204927600e-01 3.873245451758141611e-01
-0.000000000000000000e+00 2.743675598997638021e-01 -0.000000000000000000e+00 3.148461177625456412e-03 3.438642504137838507e-02 3.627066044293246992e-03 5.717479205822774135e-01 2.781220374128303696e-01 3.525466264938003635e-01 6.284745589080479311e-01
-0.000000000000000000e+00 1.447616489349200334e-05 2.593544058986534950e-01 4.891630596414937582e-01 6.561945589471328277e-02 2.832230217142071571e-01 2.877415234153478107e-01 4.314499471476638259e-01 5.830860646607992637e-01 -0.000000000000000000e+00
0.000000000000000000e+00 0.000000000000000000e+00 3.245965273120551831e-01 0.000000000000000000e+00 7.512023474136038104e-01 4.572744545254577853e-01 1.619915116674779665e-01 0.000000000000000000e+00 2.707621532139553588e-01 1.472372489226773939e-01
1.560243407303276708e-01 -0.000000000000000000e+00 -0.000000000000000000e+00 6.639334186060225074e-01 4.478965090840820173e-01 1.213052455970761636e-03 4.027195166660866299e-01 2.066202817938922187e-01 3.596680637703225103e-01 1.905706947073442293e-05
1.311360987649235442e-02 5.532942754717216083e-01 2.830969312780938218e-01 3.302715179870730489e-01 2.432653777969831788e-01 2.213925897493748864e-07 2.407920221823100226e-01 0.000000000000000000e+00 1.056464642613449555e-04 6.223435359438478365e-01
6.702348628622544213e-01 -0.000000000000000000e+00 1.477133405591591619e-01 5.025059925666764959e-01 -0.000000000000000000e+00 3.810974024582544084e-01 2.995786810336665829e-01 2.036442434686485115e-01 3.617612882303034428e-04 -0.000000000000000000e+00
6.317311509941258008e-01 7.018476649191306236e-04 5.219804091332128637e-01 -0.000000000000000000e+00 2.257503444366056322e-01 4.371045191012081776e-01 1.139196409674544525e-01 -0.000000000000000000e+00 2.275003422375665718e-01 1.472889806004093194e-01
0.000000000000000000e+00 1.082553979532567406e-01 0.000000000000000000e+00 9.844443798272435320e-01 0.000000000000000000e+00 2.828443897873321108e-02 0.000000000000000000e+00 9.925267422387076821e-02 0.000000000000000000e+00 9.218963613988552519e-02
0.000000000000000000e+00 0.000000000000000000e+00 2.758504480223173960e-01 3.333203308613014171e-01 7.694061338727576915e-01 2.518290487795566898e-02 3.891276993592597544e-02 1.438169955948055967e-01 0.000000000000000000e+00 4.449568270464906439e-01
5.754663567887638997e-01 1.892666066673126257e-01 3.384432629955591021e-01 4.116655181059093449e-01 1.224986114436828477e-01 4.643359586204516276e-01 -0.000000000000000000e+00 3.217509566380423736e-01 -0.000000000000000000e+00 1.219295385430477496e-01
2.942225105960580289e-01 3.654378979463066002e-01 4.207290993909936216e-01 -0.000000000000000000e+00 -0.000000000000000000e+00 3.261416194735158314e-01 4.818292739545498304e-01 -0.000000000000000000e+00 2.744207517274974695e-01 4.347881412340036111e-01
