1.352862565119886451e+00
-2.951854680405320286e-01
2.106337487644885709e+00
7.018199892603303736e-02
1.455486897510795075e+00
2.807646974495357828e+00
1.707622452258523493e+00
1.631635152923545773e+00
1.644616992930323374e+00
2.564373469608368872e+00
9.995595432680519643e-01
2.310762792515116626e+00
5.878165638446691821e-01
1.367326879884143365e+00
1.401486027700560966e+00
-4.102364919397142318e-01
4.572817486112435326e+00
1.093021309520226386e-01
1.392966702586292183e+00
9.038142273813337679e-01
5.794359877260608638e-01
-1.571503943401084680e-01
2.143401986814773785e+00
-1.249475344717714043e+00
1.222093197114576313e+00
8.974492439252260700e-01
-5.162521721092321915e-03
-3.962180747325921293e-01
1.795186931689302767e+00
2.605493498532878913e-02
2.559857763349118187e+00
-5.020375418426402669e-01
2.109372991012420151e+00
1.493065129062450369e+00
1.885776425391620936e+00
2.460635255589605830e+00
1.226480036205286117e+00
7.783341122092314324e-01
3.596680701435410299e+00
4.760961071703425640e-01
2.185210391791306606e+00
-3.391331256288502294e-01
3.815183957986389984e+00
9.744487558329022470e-01
2.615962674554396017e+00
1.876861024919102450e+00
-3.763496399319737340e-01
2.225558549358913840e+00
-6.407690608876710492e-01
1.694290933503048935e+00
4.351393223178034120e+00
4.299010596669111450e+00
-2.366926328043047686e-02
7.272875818524588976e-01
2.406460123581544597e+00
3.590281359851368759e+00
9.819341705350806970e-01
1.161073617414631887e+00
3.997728528342455512e+00
2.422522805064515339e+00
4.447363308005559013e+00
2.923012915307831583e-01
3.738806147141241487e-01
1.215715872515183565e-01
1.039916494306379224e+00
3.293161865635015229e+00
-1.356287752017596659e+00
2.223283420381418463e+00
1.450007913098034118e+00
4.593940815796278443e+00
2.430505476865046255e+00
7.144034878482010686e-01
1.368606793569932201e+00
3.924800318161440149e+00
6.003082362861065224e-01
-1.273332284893269106e+00
6.978936426219674027e-01
1.621112845671616620e+00
4.200211697639092967e-01
1.807106151524040527e+00
1.723916994203895880e+00
1.386501683071281521e+00
1.579891305625824305e-01
1.320991647090478560e+00
4.423903496896789633e+00
8.896845192085610643e-01
2.617701643766924935e+00
1.149697501714665115e+00
8.451952697731139885e-01
3.348519995517295733e+00
4.161280179493875409e+00
2.692062818968668392e+00
-3.060249824771189564e-01
1.567303030796042940e+00
4.768249221298248575e-02
3.584743367656058610e-01
-1.889498600324157340e-01
9.200806805011920719e-01
1.005768975434384371e+00
1.928693228672780702e+00
7.917586066412782841e-01
2.078287502888938043e+00
2.954957110817332921e+00
3.309521909273679174e+00
4.379953672609836701e+00
1.055801652071968633e+00
1.900647591323118890e+00
1.725053914688122525e+00
1.052881733772019546e+00
3.970431161234140305e+00
1.726095101673262189e+00
-8.376116117807436146e-01
1.233944378766495431e+00
4.313944647188400872e+00
2.951482368663450373e+00
2.340089629583653075e+00
5.500901343714516001e-01
3.047333453876210907e+00
2.441928021081241962e+00
1.038503919365225237e+00
1.594979397549417532e+00
3.485369506509516491e+00
1.332822753585716002e+00
2.406376849488190750e+00
9.812203094351936231e-03
2.104494264365749934e-01
-1.147990447505145228e+00
2.377995720638441668e+00
1.966388182186301847e+00
-3.526470979372715031e-01
3.811363286627203473e-01
-3.202959741548936923e-01
1.368522400333325839e+00
-3.571223763772592985e-01
9.929835229458078283e-01
9.379134252732178600e-01
2.008005236030462548e+00
1.456779463551574061e+00
3.913126460974800658e-01
4.293314281681745115e+00
2.452550900992785277e+00
1.481873548506143390e+00
2.924535668327376547e-01
1.029880482738128600e-01
1.433732902031033207e+00
1.417788167395284571e+00
3.461029286798780191e+00
3.958124949361365275e+00
8.412963460103130009e-01
4.182073906706152977e-01
3.134514803992872745e-01
6.713123178739611729e-01
4.040293861913900386e+00
1.975887255017694688e+00
1.470043928124456611e+00
3.713854273785907267e+00
1.989056780539724345e+00
4.033001924443962771e+00
1.706229147101375743e+00
1.927737718593218297e+00
1.294485950456733647e+00
1.123584205160205185e+00
-5.097763460088421406e-01
2.967983897298147600e-01
1.478978102926622240e+00
9.348884308057668902e-01
1.753222678491269448e+00
1.427647665219146766e+00
1.626267320699891883e+00
5.015979267323452007e+00
4.762376023582478579e-01
1.765163945965842807e+00
1.041066199394377945e+00
3.323922150961803462e-02
1.876428113893156668e+00
1.297363289256426411e+00
2.195064142761308457e+00
3.907698601702772390e+00
-1.134093477536023631e+00
1.552344634659180267e+00
1.644273812796576584e+00
-2.840737834764078817e-01
-1.039913824416598409e-01
7.984527442717329615e-01
-1.027399581931126155e-01
-2.283939594052105948e-01
9.034804869946450046e-01
3.633262857353699582e-01
2.496058449747413199e+00
4.835590749932215715e+00
1.420310079676373016e+00
1.456908332667250505e+00
-5.008034104723951135e-02
3.275551581219992014e-01
1.287478120204075038e+00
1.622473038088809716e+00
2.491626670705485491e+00
2.267691716869296048e+00
5.016492491815780497e-01
-4.203309201380278082e-01
-1.779293242711509626e-01
4.564546734495538161e+00
1.737924737209646464e+00
8.906800803010000989e-01
1.980842425536538887e+00
1.606600782177602937e+00
1.421641202660691716e+00
1.046395186869116367e+00
-8.306689693092825788e-01
3.798517366189701150e+00
3.373185351806823329e-02
4.847153806645998486e+00
1.189685886181087060e+00
2.469284938815170971e+00
1.343583232660984006e+00
4.925233686803328070e-01
4.369174593487866964e+00
