2.443275784334374201e+00
1.790820022765693409e+00
2.572038352735996902e+00
2.349492157392168323e+00
2.654768741689245370e+00
2.630242460944531402e+00
2.482458610449109315e+00
3.452236608732095924e+00
1.809937935405030007e+00
3.278086278933587394e+00
1.921494101207825933e+00
3.204903087716796772e+00
2.255614799798786763e+00
2.271985308840497986e+00
3.454307098934607634e+00
2.717263042179106858e+00
2.819145565192096026e+00
3.174529409063441499e+00
2.691877469732615324e+00
2.788249828186442070e+00
2.142695535643981408e+00
1.560730225617886768e+00
3.438531088738124186e+00
2.886295693951095309e+00
2.573475047629790513e+00
3.477975677577610281e+00
2.432711768334137936e+00
3.932264689768569355e+00
2.055677030716199116e+00
1.676378645409933421e+00
2.502530011102934271e+00
1.926326534923056277e+00
2.629225349083488705e+00
1.679262945285276309e+00
2.264524324330097649e+00
1.039888265871510065e+00
1.778075750685959688e+00
1.815236371806043802e+00
2.961891875318147793e+00
3.016334603144728899e+00
1.738586023899847621e+00
2.197894892458344795e+00
2.398785335234847604e+00
1.142761407964674181e+00
3.534815056414863932e+00
1.524206499187761743e+00
3.543160323607122741e+00
1.401873919882099973e+00
3.140677403601577655e+00
1.495986193919887963e+00
3.869046270081485162e+00
1.911008948825690723e+00
3.247967064744003540e+00
2.075019702962652701e+00
1.536911806220811139e+00
1.773079054331989646e+00
1.821088400193813461e+00
1.661079920820499378e+00
1.777156630565833062e+00
2.671322337168810623e+00
1.370554871778931760e+00
3.654151416442100064e+00
2.827177926127241392e+00
3.977499152359244228e+00
2.752615013734850624e+00
3.281758096195709129e+00
2.184803517402901907e+00
1.105634945946134318e+00
2.206783431269257800e+00
2.631565632300900681e+00
1.739705919650662791e+00
2.200609778652045101e+00
2.448013993439105640e+00
1.705073896334398542e+00
2.887808347389209995e+00
2.543526937118053333e+00
2.779998318512666877e+00
2.605062450672121610e+00
1.785998420590259483e+00
3.608841884410164624e+00
