-6.209363379447386810e-01
8.202849013556611224e-01
1.554612011402684846e-01
-1.258574981800358594e-01
5.021489158007114151e-01
-2.454830831667774993e-01
-3.391180849936774599e-01
3.713024926045463414e-02
1.191592674590455925e+00
7.163779090399833294e-01
-4.924522183400250053e-01
5.426521764380353163e-01
-9.108679226550571162e-01
8.520159653376724318e-02
7.412400311118075846e-01
-8.376185971869009039e-01
-1.748845021611901140e-01
7.754830382158423019e-01
4.301362693618665523e-01
6.415342284410640028e-01
-1.954627971162499755e-01
-9.864451622114234208e-02
3.130286405262974747e-01
-1.013554658054795360e-01
9.279763609842189842e-01
-8.339315542350156374e-01
4.995733081926538866e-01
7.556948183205912661e-01
6.383106103423120681e-01
-2.916783039101456532e-01
-1.477021352253505941e-02
-4.082662315788718188e-01
1.220908488526570856e+00
-1.529830717233251203e-01
9.230805209998205196e-02
5.456516114574386789e-01
-5.728088303147972349e-01
6.624700623780979680e-02
7.542229389139819273e-02
5.682944478234566166e-01
-5.481644668812960530e-01
-2.063519469689722163e-01
-1.625205503182029221e-01
-1.162000505819907881e+00
-2.241249414300624521e-01
6.747207363103882027e-01
8.325637512758196079e-01
-2.691325654937082867e-01
3.099738394172885103e-01
-2.703196296782279240e-01
-1.127915820769349597e+00
3.890503399687010311e-01
-1.359203005370317741e-01
2.054265202952371139e-01
1.358130348053666614e-01
1.880305254476853372e-01
-6.758212942976447035e-01
2.358373985458240424e-02
-3.195402013621641557e-01
2.523277099743739815e-01
4.155044474899368678e-01
-4.792066201995072716e-01
-1.998978067192093144e-01
3.729695526458447208e-02
6.574140484977828436e-01
8.788699169824167878e-01
2.372597984377300753e-02
5.043885697875738483e-01
-2.366907262385062674e-02
4.798514984243031356e-01
-7.335012789266913413e-02
5.408941468024319743e-01
-2.028503070818263310e-01
-2.514120303700502213e-01
-2.101326835130265525e-01
4.747437735344441356e-01
-9.058204743346539578e-01
2.550173175374881862e-01
-6.545033272588979267e-01
4.118692893437449487e-01
