3.408250745235583690e-01 1.549784726727986506e+00
3.787996663584206614e-01 9.089426645951741435e-01
1.891005367733330056e+00 2.318592467046040273e+00
1.063108624100624677e+00 4.414447691921307149e-01
3.531796451643571810e-01 2.521667319330373580e+00
6.246498117955473495e-01 1.018959906871885313e+00
1.105551238591057778e-02 9.262265602014473354e-01
1.222518215357978111e+00 1.047724236132236086e+00
2.195478210127452812e-01 1.579574045733511456e+00
7.321274642450696923e-01 1.100640077491195079e+00
1.900050306901343466e+00 4.650503945030077906e-03
1.123595180771435498e+00 5.747136119674858268e-01
1.169370328856291996e+00 4.498871922004313295e-01
7.779498478173400011e-01 1.042697739243260563e-01
2.103112734120002603e-01 6.971956114039485897e-01
1.984818821994364935e-02 1.705562533516256085e+00
1.140739901871274720e+00 5.093045294630418329e-01
1.719495961806940976e+00 5.761625392178817417e-01
3.847330947956385198e-03 1.357016358840861470e+00
7.228842695006381103e-01 1.089449225068742866e+00
6.708619811244059816e-01 1.746853469535208703e+00
9.900554901550561171e-01 2.238593328728626819e+00
1.273872792357046493e-02 1.515906323593246841e+00
6.284682804039692927e-01 1.343228827586448570e+00
2.208783918006173685e+00 1.061009597451878950e+00
1.914076789530390288e+00 1.849982066004386638e+00
4.140087657243307628e-02 6.861177065677045439e-01
1.099734937566533732e+00 2.085086360952825846e+00
8.434179682465616779e-01 1.204696769060822792e+00
7.516971648757932688e-03 1.194599532933306563e+00
2.646547038850792233e-01 8.059154006408356663e-01
7.796420893700035659e-01 7.540527206437467322e-01
8.347852854451065507e-02 8.745033769196398632e-01
9.604651547641248621e-01 1.518358322057284271e+00
1.706964346427580548e+00 7.985487181888847180e-03
1.576596551739249064e+00 4.468395040058851797e-01
1.017196584585285460e-02 5.226801736492215911e-01
1.620972268256752447e+00 1.491600702351855601e+00
1.462587321936055229e+00 5.461142713662281434e-01
2.011759775348863410e+00 1.287706434457889459e+00
1.312443865428690737e+00 1.747104303001544068e+00
5.649165020151041272e-01 8.564791827974952421e-01
3.383263031678607646e+00 1.823098372051402682e+00
1.961498760015797149e+00 1.381382712240264432e+00
8.597783120530076983e-01 9.898114478509998371e-01
1.880827063694782586e+00 5.994010021713810366e-01
7.635690245326842707e-03 1.318977995564009964e+00
5.084776869994599435e-01 1.424936874742153359e+00
7.288897954440848315e-01 9.744554985995858634e-03
1.020655068534782883e-02 4.821839045805090262e-01
6.246145694128748538e-01 1.464279887873169532e-02
6.584191323551733532e-01 8.548118343330876057e-01
5.907582440402032731e-01 1.547680319095468437e+00
7.433162096832167665e-01 6.230087822262153630e-01
1.596983732130802802e-01 7.632894359226768399e-01
1.335824194398784748e+00 8.691852073072112717e-01
5.730537667156667681e-01 3.342252336001894086e-01
4.845133875746551050e-02 8.424054186071477934e-01
6.741348001549186675e-01 7.430561483108111915e-04
1.313880899234616484e+00 1.704679348059909005e-01
1.321088146081652814e+00 1.259387639608711140e+00
8.508909846404510979e-01 6.607782407019607840e-01
1.080136316724711776e+00 1.811632126370913864e+00
1.679140607293073240e+00 2.033433156727399549e+00
3.817226937108810642e-03 1.140621125975580075e+00
7.866961738059619069e-01 3.242764612797582879e-01
1.712847111055932015e+00 1.061068828702797229e-01
4.624447674965196931e-01 1.854867347867886207e-02
5.043588700465732183e-03 9.590618605147342712e-02
1.769809672878595252e+00 4.410019248636450895e-01
6.596884410642191998e-01 1.007112932878371669e+00
4.059989353287044023e-01 2.196442985861421171e+00
1.419962852727816527e+00 1.208774970745167820e+00
1.996002720249847373e+00 6.935321816541082374e-01
9.140821014627232843e-01 7.019519992310805367e-01
1.007528365212232435e+00 7.619295522631332196e-02
3.370642058642121519e-01 7.757734804169132831e-03
6.605940598265015451e-01 1.045041300040771670e+00
2.534042687984662257e-01 4.504780690985739633e-01
1.131093297208159321e+00 6.672381221863830092e-01
1.788952049304905478e-01 1.604638371033745639e-02
