1.510039352323465867e+00 1.371946304801840544e+00 2.733858338769544094e+00
5.769822057806458515e-01 1.008586773058443908e+00 1.252285833215989630e+00
8.682476868306501228e-01 9.150322592075096351e-01 2.256764337901208783e+00
5.957979569468000447e-01 9.991729762142905757e-01 1.038012731674831768e+00
5.007166158112993579e-03 1.252397066207334140e-04 1.357855270559393812e+00
1.818525891213393475e+00 1.058952573664208030e+00 5.092189295700351170e-01
1.883353980251128323e+00 1.431228821583453992e-01 1.542724011064543710e+00
9.482699775405342146e-01 8.241947707129891887e-01 1.454140395100155143e-02
6.217331913178519853e-01 1.274614795794847162e-02 1.438674669180702859e+00
1.353404210898075805e-02 5.600153342479217145e-01 9.174302109359540325e-02
8.232126540433086781e-01 1.322005596879435529e+00 1.396028543466733794e-02
6.064799473427430199e-01 1.382057131060238087e+00 7.945042196066939844e-03
4.494796071131367809e-01 8.920563169431403594e-01 8.289823045820968739e-01
1.251111203134888994e+00 5.038691883555026507e-01 8.794797710882425873e-03
1.906154519596976460e+00 1.232617850513306967e+00 1.083461302636854695e+00
1.130192622836229788e+00 9.545995950102103000e-01 3.732022972624646773e-01
1.829711967042467122e-02 1.317219692083794635e+00 1.385263157404507783e+00
8.052044073323367801e-01 1.414031454533379639e+00 6.044465480413887398e-02
3.471331312137609926e-01 6.360024206326420071e-02 8.619170751819087428e-01
1.949225053313635492e+00 1.852029095547267079e-01 7.796988628607129934e-01
1.008103022369221557e+00 3.214523896779179074e-03 1.335354923982601250e+00
1.263858331654169609e+00 1.762563248722956721e-01 1.483784495362449718e+00
6.108339181347853808e-01 1.289004542442311399e-03 7.950712892189766290e-01
1.137686429690688783e+00 1.437265845147039922e-01 5.395862107199045354e-01
1.450930113727449289e+00 4.159075487866155107e-01 1.223351818265939160e-02
1.563222418422166235e-02 1.346499042673862778e+00 3.329703991413653363e-01
1.674494771482648359e+00 9.025536821387171171e-01 7.371400794100269049e-01
1.655609600262014203e+00 7.982661443546248958e-02 1.828632244613192848e+00
1.124629854301481546e-01 1.953227610586661389e-01 6.831262173820313865e-01
1.801415173237787437e+00 2.806764451019110318e-01 1.729405935653459236e+00
1.239251778518670299e+00 9.406426046474518632e-01 1.095818994725271889e+00
9.989141030468579041e-01 5.221237124076766323e-01 1.521911491538279648e+00
1.717508878940329442e+00 5.795095630348135775e-03 7.964895942884617774e-01
4.084027886484787873e-01 8.298887336507173584e-01 1.393032224729555235e+00
7.101193638967499000e-01 1.709585138530016923e+00 6.928359744860503877e-01
1.114440747018043298e+00 1.294258787650255371e+00 3.620377390801421957e-01
1.209052103026144298e+00 3.184158864506134862e-02 6.827380080587996947e-02
8.574091063560325132e-01 7.888385020726939034e-01 6.766816259400313394e-01
1.650837812977048666e-02 8.310268884684758328e-01 1.147320309754298995e+00
2.268275894347588473e+00 2.252780635139643550e+00 1.438528154744092680e+00
1.507040036222665691e+00 1.625168684509768813e+00 2.706930647977155324e+00
1.010286292429201538e+00 1.155956006114678747e+00 9.540061030442436030e-01
1.472888029621290507e+00 8.772678576516073079e-01 3.029320537888923748e-01
8.794799021321656959e-03 1.478804244735171247e+00 1.276489278563175178e+00
2.640880808642989686e-01 1.629575115647076411e-02 6.035548992595457518e-01
1.203226738262534345e+00 8.334325578990924299e-01 8.764861676343442820e-01
7.100599057236241761e-03 1.104016655697496407e+00 2.604930983403885403e+00
9.673907573427864559e-01 4.498890136806802525e-02 1.579622680180957417e+00
7.384164149754253170e-01 1.472938992769303068e+00 1.419333041785257599e-02
1.145505657176488015e-02 2.940517443708085210e+00 2.591230800941020984e+00
1.477863236608299366e-02 1.968746532032128238e+00 7.745526168291155811e-01
7.253941691448736462e-01 1.175642241804468746e+00 5.536226858923537497e-01
2.837695792336382694e-01 1.181636218920697340e-02 8.880424408633638134e-01
9.174671421851580272e-03 3.031175908243353145e-01 1.043995570554873353e+00
1.198991943567738333e-01 4.326308411412865818e-01 5.199771934733050660e-01
9.071789267694816417e-01 4.021308543911089606e-02 1.010495087960892741e-01
1.677954120782107206e-01 1.247645766271844980e+00 1.905553600824738680e+00
1.012503549006270376e+00 8.460903428927580849e-01 1.349981045335798324e+00
6.143758858377359675e-03 1.258905360152599018e+00 1.550434379255723194e-02
1.756169310454956944e+00 3.457768496194927876e-01 1.001786632620499384e+00
4.568526657287977910e-01 1.101705657327588295e+00 6.704990126021150854e-01
1.293780794672881207e+00 1.100469510212803259e+00 9.077421977863306957e-01
2.335361749057833336e+00 2.147942612241656946e+00 5.562857534662337677e-01
1.207779578887546723e+00 1.756144718760256906e-01 3.241366892940533012e-03
1.885794634693183092e+00 1.672605961266830255e+00 1.591489947998652621e+00
3.309398004685759620e-02 1.013750906771191618e+00 1.179149996259295952e+00
6.871124323668672540e-01 1.488115107127160774e+00 2.881930676809661262e-03
1.151339987330745468e-02 3.662581696748470339e-01 4.283066445623748830e-01
1.166795798663631478e+00 4.934169478112439555e-01 1.234960232833645311e+00
2.229139186425179719e+00 2.253000486063461594e+00 1.512691893949564159e+00
1.622373786161169562e+00 5.766661362342140329e-01 1.329697002702293851e+00
1.033923177632045443e+00 8.884909034724757654e-03 7.432010492522269640e-01
6.148834458322239849e-01 8.323054249522110482e-01 1.162473106389455335e+00
4.815496214108936912e-01 2.217399648701811721e+00 4.254871946821928153e-01
1.350839246828086926e-01 1.101351647479203111e+00 4.216296613560622242e-01
7.799877358979573350e-01 1.281250143116659856e+00 1.551964831251293753e-01
6.202686312630107356e-03 4.234577911127334060e-01 1.391685841712243743e+00
1.982453918421622108e+00 1.414649112041551193e+00 3.679269216575564161e-01
1.270243100455439089e+00 8.324264064653064121e-01 1.078368323047040445e+00
5.450924265413386455e-02 8.369042744319905580e-01 7.030738150292156242e-03
1.374119587342785609e+00 1.168496787622711031e+00 1.453214593584379877e+00
