7.405416256566497157e-01 1.210781565094219969e+00 5.631605195431319544e-01
3.158641508823048505e-01 2.419519367320441608e-02 1.002830671030797927e+00
9.928157330564616467e-01 8.201697953999730062e-02 3.213624951460197776e-01
1.124136121078371575e+00 1.286005912105942506e-01 1.460998262905484957e+00
1.106659687135598480e+00 8.798367423590542497e-03 1.098629149062997579e+00
8.403177949656536957e-03 5.643611932323754424e-03 1.590012006923619214e+00
1.373189307524506741e+00 4.044121571967840834e-01 1.273449494982556163e-01
1.228613877021177636e+00 3.640834940466915470e-01 9.810053764616159452e-03
1.386906897717590681e+00 1.548842033365473103e+00 5.028998836951648413e-03
5.074972197989719991e-01 1.363595071850169038e+00 2.281082316141231470e+00
1.536637582844500916e+00 -0.000000000000000000e+00 1.804512981834262009e+00
7.246879700838713134e-01 6.921970452066344981e-02 1.176045827347445005e+00
7.457166937312030841e-01 1.097546316208720452e+00 9.776945139820074626e-01
1.849144022280638233e-01 6.016668066965575878e-01 3.995484109495237579e-01
1.570300009422687548e+00 2.182933531225572654e+00 4.383316766440280010e-01
4.429973648222053639e-01 7.505561462286710617e-01 1.638604868554379479e+00
1.235469442401423423e+00 8.784270203310565739e-01 2.952147424756483909e-02
1.870418797108353459e+00 3.471833588738707510e-01 8.642807490546836613e-01
4.824366490710453315e-01 1.804218010520098003e+00 1.107521273213029955e+00
1.534056150772457050e+00 1.039003877924287236e-02 6.617388539385133869e-03
1.112553971710882772e+00 1.568675448339330132e-03 3.725246353684463774e-01
1.801801545716008937e-02 3.958678918018884163e-01 2.333043404864933168e-01
3.255846725199516012e-01 1.343133068358181095e-02 1.559857157520098125e+00
1.027238948868150814e+00 1.164231671207505148e+00 3.370738871041976115e+00
1.057584526732739283e+00 1.632668074859563001e+00 1.239493119782088815e-01
1.136030164158094324e+00 7.115611751692887399e-01 1.791629387706326557e-02
1.754915983414780722e+00 2.173913606327281534e-01 1.597015873990263124e+00
6.063520546621886664e-01 9.882299880453745272e-03 1.000546789069961355e-02
1.713532141924480223e+00 1.188954278848005863e+00 4.479929385879047321e-01
1.191164270868817487e-01 1.553682657027243730e+00 1.683870367098551091e+00
7.270303084606647426e-01 1.252007884280846417e+00 1.544393642453209869e+00
4.690120287908957630e-01 1.473034051839856362e+00 9.972053831194090945e-01
6.993231731630011883e-02 2.147361274265117692e-01 1.060180707463320271e+00
8.024239631481170365e-01 2.193534724644174150e-01 9.570290535421888123e-01
1.221246954424709763e+00 4.151551262043969293e-01 1.285960896379110041e+00
1.279453792509651078e-01 1.565998436447423314e+00 1.059437734256263308e+00
8.653930295691156793e-01 5.704646398145208908e-01 2.224524186920396662e+00
2.551077772049086256e-01 1.575539610359522946e+00 1.338634151021770968e+00
2.297858554269111675e+00 5.880579575124978975e-01 1.782100499820266748e+00
9.513886095731416415e-01 2.085453516502462357e+00 1.059869807858199620e+00
8.377280859424942605e-01 5.223703411607781844e-01 1.725200021007408990e+00
1.109323788715783632e+00 1.610326608832497730e-01 2.317811826646808626e+00
1.571262056808010454e-01 1.633019656580985357e+00 4.091164487846750686e-01
1.174934781854674926e+00 1.220040837030732196e-03 3.104092588335764513e-01
8.625078997791841839e-01 8.740086553360751354e-02 1.572524405043590479e-01
1.642261829297063880e+00 1.817977003090719856e+00 3.161333804633338906e-01
1.060773122218892743e-02 5.074556912001489950e-01 6.178590550955670446e-01
6.406671317909033991e-01 9.788975818518239613e-01 6.790318652917436137e-02
1.809040084434330314e-02 1.218056622395153443e+00 1.482507570055924262e+00
4.494053391601020020e-01 1.737519425249606675e+00 9.555802530171182418e-01
7.372767128697290673e-01 3.005958745650872732e+00 9.875853448398842493e-01
2.390908937114856858e+00 9.807271808604816066e-01 1.031666744854845108e+00
2.358268312578504500e-01 1.564911445406082846e+00 6.768799364035116978e-03
6.542310608026958851e-01 2.152123121799038863e+00 7.449810463820085715e-01
1.897382931627819458e+00 1.431865812981749420e+00 7.777416234114016280e-01
1.462932837190531604e-02 5.561812421118154104e-01 1.096247201079745937e+00
5.501035304869335008e-01 1.219096293692510491e+00 3.239114689698736615e-01
2.553489636550367869e+00 9.636727979649094555e-01 2.591802714988361012e-01
1.252698479167585255e+00 2.616365437854963494e-03 9.370023776040037333e-01
1.629561860693073294e+00 1.078712810410200618e+00 2.260335759521169940e+00
6.874515903617660628e-01 5.950140032024771042e-01 1.506382142681103042e+00
7.701785109554423192e-01 6.497130597091252957e-01 2.250776431230510966e+00
1.076942193356048190e-02 9.920566955619004590e-01 8.297510234976377408e-01
4.538956599704909722e-01 1.915885542728565927e-01 1.060708022477208301e+00
3.311931288581692279e+00 1.206700437633935474e-02 9.673003795452238540e-01
2.729985201883769561e-03 4.904972807179084487e-03 7.376241520719620803e-01
