1.338787624661612830e+00 1.735432952947313145e+00 1.037230179262753176e-02
1.784036674066602490e-01 4.186596202846812886e-01 1.463076829706420945e+00
1.527321385138855847e+00 7.363513228814626554e-01 3.498729878667743501e-03
5.582243638883442882e-01 3.713379527693492221e-01 1.559449141994836419e+00
1.355970059638193836e+00 9.424173505593591571e-01 1.197341713193946333e+00
2.491888549494896410e-01 3.269937829569267151e-01 1.012992864592882958e+00
5.603426046525080695e-01 1.142558952926354780e-02 3.917211503610742440e-01
1.063300991325275113e+00 6.790925498334905719e-02 2.073107481433023314e-01
1.262821078213152370e+00 2.506688714862289835e+00 1.831437378575875505e-02
1.376999511624615175e-02 1.472492459615098559e+00 1.608570792834946417e+00
5.342107847489090400e-01 1.215694122403329809e-02 2.120143822510776044e+00
1.310571928247414197e+00 6.814987538496868336e-01 1.042105411292589157e+00
7.555872968147830937e-01 6.247332720135403417e-01 1.016938047832657066e+00
2.040527400602661773e-02 2.465960950634630833e-01 2.686440930156467899e-01
1.735822811550923106e+00 1.909139767507384677e+00 1.745356794738766801e-02
7.150726337707110636e-01 1.410530899022701234e+00 1.753850637879145857e+00
1.963796441408100391e+00 1.239678200283020004e+00 8.174040606796840677e-03
1.780530901199619098e+00 3.118743563346543790e-01 1.156637384550394110e+00
5.771624384747814362e-01 1.712501468853509845e+00 1.308500320824903085e+00
1.884206416469549561e+00 1.125818640899331757e-01 9.891086231373405133e-03
1.727276310961485539e-02 9.944281156826410492e-03 1.802423992894094940e-02
1.251355049882577619e-01 2.107639921146964579e-01 5.974841449345033584e-02
1.483451161630679138e+00 3.196726013570784231e-01 1.382832410575269844e+00
7.946219258832946108e-01 8.705427914240203568e-01 3.175582722851550965e+00
6.508409413877344063e-01 1.524259851050542736e+00 6.954201992214139108e-03
6.628361655554252385e-01 1.631164121901136285e-02 2.882702539915015794e-01
1.561276678539909479e+00 1.355737525239192331e-01 1.032212776552627664e+00
1.135361352544963787e-01 1.015076466855727340e-02 -0.000000000000000000e+00
9.398704460804941929e-01 3.991625910125932986e-02 4.672067357678652555e-01
2.659464214592081044e-01 4.617105696706358953e-01 1.724901556991220053e+00
1.446980217308561079e+00 1.549187631836689949e+00 1.609272271392512055e+00
9.035508655461199634e-01 6.482391886357068422e-01 1.789488736142302860e+00
7.274595572978192690e-03 3.610888294005322741e-01 6.509191605959255833e-01
3.937623475403295714e-02 9.698775143801956489e-01 4.866398775228721885e-01
1.563884212257973028e+00 5.914767855119430068e-02 1.645130803812113074e+00
3.949895013995729197e-03 5.105347729407344604e-01 1.267550085610885890e+00
1.101495914223969086e+00 5.812139863244725202e-01 2.538438361724801418e+00
2.154836960959227443e-01 1.266595377655059806e+00 1.416691733226654870e+00
2.182855954723291081e+00 9.736508850587952679e-01 1.022481948582241618e+00
1.320688989859252871e+00 1.800885194758933272e+00 1.123836831489284815e+00
1.063593804583943481e+00 2.015968160679727283e+00 1.363361311630319372e+00
1.559142066766302959e+00 6.044745420846209943e-02 2.409554363202224714e+00
1.674983435846307545e-01 1.121312715012858119e+00 1.944305782260901394e-01
4.853789203933737695e-01 1.013811649052210120e-02 8.343939886285016427e-02
1.047122529841252314e+00 2.813091296319982226e-01 4.695419555934219891e-01
8.135337326137145331e-01 9.425382773102485290e-01 8.858737141392140912e-02
9.702000208619158961e-02 3.440590983219488641e-01 8.019450350269422545e-01
2.320443281858189655e-01 8.248262453710892839e-01 5.667279328457066993e-03
1.405271698067888930e-01 1.983983168902589134e-01 1.470725585530894941e+00
1.308903961185734974e-02 1.711489108817659810e+00 1.242644482523504353e-02
-0.000000000000000000e+00 4.173811094608479988e-01 1.048292587297164680e+00
2.416270918667641876e+00 1.065361964954882446e+00 1.225814196674170214e-01
1.584972250254063075e-01 5.925645841530911145e-02 1.035055364681037628e-02
8.785225406954384753e-02 9.671259741745551475e-01 2.733253344948927688e-01
2.023939015098783045e+00 1.204225800799316737e+00 5.316419893161017374e-01
1.270748170648107293e-02 8.909760041143245379e-01 4.719480989235551593e-01
3.215517027878583844e-01 9.185615785027022306e-02 1.317776469295303121e-01
1.499763971866598711e+00 8.248357524172784602e-03 3.182624530434381011e-02
7.974464790617993293e-01 1.236148454939965495e-02 9.044014814671808011e-01
3.031986547872500992e+00 2.204801263867461891e+00 2.614007422335239639e+00
1.135608482109617734e+00 7.774500129499817280e-01 7.645726739862572785e-01
1.359282286689269093e+00 1.614616938895499620e+00 1.796274013883017995e+00
2.789763148938018689e-01 1.192162802365227120e-02 1.293479611820123054e-01
3.449744843095334246e-02 2.208923910028994519e-01 4.291212445325173208e-01
2.200842742722505019e+00 8.829189607427328362e-03 9.564933864520581280e-03
3.698263037738819814e-01 2.928569374288884641e-01 7.018548354240367049e-01
