1.013477428393954938e+00
-1.640331532615328269e+00
2.770833343264142545e+00
-1.433546976112677562e+00
2.793738475256200893e+00
1.439304041539109180e+00
7.384594942896021211e-03
2.245187330590283192e+00
-1.133846005678600111e-02
2.401278748869009050e+00
2.900247227452317222e+00
2.426952636878122682e+00
-1.791235067315207985e+00
1.112386962200436313e+00
7.889264508330839920e-01
3.306212484534315266e+00
1.233407657473363894e+00
2.340716829681404598e-01
-5.833543314624085180e-02
2.979301492138453966e+00
2.603047482865208373e+00
2.900436866588790297e-01
4.834407127423749340e-01
-5.317075343669066534e-01
1.542435593528926008e+00
4.074098179165087430e+00
-6.902208872848737409e-01
-1.132989365239767121e+00
4.146072303183433228e+00
6.625296598837612239e-01
1.293109220831917261e+00
2.228368793644342760e-01
2.079718608567740823e+00
2.517002736118156281e-01
5.533053985553966214e+00
-7.953967980924211423e-01
1.149366656953259902e+00
2.092135604233066548e+00
-3.402321808994676622e-01
-3.554816380360275030e-01
-1.003531434577022541e+00
-8.084324734837348148e-01
5.190418959988527092e+00
3.663036465521780194e+00
5.611350461421259483e-01
-1.817718053504151499e+00
-7.413177439156525272e-01
5.044370406113730665e-01
2.813978965372693430e+00
-6.635456052453309050e-01
-2.904974213782332906e-02
4.377196687605190206e+00
3.160636067754343248e+00
9.883475985086599414e-01
7.786327930588138324e-01
2.639405294001040847e+00
4.920854702917292767e-01
-2.073139247775601934e-01
3.390584275693261151e+00
1.605588087691418142e+00
3.770379856980074162e+00
3.226522556440032830e+00
5.109065130133511268e+00
6.151587283532319178e-02
1.626802039703252323e+00
6.122387070107861984e-01
4.566911453511450780e+00
8.130452123512148521e-01
1.341692548046077071e+00
2.309217570503801387e+00
9.221079955563713515e-01
4.806129032939002066e+00
8.823733699254937557e-01
1.177518792946235626e+00
2.136336195831073148e+00
8.088616731566597995e-01
3.233729337675753102e-01
-7.747066170078649172e-01
3.150254173643033173e+00
1.162447002883387759e+00
3.467070378161671851e+00
