9.862385674983839001e-01 1.653284245940052355e-01
5.881853484580481378e-02 9.982686912643271571e-01
8.467474724132795227e-01 5.319950356551482740e-01
-0.000000000000000000e+00 1.000000000000000000e+00
4.187470128064432195e-01 9.081029342897646295e-01
7.784968970142064348e-01 6.276484536261138780e-01
9.138368809841238560e-01 4.060814634444772642e-01
7.889811224192842809e-02 9.968826851162879699e-01
4.754914900123192179e-01 8.797203208553640019e-01
3.076109371722431964e-03 9.999952687643743898e-01
-0.000000000000000000e+00 1.000000000000000000e+00
9.999998349213576887e-01 5.745931232318304263e-04
6.408921052397674456e-02 9.979441733355696176e-01
2.222407262205300660e-01 9.749918254062294176e-01
6.368592771747053627e-01 7.709800652912576213e-01
9.680264918433790777e-01 2.508479840249876469e-01
9.947432341242287146e-01 1.024006746270258866e-01
4.557956952136382744e-01 8.900844253354376345e-01
9.999966823537843608e-01 2.575904001447256331e-03
5.159455064485232167e-01 8.566214066760047263e-01
2.037262174803738668e-01 9.790278996592178817e-01
9.652884189279473670e-01 2.611862712387150176e-01
-0.000000000000000000e+00 1.000000000000000000e+00
7.930432523266330858e-01 6.091653305459824308e-01
4.692904256188692447e-01 8.830438813685651533e-01
1.000000000000000000e+00 -0.000000000000000000e+00
5.926362896737590313e-01 8.054701907344060663e-01
1.000000000000000000e+00 -0.000000000000000000e+00
1.000000000000000000e+00 -0.000000000000000000e+00
1.253077043401097657e-01 9.921179260718010484e-01
9.577143367044729239e-01 2.877207835223434262e-01
1.000000000000000000e+00 -0.000000000000000000e+00
9.944681456062375302e-01 1.050385994503517939e-01
9.999957176299676398e-01 2.926554582761957228e-03
9.937243688060304336e-01 1.118565100521938943e-01
1.904077530696845488e-01 9.817050919552948729e-01
9.242493466627477172e-01 3.817893990061590470e-01
7.396869386933890844e-01 6.729511369530496445e-01
7.810626459737229910e-01 6.244526747997215521e-01
1.404787072146576610e-01 9.900836999058708621e-01
9.307932418532559593e-01 3.655460859047819366e-01
7.538003274635499684e-01 6.571035430705306490e-01
3.339387121406398595e-01 9.425947891505930265e-01
9.914862969460119801e-01 1.302110708361034763e-01
5.053474328182652187e-01 8.629159705000186698e-01
9.999999250090448877e-01 3.872749724490487551e-04
8.908811905241047491e-01 4.542363970119015493e-01
1.000000000000000000e+00 -0.000000000000000000e+00
7.862275542356370606e-01 6.179370784802027394e-01
9.270648459460056889e-01 3.749010154842325471e-01
5.698814790592968138e-02 9.983748549509107173e-01
9.329588717054675406e-01 3.599829769670520596e-01
9.917992979066557746e-01 1.278051355457391347e-01
1.000000000000000000e+00 -0.000000000000000000e+00
9.127179294496983175e-01 4.085902363750943400e-01
9.987407567874059255e-01 5.016872264389330566e-02
4.931050869018270277e-01 8.699697542280087070e-01
4.698961474579652076e-01 8.827217062042613804e-01
1.000000000000000000e+00 -0.000000000000000000e+00
5.911515976299168695e-01 8.065604680491084144e-01
9.997703386376513013e-01 2.143058516130805571e-02
9.662984073695324305e-01 2.574245285809129147e-01
9.668707976466165421e-01 2.552662544446399617e-01
8.607381693226741071e-01 5.090479386767533532e-01
7.171594713553797185e-01 6.969090992699636944e-01
7.021479452481169670e-01 7.120310828775998635e-01
7.995074043819635490e-01 6.006562330804664507e-01
5.975343405383937156e-01 8.018433212775092356e-01
5.683692578622179248e-01 8.227735938380327241e-01
8.940663851233137116e-01 4.479344806916859545e-01
1.000000000000000000e+00 -0.000000000000000000e+00
6.985367890439579674e-02 9.975572482537138352e-01
8.896651766674203987e-01 4.566134836219004622e-01
1.000000000000000000e+00 -0.000000000000000000e+00
6.874061824896000594e-01 7.262731857056781148e-01
6.879839804525913483e-01 7.257258729304120193e-01
9.839686821357311874e-01 1.783413372610857806e-01
6.614870585756593702e-01 7.499565796343959923e-01
4.129932082006568805e-01 9.107341049835177005e-01
5.496354293734185825e-01 8.354046293727954708e-01
6.036056600987657061e-01 7.972830156830968962e-01
9.999600018834091664e-01 8.943971899121513566e-03
7.075570551006615805e-01 7.066562203626876038e-01
3.986356279528100593e-02 9.992051322732818930e-01
1.584879396207655999e-01 9.873609132403229349e-01
7.976850867199385409e-01 6.030742097160218806e-01
9.497181208447336154e-01 3.131061975419009435e-01
7.412765007665885267e-03 9.999725250800349796e-01
8.907661617829270018e-01 4.544619291233452096e-01
7.403146379194904814e-01 6.722605424105552174e-01
7.535071869300772329e-01 6.574396696615757429e-01
8.978946329115270464e-01 4.402104362559731698e-01
1.000000000000000000e+00 -0.000000000000000000e+00
4.464630134691935925e-01 8.948020885112007994e-01
-0.000000000000000000e+00 1.000000000000000000e+00
7.342949885536413923e-01 6.788305162446717222e-01
-0.000000000000000000e+00 1.000000000000000000e+00
9.480674793536425504e-01 3.180692606839436998e-01
-0.000000000000000000e+00 1.000000000000000000e+00
3.552172354906069640e-01 9.347837801387071099e-01
1.480149515032963270e-01 9.889851233115071194e-01
9.999997766698542900e-01 6.683264483276206988e-04
7.585656273076804013e-01 6.515966459914488418e-01
6.224572611960027535e-01 7.826537919057003911e-01
6.559972335953488665e-02 9.978460183290568386e-01
-0.000000000000000000e+00 1.000000000000000000e+00
1.000000000000000000e+00 -0.000000000000000000e+00
-0.000000000000000000e+00 1.000000000000000000e+00
9.997639584888545761e-01 2.172618941959050809e-02
5.133092750181365016e-01 8.582036985357003323e-01
9.141105969555607391e-01 4.054649387228793644e-01
4.000050165544341563e-01 9.165129495709740670e-01
2.177250414591959870e-04 9.999999762979028262e-01
9.102271284467240431e-01 4.141093752133981898e-01
7.832467613125611017e-01 6.217109544582466452e-01
9.956578109467164595e-01 9.308879363700453546e-02
6.587893043153899564e-01 7.523274902059904345e-01
9.060376891273146382e-01 4.231970059922864347e-01
7.768130571184788113e-01 6.297312714882777884e-01
6.020302686300003092e-01 7.984732654593325041e-01
9.952779159785226648e-01 9.706631735802523364e-02
1.776900996947145261e-01 9.840864944050815577e-01
6.668604049176519721e-01 7.451826624077249051e-01
3.044378390993326966e-01 9.525322052951956664e-01
9.805989045765616252e-01 1.960249686729920449e-01
-0.000000000000000000e+00 1.000000000000000000e+00
6.745058006401613016e-01 7.382695475927304463e-01
9.124962715882920516e-01 4.090850209155375006e-01
7.873856523098180515e-01 6.164607323557944607e-01
-0.000000000000000000e+00 1.000000000000000000e+00
-0.000000000000000000e+00 1.000000000000000000e+00
9.579223248989335859e-01 2.870275587120896810e-01
6.295847332953957709e-01 7.769318268685905249e-01
-0.000000000000000000e+00 1.000000000000000000e+00
8.981304686062463460e-01 4.397290772295190386e-01
9.182048387899214292e-01 3.961058873871664554e-01
6.422169572763950507e-01 7.665229153695595210e-01
7.100936594156396220e-01 7.041072324992163622e-01
-0.000000000000000000e+00 1.000000000000000000e+00
1.000000000000000000e+00 -0.000000000000000000e+00
3.720003803292595140e-02 9.993078390417783341e-01
-0.000000000000000000e+00 1.000000000000000000e+00
1.000000000000000000e+00 -0.000000000000000000e+00
2.673703285517251560e-01 9.635938498195920632e-01
6.511793127820590943e-01 7.589239109454157806e-01
3.711315689016903563e-01 9.285802919320277349e-01
9.999034925442178423e-01 1.389264545992517641e-02
1.000000000000000000e+00 -0.000000000000000000e+00
6.489746761134714825e-01 7.608100089795183374e-01
2.374687264023080946e-01 9.713951842483397048e-01
6.785553809425906024e-01 7.345492461325215938e-01
2.578435412592696135e-04 9.999999667583535645e-01
1.000000000000000000e+00 -0.000000000000000000e+00
9.319181971316938817e-01 3.626685454444778522e-01
4.824256215951910204e-02 9.988356497423812597e-01
7.853904568139627451e-02 9.969110383095652894e-01
2.808300746266726433e-01 9.597575054070572875e-01
2.746904221919000411e-01 9.615327201692285275e-01
