-9.721568807423788261e-01
-1.398648396204506206e+00
-8.216112493167090358e-01
1.357921345964756832e-01
-3.516904582654849665e-03
6.826867256354093860e-02
6.263642534871669346e-03
-7.897550772899212257e-01
-7.412429922243596314e-01
4.243854221845013708e-01
1.706146025262629262e-01
8.650704775401064639e-01
-6.810434100962123871e-01
-6.909715832036331662e-01
-1.061953017706417812e+00
-1.170600752956495683e+00
-9.701212110526797883e-01
1.220076679004585135e-01
1.194389620422542819e+00
-5.971725331902136835e-01
-5.770704593070904442e-01
-7.269296697645023786e-02
7.525100058132391245e-01
3.417803954032173075e-01
5.012994951550819867e-01
-8.485539123139509421e-01
2.578126745499623063e+00
9.647088682248193825e-01
-2.789237229584762834e-01
5.049435893587804758e-01
1.303002370750044436e+00
3.376620366119285621e-01
-1.058056988860708453e-01
1.227225583498412625e-01
5.278250069834179437e-01
-3.812206307197809618e-01
-1.723223402947144378e-01
1.861489928289826512e+00
