8.008171349783368420e-01
2.299333199216221590e+00
3.221750314504082002e+00
1.955725302572216107e+00
2.407375180704082407e+00
4.697619699344867672e-01
3.749571388864313626e+00
2.271683417586423559e+00
2.781126937182834435e+00
1.324424991815330854e-01
2.860447824387568172e+00
3.339861521140386813e+00
3.190853413726587817e+00
1.618107936955504589e-01
2.620052136062883008e+00
6.939419169636293905e-01
1.869671518601623728e+00
2.178637676888965924e+00
1.236814630991404318e+00
2.282128599709835282e+00
4.142470387362519268e+00
1.649249168151720069e+00
2.784387208580025863e+00
8.531050945341809300e-01
1.674226728169811773e+00
1.791845184652316902e+00
-1.433707185453685806e+00
1.122847532050382652e-01
1.370448096917000980e+00
-1.577225940573256269e+00
-6.948112176059019207e-01
1.867251452774125742e+00
6.250733814664641841e-01
5.156662487138078177e+00
1.909070119029974366e+00
-5.546929898547927618e-01
2.106405823969326185e+00
1.353107284014052336e-01
1.338282593716581870e+00
-1.727274871402384671e+00
-4.222015837360968971e-01
2.636461410016562645e+00
2.076409388644736342e+00
3.358036957813152146e+00
2.843024129592480520e+00
1.818872552571478618e+00
3.207715776474520109e-01
3.705998877004914593e-01
9.825102753348964324e-01
5.773068284146127827e-01
1.590240538696367167e+00
1.170202133389801474e-01
2.348303725217827598e+00
-2.697760717246397988e-01
1.984694905148103095e+00
4.457041387575591429e+00
2.483513172515325329e-01
-1.603122348295168420e+00
1.077907722148644165e+00
3.582379457426399405e+00
-5.507712109605691353e-01
2.649990437734331739e+00
1.213116130219292321e+00
1.913171793791579089e+00
-1.498668971478683831e+00
-9.069018267484538764e-01
2.229071384404016420e+00
1.406468522722764680e+00
-8.149502133305261964e-01
4.205818260099451478e-01
7.329500928275894944e-02
3.880224752563368629e+00
2.000398732572495675e+00
1.988549075473863947e+00
2.085413633077862539e+00
1.968147768848566903e+00
-1.309185829742089524e+00
1.261564418735106274e+00
-1.544731969142047134e+00
2.397533428798003907e+00
1.397887596435501978e+00
