9.293068457357136353e-03 2.238931632942099768e-03 5.103550264222145132e-03
1.034265336836856092e-01 3.187033793184243513e-01 2.077647812776839131e-01
-0.000000000000000000e+00 2.611812745516086109e-01 9.270291384595297224e-01
3.825584632395559025e-03 1.833009346972478771e-03 3.140441607292652343e-02
-0.000000000000000000e+00 8.100374641458227276e-02 6.116086089295585948e-01
5.252082991570978902e-03 -0.000000000000000000e+00 7.410301469337989477e-04
9.841607487563848455e-02 4.935192014463479770e-01 1.770795283656051156e-01
1.814276914005945231e-03 6.162290174557508594e-04 3.923968732094706424e-01
9.474268616670131508e-04 3.928909817207094646e-01 2.420430370492172023e-01
4.440517414713753275e-01 2.676225038056249950e-03 2.268609587036071219e-03
1.172072848936079334e-03 1.980839696402961203e-03 8.666121164707857316e-03
2.986632223330232044e-04 1.974327615676387260e-01 1.004042648276377792e+00
-0.000000000000000000e+00 3.091608433761876551e-01 8.886837285203864623e-01
5.465490043268375064e-01 -0.000000000000000000e+00 -0.000000000000000000e+00
2.299590981467317385e-01 9.869223144887132038e-02 -0.000000000000000000e+00
4.526716640992950458e-02 4.996723855395229265e-03 2.329136411807982126e-03
-0.000000000000000000e+00 3.410281607737459253e-01 6.446117800905550865e-01
-0.000000000000000000e+00 5.273483338857753999e-01 3.572355633900203831e-01
7.253703886679232875e-04 4.169832844572777218e-03 2.031950303172898042e-01
-0.000000000000000000e+00 1.520183495159330433e-01 2.953993188783273216e-01
2.075665141941303304e-03 1.135973423039214614e-01 6.954884176465713219e-01
1.762089529473102045e-01 4.494622423298763048e-01 6.535684629911822086e-01
1.368320534072212796e-03 2.159913037397908839e-03 8.138127476645075353e-02
1.948737095773054040e-01 5.344027276387165737e-02 -0.000000000000000000e+00
1.898529721349399152e-02 1.621228784671254197e-01 2.488094005268424308e-03
2.818960519322822288e-03 6.967024844439195785e-02 5.229898998784803243e-01
7.667363518052986437e-01 4.248201124429478175e-04 1.865714211960823926e-04
4.320023430436156775e-01 1.003751465928953528e-02 -0.000000000000000000e+00
2.767337375677974554e-01 4.310632125989113939e-01 1.438245127919918903e-03
5.697382756580917640e-01 -0.000000000000000000e+00 -0.000000000000000000e+00
6.138534935084682606e-03 -0.000000000000000000e+00 -0.000000000000000000e+00
-0.000000000000000000e+00 2.414131278651376195e-02 6.608552543779505628e-01
1.494385982017004677e-01 4.224291917608702929e-01 6.871866974258047933e-02
1.732432625038772371e-03 3.577518890809182617e-01 4.723771498856271789e-01
1.280950596649386682e-03 8.760238003231055059e-02 8.020371413607494393e-01
2.665767593974647798e-01 2.079821502759512334e-03 2.099993209561941670e-03
-0.000000000000000000e+00 1.092704265342505227e-01 6.196717176996395793e-01
-0.000000000000000000e+00 6.224832232967988238e-03 5.878232427878851141e-01
5.189124316316422458e-01 4.022153813329382155e-01 2.515934045021933282e-03
1.173035894868957180e-01 2.296229242695999474e-03 2.956280477151968476e-03
1.099990656896066010e-01 9.569216579051632995e-04 2.224379264737278827e-03
1.498670279669072625e-01 5.336053092347198268e-01 5.371817296577464651e-01
1.043179192755837098e-03 1.704691519988435489e-03 2.493800696490909227e-03
3.957684055915459131e-01 1.092630509667085470e-01 -0.000000000000000000e+00
-0.000000000000000000e+00 -0.000000000000000000e+00 8.114030120931232937e-02
6.715535306480563925e-04 -0.000000000000000000e+00 6.771916921473885020e-01
-0.000000000000000000e+00 -0.000000000000000000e+00 -0.000000000000000000e+00
1.407759759095803106e-03 9.562600435063257486e-05 1.298289399298705737e-01
7.202782349372096604e-01 1.312339438227617672e-01 -0.000000000000000000e+00
1.273341171969886165e-01 -0.000000000000000000e+00 -0.000000000000000000e+00
5.974677998318216141e-04 7.239685814253354673e-04 5.910149772393623324e-02
3.571110810731380480e-01 -0.000000000000000000e+00 2.355507045897995647e-03
1.016837403598797457e-01 4.555169495200888097e-01 2.433417525310497057e-02
-0.000000000000000000e+00 2.263748024564033422e-03 1.031753901220213848e-01
-0.000000000000000000e+00 2.021916333709637692e-01 2.375179437315654563e-01
4.660216670441381104e-01 7.205269208808816328e-02 -0.000000000000000000e+00
3.495874006109795772e-03 2.415478974184490871e-03 4.590251109066191826e-01
1.129870224782200672e-01 -0.000000000000000000e+00 -0.000000000000000000e+00
5.959135690581081057e-01 4.170735640852798465e-01 3.696347421998733701e-03
-0.000000000000000000e+00 -0.000000000000000000e+00 4.004049949121643581e-01
7.899063821361018700e-01 -0.000000000000000000e+00 -0.000000000000000000e+00
2.142156531164581164e-03 1.325353577578725984e-03 7.454110129072223367e-01
-0.000000000000000000e+00 -0.000000000000000000e+00 1.214601475819469117e-02
1.019327860644578532e-01 -0.000000000000000000e+00 3.659530016090840280e-03
1.124303035030640663e+00 7.542364011970311430e-04 -0.000000000000000000e+00
3.955709428343893719e-01 -0.000000000000000000e+00 -0.000000000000000000e+00
1.819660793428886031e-03 2.854633990950274369e-01 3.399996269179510477e-01
5.287208743075404449e-01 5.691893359345044992e-03 -0.000000000000000000e+00
4.082027112218278853e-01 5.955588510523465891e-04 -0.000000000000000000e+00
-0.000000000000000000e+00 1.873368717318574152e-03 9.705814858519833457e-03
2.209623962830552669e-03 3.331439474756939245e-02 6.459233984068658563e-01
-0.000000000000000000e+00 4.128116940499061971e-01 9.045538746515437989e-01
3.573412058569732097e-01 5.483178473910523820e-01 9.134909114458484658e-04
2.018058650595386250e-03 3.341973016505496719e-01 8.629581097487392105e-01
5.016213817119119164e-04 5.471574510906852514e-04 1.872333269353531615e-01
3.086225411383947473e-03 5.497550774687963437e-02 5.207332215940698728e-01
1.301319998339225403e-01 -0.000000000000000000e+00 -0.000000000000000000e+00
1.881774121565678859e-01 2.487772569152564561e-03 2.236694723995173283e-03
7.542470517473393683e-04 -0.000000000000000000e+00 9.133827424789771896e-04
3.328149610862303209e-01 7.727095679190441047e-01 6.346756600893389139e-03
1.787636091076022808e-03 4.249517128268647838e-03 7.215985433629118484e-01
