-1.371592639831974991e-01
-3.008903443008850154e-01
2.767019410145569180e-01
-1.301843457753847633e-01
6.343380143936698801e-01
5.113063752187370081e-01
9.810186609771974764e-01
-4.883006005562170460e-01
-1.453049144122549041e+00
4.899115360973205213e-01
3.600664705748666816e-01
3.164574385904794229e-01
1.076342757818006951e-01
-2.928824696145114204e-01
-1.078501399163725560e+00
-8.942877834318618824e-02
1.227758297912314028e-01
-6.827548659457204072e-02
1.534540615880803927e-01
-8.915816631408858273e-01
-3.786651126998494821e-01
7.151691922033089899e-01
1.572302379434915576e-01
-1.316901427895942889e-01
3.432384574013502276e-01
-4.137877303790366557e-01
1.451549303940666169e+00
-6.717201381945078209e-01
-1.412216312938542884e-01
1.703551417590836448e-01
2.093342537022590544e-01
5.096582489059562349e-01
-1.563154293752703761e-01
1.437287955097902858e-01
9.491488922099238223e-01
-6.222143163228902596e-01
1.792846431975499838e-02
-3.934331587400724528e-02
5.331493828017388470e-01
6.161757617720944324e-01
8.258429205768083037e-01
9.962129493677813752e-01
6.450807485511930173e-01
4.186789790405305300e-01
2.068621428878992807e-01
-5.221589348602152791e-02
-2.205048528438685596e-01
5.187225209208074644e-02
-6.264777632018454501e-01
1.911473333575688105e-01
3.250349664571491881e-01
1.781913387667119486e-01
4.798287503349329963e-01
7.161694330954840315e-02
-1.041874550955877554e+00
-9.638525565391452554e-01
1.118651759641328125e-01
-4.398668360098570429e-02
7.262431963820025205e-01
-3.466260409498214123e-01
-1.339284067295327674e-01
-2.983969073414552975e-01
-1.905964746931234077e-01
3.658461338944973829e-01
-4.230604862624957607e-01
-3.333080668470952412e-01
9.949329151302163665e-02
1.469748303368700604e-01
-1.506532518863883396e-01
3.463626348605595377e-03
-2.139460444374211012e-01
5.041380571925860865e-01
-4.772740386938352786e-01
1.346723508015358894e-01
-1.548915989662761339e-01
-1.211432800869187476e+00
-2.555245790076028922e-01
1.811971010723683329e-01
3.062077950774719781e-01
1.420301839055962134e-01
