1.353822181100969635e+00
1.171590122046726412e+00
2.169056579590107336e+00
2.354557653614856694e+00
1.947720999432856814e+00
2.180834757254974221e+00
4.064760928513406313e+00
9.341188575291273777e-01
-5.241243917784746964e-01
2.100968182716441479e+00
1.807612509791269861e+00
2.132329035295047193e-01
2.092818404775696806e+00
1.663994863087037812e+00
-9.437223276876355316e-01
1.199748251213579975e+00
3.033235576758316121e+00
1.463609246322872037e+00
1.226031322227309150e+00
-9.198402946099233368e-01
1.838792042700050144e+00
2.497843891209398759e+00
1.144404362358247607e+00
1.426294456689762846e+00
2.592210472223420048e+00
1.103511448045159549e+00
2.503410555172601804e+00
-6.845642877298196982e-01
1.941997255273963274e+00
1.506053842987504332e+00
7.015161320761923447e-01
5.272450655342486137e+00
8.226533957691701815e-01
1.730433777477737856e+00
3.682633671914998796e+00
7.604326845177561411e-01
1.414453961454313902e+00
-1.087263811710215577e+00
5.564163720391093193e+00
2.990951237647270222e+00
1.792420258101535158e+00
2.102410989051751944e+00
2.025975282642594522e+00
2.737063425450296794e+00
2.394057223447461524e+00
1.680276581813680004e+00
1.926569761057092878e+00
3.567353275106134980e+00
1.213620032482800731e-01
3.120014103871139532e+00
8.052998094460949163e-01
1.535499737980782209e+00
2.962399374924955975e+00
1.778333585220037483e+00
9.380301994756318207e-02
-1.357057822940696212e+00
1.297816865374760376e+00
1.116048472765995836e+00
3.837671471220886144e+00
2.177189422300576660e-01
1.243469758135573366e+00
-1.221645502085538570e+00
9.064277432210440244e-01
1.331136196552250572e+00
-1.552730620123369487e+00
7.106486826292138792e-01
8.091675123007412429e-01
1.931144912102212174e+00
1.519117093408885122e+00
2.983345073064946007e+00
3.417693578751449524e-01
3.157741254548286136e+00
6.153632379357854010e-01
7.893803957932509219e-01
1.092995878962458089e+00
-1.331665110504019367e+00
1.273492037860201598e-01
1.661600220139651585e+00
1.403257203361418792e+00
1.445811652440921025e+00
