7.955288316726617515e-01
1.471437743552894029e+00
1.724083248119601786e+00
-1.733821675389148609e-01
1.142425433641053090e+00
1.640168161678286163e+00
2.748269144531978014e+00
1.228310051016999527e+00
-3.171081714729730550e+00
1.647023677054655577e+00
1.517539700052622065e+00
-2.072422699904204801e+00
1.684501319175037759e+00
1.084940452788757836e+00
-2.786550560452277558e+00
6.551088039079959735e-01
1.745260460607690023e+00
1.366602285878875112e+00
-2.912194144994834089e-01
-3.990136756061144485e+00
3.048571456783037426e-01
2.238953571528786934e+00
8.324089624462276404e-01
1.447169639680214503e+00
1.690712319973794564e+00
8.727082778086813208e-01
2.141901131638458189e+00
-2.281183422079819056e+00
-6.788864899890008076e-01
1.203861248026003139e+00
5.821589576648871223e-01
4.624674166011500276e+00
7.328006524958958767e-01
1.348066759207786403e+00
2.860145051465652788e+00
5.685200476165754857e-01
8.929637242851309331e-01
-3.198181000592813295e+00
3.380899659733673346e+00
2.284076468301102558e+00
1.207123089172895680e+00
1.533000351306174291e+00
8.352784791352904081e-01
2.182629453292627364e+00
6.235436468329437487e-02
1.098461895649784914e+00
1.747696304611126905e+00
2.639282033632242896e+00
-6.417919974744136224e-01
3.385970680826884127e+00
4.586881672204128346e-01
1.337340898466286010e+00
1.965823750089211064e+00
1.006974205327185068e+00
1.931170759432207784e-01
-3.525858040267562554e+00
7.713584833813240671e-01
9.260841089855664787e-01
1.709429504927645116e+00
2.520779668101090776e-01
-4.708440101386118237e-01
-4.278498440194230312e+00
7.733172611872614066e-01
7.075815222096971668e-01
-4.494219202359885479e+00
1.445745151213406188e-01
-4.939402427689687514e-01
1.515359842807011415e+00
8.545570425664541503e-01
1.025964610129196153e+00
6.606001471556861571e-01
9.113740416752396101e-01
-7.929648082934261100e-02
-5.755303896349418108e-02
2.532177352539516924e-01
-3.532396875361530242e+00
-1.677951287213451104e-01
1.355010989751139094e+00
1.079380463720680527e+00
1.192435853550116054e+00
