-7.981590286987494398e-01
-7.691678164136379614e-01
6.471205814116970378e-01
-4.137982345771942239e-01
-8.848766149754969668e-01
-1.389755615081070372e+00
7.165013835185178870e-01
-2.098912809401721979e+00
-9.934865014959013418e-01
1.083383238588774056e+00
2.849587989806533495e-01
-9.227325851985700433e-01
-3.802169058068579077e-01
-8.200338376258127504e-02
-6.220461512657712300e-01
1.158870284565887143e+00
1.150416332544105469e+00
-1.703852135139574397e-01
-6.604524071586459488e-01
-3.069070473653774944e-01
-1.104816717719669494e+00
-1.022801779549630252e+00
-1.589787671844116401e+00
1.484272418815203165e-01
8.449101048068551334e-01
4.206886765180332111e-01
-3.572168093765546448e-01
-1.211702675710718768e+00
2.608580303712886850e-01
6.716217420539625227e-01
-1.020660134098845262e+00
2.037230433019186826e+00
-1.128857288611046839e+00
-2.748465478074859636e-01
4.905259603647648681e-01
-9.015243720268388550e-02
4.068270403484026687e-01
1.120237337114870391e+00
-8.517480515252319195e-01
1.683890192578004485e-01
-5.199039385843279293e-01
-9.324966476394930259e-01
-5.681022252954607415e-02
8.689083438335293286e-01
5.698019392220770030e-01
-4.632483057067601773e-02
-6.812973662066017511e-01
8.611550240052816552e-01
1.477533395828417140e+00
-6.254780484165985976e-01
3.439276359281439044e-01
-2.989924325958072393e-02
-2.439226126859952715e-01
2.819397283147853095e-01
7.240542364071501646e-01
1.447888447490454089e+00
-4.787502239612060340e-01
3.148093732642668896e-01
-1.064300197923558677e+00
-8.462227616106876571e-02
3.547596768710950532e-01
8.378203449080090515e-01
5.879751149283136691e-01
1.077640875208209836e+00
1.644112988179441626e+00
3.117847824994762207e-01
