3.025906030090684800e-03 3.593291411369243793e-01
1.557768377504970166e-03 1.124897077317622562e+00
7.619657001984041500e-01 -0.000000000000000000e+00
-0.000000000000000000e+00 6.228502040940477880e-01
1.664954433034403214e-01 9.751745035396927053e-01
-0.000000000000000000e+00 1.486446917209713225e+00
2.026751787350692668e-01 1.396162196433070601e-03
-0.000000000000000000e+00 1.452113742841185440e+00
-0.000000000000000000e+00 5.286293083410912308e-01
6.998095211998969223e-01 -0.000000000000000000e+00
3.614775910624778987e-01 2.456343857777230802e-04
9.355447622482103648e-04 8.486007184575073969e-01
-0.000000000000000000e+00 9.817163463469370521e-01
7.160370136415593334e-04 6.308569041627102303e-01
1.521828436471208161e-03 -0.000000000000000000e+00
9.265399350280732109e-05 -0.000000000000000000e+00
5.204138097770103638e-02 -0.000000000000000000e+00
-0.000000000000000000e+00 3.931267790380482130e-01
-0.000000000000000000e+00 1.054996198526407802e+00
-0.000000000000000000e+00 2.842693060190308874e-01
-0.000000000000000000e+00 1.173415441119552316e+00
5.229286105031874347e-03 1.662065267504662103e-01
-0.000000000000000000e+00 1.074563300469216998e+00
4.563142606290325198e-01 5.019004917486622787e-03
3.426700124252669757e-03 1.061396795205977442e-04
-0.000000000000000000e+00 4.508218144776966925e-03
2.069368547562955730e-03 4.892636608961518051e-04
1.786451448477578306e-03 9.450060244118785313e-01
1.179696896690814789e+00 -0.000000000000000000e+00
-0.000000000000000000e+00 4.498901242109464883e-03
-0.000000000000000000e+00 6.181117621909582027e-01
6.861282423872201441e-01 -0.000000000000000000e+00
-0.000000000000000000e+00 1.057036140780984068e+00
2.186728619457779538e-03 2.063840826241418111e-03
5.404211878101233824e-01 -0.000000000000000000e+00
7.726378310730750432e-01 1.608222094101313194e-03
3.811344930770753803e-03 7.033955781634460870e-03
3.761573816886846361e-02 -0.000000000000000000e+00
-0.000000000000000000e+00 4.057108415670928614e-01
2.156272282680624010e-03 7.247980439317554995e-04
4.275820019180124991e-03 1.110732759494174049e+00
9.156539277544947786e-02 6.699020574636849190e-01
3.618245995017204120e-01 1.479952081399668329e-01
-0.000000000000000000e+00 3.126210322404294160e-03
2.003941509134771204e-03 3.711639350981317444e-03
3.863645982093338871e-01 2.837575412045917518e-03
6.812691632953823961e-04 1.032400730841421588e+00
4.026027327637064085e-02 1.873573614650356125e-03
7.055860498174355566e-01 -0.000000000000000000e+00
1.632445965098351442e-03 1.708737179886307125e-03
-0.000000000000000000e+00 1.702456900469041523e-01
2.163430241389447395e-01 1.892789058646839311e-03
4.432635595027874520e-01 -0.000000000000000000e+00
8.478466642610510418e-01 -0.000000000000000000e+00
4.186882930074867226e-03 -0.000000000000000000e+00
6.268038632534129739e-01 -0.000000000000000000e+00
-0.000000000000000000e+00 1.669835262804263698e-01
9.321118183080849551e-02 -0.000000000000000000e+00
-0.000000000000000000e+00 7.389927477986745208e-01
4.450979637273150573e-04 4.289578429916844800e-03
3.054637866397955093e-02 1.699832462237429401e-03
2.744294298807447574e-01 -0.000000000000000000e+00
3.062160992810971094e-01 2.744001635299662522e-03
1.304516059422131224e+00 2.557617692399837971e-04
5.710361318769947570e-01 -0.000000000000000000e+00
2.466986851471054121e-01 5.031502345311660539e-03
