-4.293588438615489888e-01
8.487743038476366353e-01
5.467912108913056679e-01
1.185120159363088455e+00
1.297012251192055876e+00
4.470699495395606404e-01
4.075978606568778084e-01
-6.049548048331169214e-01
8.900845861357516986e-01
1.068099251016733975e+00
3.016482900041478343e-01
4.084514176888384696e-01
-8.378937605883676198e-01
1.496582816961165019e+00
3.113273046992055537e-01
2.944857929137190133e-02
3.997773162271729408e-01
5.958582782231719444e-01
1.550571970172461622e+00
1.411136452435470368e+00
1.952159304116995786e+00
-6.210437528325422063e-01
2.583707730167883909e+00
3.230049731486476894e+00
2.432303195540752139e+00
9.995595432680519643e-01
7.708842924588205081e-01
-1.239419817212321639e+00
2.752687344014107751e+00
9.752124584285365438e-01
7.760562915515768490e-01
6.798530523253653035e-01
1.229254098886330082e+00
2.516181588818628079e+00
1.175876597071203067e+00
2.272999985222043939e+00
1.922813659341894965e+00
1.508474247668671664e+00
1.405323922711162909e+00
1.154983201419472971e+00
1.574865429516061344e+00
-2.766802166287297624e-02
7.201693438586149743e-01
-4.476029134292324185e-01
8.681929996251405157e-01
2.971939717203140319e-01
1.105012151330368564e+00
4.886066119803267327e-01
-3.040801744187232036e-01
9.274332222048954355e-01
3.985826514819065247e-01
6.106389473844605620e-01
1.757375987187098199e+00
8.534923882779326121e-01
2.186063628557750604e+00
2.107722870858675268e+00
8.291505084060529773e-01
1.693109868985975597e+00
1.438910372440014074e+00
8.084747414388290254e-01
1.377504411164437892e+00
5.597265761970587894e-01
1.501425774249177669e+00
-7.148955641675238670e-01
2.398101582043340452e-01
8.075940315197692732e-01
8.783494603347814511e-01
8.848902969697506338e-01
3.325675367184943720e+00
1.902079693758082168e+00
6.554274862068310004e-02
6.360506041510216590e-01
1.707987435262957376e+00
7.772918151983427837e-01
1.220138208548045222e+00
1.389035494946747828e+00
1.703871554831282387e+00
3.738806147141241487e-01
2.420442612662985216e+00
7.343974977206346733e-01
3.348163850101780081e+00
-4.881643458008017022e-01
5.729729291625431653e-01
9.452662661589669169e-01
7.543509482791409537e-01
7.400560545358757514e-01
2.356398521323057160e+00
2.018382084979274183e+00
5.136487085622688520e-01
2.215434223719713991e+00
1.572194660543091427e-01
3.541431937717942624e-02
9.484484273729228976e-01
9.934192963744828964e-01
1.767594554604975832e+00
7.865045933240426557e-01
3.538100273157808728e-01
1.189019483729707671e+00
5.183000613234279852e-01
1.298064884360316196e+00
8.791204860959989098e-02
5.226797936570518610e-01
2.352369218741240608e+00
2.282895465373135924e-02
2.758316271494534178e+00
6.619458674606737425e-02
3.084634175763107056e+00
4.874366621399542354e-01
3.681276332695492259e-01
-5.643187378973064661e-01
1.766645395291955412e+00
1.166125680756407990e+00
2.782451634052892420e+00
1.023075274103410370e+00
2.957079249391915354e+00
5.793051767685478692e-01
2.536899084573138174e-01
7.299454810269375704e-01
5.760786338260298622e-01
2.820312191100600163e-01
-2.917068816050359947e-01
1.402549214520226961e+00
1.069852277605199742e+00
1.084710050152516647e+00
-7.313318962760729791e-01
2.608338336073029229e+00
1.003630939143494771e+00
7.997030585153701576e-01
2.424933230963162600e+00
1.378685809057481837e+00
3.138684400737636437e+00
2.548824064521365340e+00
3.613824265780170020e+00
7.725485580901636506e-01
5.347820121014145167e-01
4.653671640890923444e-01
4.732153623198492864e-01
1.345605503531778491e-01
-5.534784147156689670e-03
5.148144135817170897e-01
1.750021680889372266e+00
2.038804478523023045e-01
7.841003232515179056e-01
1.549164281070667393e-01
2.914996694914845365e-01
6.528666612801198310e-02
7.275668548364389032e-02
5.274469228374160101e-01
5.159002193849533402e-01
2.725717194536367405e+00
1.582468301492494733e+00
2.184971450181673269e+00
6.491568390306834413e-01
2.569774660902761187e+00
3.266559611584656242e+00
8.525827776064794083e-02
3.055599168961566470e+00
2.397030375241949951e+00
2.905519267919627779e+00
2.608009691279102871e+00
4.754912624049145164e-01
2.047621455928336776e+00
1.964844318641660870e-01
2.554117612919760472e+00
4.182073906706152977e-01
1.597889335166795988e+00
6.870280095459870839e-01
3.176761399696777399e+00
3.697715358977925471e-01
2.555157653369616089e+00
2.105408740966409287e+00
-3.702366342422072631e-01
-1.837003034435162330e-01
2.980498337567188294e+00
5.480058145524304702e-01
8.773051082726881500e-01
1.842953647714272170e-01
1.069452266955553510e+00
4.351154202048523878e-01
-1.142628070144049435e-01
4.411813353955639228e-01
5.187898620743310873e-01
