2.707963538200802489e+00 4.512705902430990124e-01 5.405196747958200820e-01
3.209459585166083428e-01 1.252133711898837376e+00 3.335519594001878918e+00
1.918518714271851167e+00 1.492969387140158193e-02 9.977198694392978018e-01
1.646307353423294151e+00 3.574261501522891793e-01 1.748672829467605272e+00
1.081013750449370397e-01 1.035214675638786996e+00 3.264673173809530482e+00
-0.000000000000000000e+00 5.535674358830617973e-03 2.043249304282324541e+00
2.866973217383431471e+00 8.885307459813507336e-02 1.680336768408292880e-02
1.044706462834370964e+00 1.006222664665838880e-02 4.671431507188011402e-03
8.562154183210993752e-01 1.246702927032688146e+00 5.359812797335590240e-01
1.551285807118524041e+00 8.247261564549069474e-03 1.871256217013803402e+00
6.208782764581848301e-01 7.812170171544535746e-02 1.526041217408073525e+00
1.998003846897693059e+00 1.384120634648535964e+00 1.176706172225495006e+00
2.450015593273861814e-02 1.418560502624781616e+00 1.109010252701650989e+00
9.750058314859033626e-01 1.720273490986638398e+00 9.073076733684136697e-01
3.765319832896417244e-03 4.207475018379944753e-01 8.379171387628133738e-01
1.361312013287182987e+00 2.295028059264210274e+00 2.160767905802632338e+00
1.568902885811335884e-02 1.277044993661304861e+00 9.746728558708142032e-01
7.152024414131264995e-01 1.159963772507601742e-01 1.037708105658576366e-02
1.523266016917797575e-02 4.130119939098947590e+00 1.299943793878937381e-01
1.105463248105704510e+00 1.138585193879997071e-02 7.714095571062634486e-03
1.507362593686423224e+00 6.940810207718729474e-01 -0.000000000000000000e+00
6.518629751128960370e-01 1.362905947555519137e-01 3.472894020246208857e-01
8.509332230667092656e-01 1.650927033805450250e+00 7.171918398673117201e-01
1.950093446172868950e+00 6.950264675988514496e-01 2.547506785767177928e-01
1.851603081084725044e+00 1.566175457663567583e+00 1.488518323036216229e+00
1.264833763078102302e-01 1.338552174029953967e+00 8.352263517231437451e-01
3.412968336598434682e+00 2.073739105584436526e+00 1.356168203424545568e-02
2.369363486566198988e-03 1.060985051032847570e+00 6.353419248027455252e-03
7.723690889695739676e-04 4.731645203912614450e-01 2.211005592219163596e+00
1.294954219907726412e+00 5.965002314983055554e-01 1.450378327897491770e+00
5.210787701059091566e-03 1.225538650594629519e+00 1.582246621291486965e+00
6.773647331712759900e-01 5.380910004503906829e-03 4.548742148951977482e-01
2.506133680994644841e+00 4.087538916561964109e-01 1.550760300052046681e+00
7.971310718202114648e-03 7.405763886271734056e-03 2.815376427798124137e+00
1.466993983333774176e+00 8.056014176487907852e-01 1.641385845414750522e+00
1.969459791302327512e+00 8.523967256362560141e-01 1.786461212007959043e+00
7.111699643276932561e-03 1.075167367510732497e+00 7.489268718921085304e-03
1.235699680840770087e+00 1.423211006896296094e-01 1.344734490375678160e+00
1.507086812408736431e+00 4.296754669055070225e-02 2.391335884687793012e+00
5.444607245627733905e-01 2.457116360711042002e+00 8.269352361329319542e-03
1.903714439552628646e+00 6.818571340807753380e-03 5.884567762536567770e-01
2.443870900909867472e-01 5.762099915722544985e-01 6.260514048819854072e-01
1.353524364409096695e-02 1.731668635704830317e+00 6.614767221717199330e-01
1.172039366880582856e+00 1.578286557110324173e+00 1.227158508647733681e+00
5.162476985446674549e-01 1.243295318041381714e+00 2.735813805524596187e-01
8.866016466167924576e-03 3.478958561698659580e-01 7.800384952740224004e-03
4.575724546634012124e-03 1.101523392538371393e+00 1.358601870797787881e-01
2.553873994650074586e+00 1.520517133499523110e+00 1.729317010722736803e-01
5.068341465504554889e-08 2.148684442527181382e+00 2.596987238599849590e+00
1.563651065412529739e+00 3.638637277210750920e+00 2.014913650798131652e-03
2.148439242463648480e+00 6.104919761576890203e-01 9.006446509695742453e-01
5.976646179561803107e-01 6.651366643776887022e-01 5.917220632631434163e-03
1.090787880200120782e-02 2.571229827263345480e-01 1.813061034556816969e-03
1.105434429020557108e+00 1.983229438567703840e+00 3.026834176306715030e+00
1.091976532528104338e+00 5.163708059196949786e-03 4.059701526433944774e-01
5.531627073493993185e-01 2.160965992383983458e+00 2.598184756870565264e-03
2.054615982072217406e+00 8.444795355167591250e-03 4.250115086243391183e-01
1.969430555048178766e+00 7.437037576181232401e-01 6.292952353312355473e-01
9.992884012667008209e-01 1.125853750043480872e+00 2.846313466111490276e-01
1.389734430180593838e+00 1.783525889891983685e+00 1.384273584049031225e+00
4.015489510153675279e-01 1.259774029472349399e+00 5.641188254779548258e-03
1.125940594483158641e+00 2.006127286098666890e-02 9.309251512085966462e-01
1.566629136862035088e+00 7.217717237481559023e-01 1.254721106782188400e+00
1.534238823595640566e+00 2.664270005983647160e-01 3.018930040953105465e+00
1.788956489641429171e+00 1.513815547099093495e+00 9.163094472771355151e-03
1.031055889307276319e+00 1.624994413164005502e+00 6.643352061901047767e-01
2.716289131530417844e+00 4.417008972759688817e-03 4.058558106228869478e-01
1.192475880320641668e+00 3.905876110790404976e-01 7.469332242018719148e-01
7.149722761066482635e-01 9.495080592822380955e-03 1.169447446615831998e+00
9.354071080360995549e-02 1.048459611735014674e+00 1.109905425793657752e-01
1.292846558677376745e+00 2.676968105008207477e+00 2.276844874717053879e-01
3.736055205629361907e-03 2.601537728920975123e+00 2.225483370240759207e-01
1.130648461393052176e-03 4.989533238230191986e-02 1.612073628050647134e+00
8.379209009183496287e-03 3.078316188549599323e-03 1.338812185613498906e+00
1.896072839435307689e+00 2.295942102634747517e+00 2.769500190050382393e-01
1.859758818419209774e-03 1.268037099808511758e+00 1.201017678330786431e+00
5.190235282478806722e-01 2.710126169497191206e-01 1.125211714875174462e-01
8.830086808832823264e-01 4.085179387486193719e-02 4.657392035899327043e-01
4.662815913422823089e-01 1.327728562099579568e+00 1.757582867024271689e+00
-0.000000000000000000e+00 3.146117380698276289e+00 2.414390839138838042e-03
