6.556394392177277153e-01
3.588579554105755243e-01
2.077146412387961938e+00
1.637821802235190916e+00
-1.879441687280887785e-01
1.336121387993921550e+00
-8.554633374954269120e-01
-1.460267150629374511e+00
2.110301366269314638e+00
3.707537658696249960e-01
1.898264342348880973e+00
-2.155689312591082263e-01
2.846590784631412019e-01
1.875077257906698103e+00
1.970472598288163901e+00
-8.194211920405581884e-01
-4.107464033260777581e-01
1.720236516066794064e+00
2.317219882407834053e+00
3.120059935526169892e-01
6.391640399451995469e-01
-9.303118348414354255e-01
2.075347439598144994e-01
2.046157782528262192e+00
-1.011664223622882330e+00
3.329202674111731430e-01
-1.221743061861451540e+00
2.043130755967805801e+00
3.897053753432169754e-02
9.561231221904420430e-01
-9.166650016555829561e-01
8.264641771013352400e-01
5.267848350249910716e-01
-6.749533364364164179e-01
4.604182291959315609e-01
-7.858644261494024397e-01
1.713301961240296212e+00
1.842911582151035343e+00
7.768046757255265833e-01
2.177082021782106747e+00
2.144682561895546513e+00
2.133903303465600199e-01
7.766984003644210599e-01
1.172527402591790474e-01
3.612127405668897895e-01
-2.265999427385799070e+00
1.998291875903893677e+00
2.475024951351993963e-01
-6.209851316851676684e-01
-4.010795276787087471e-01
2.099914434666551699e+00
5.897305168862693181e-01
-8.770461125555022441e-01
2.035488942010037938e+00
2.078548677096056618e+00
-1.243469523279910449e+00
1.572455982901568072e+00
4.228402982961914081e-01
1.424737509252833156e+00
7.429425305485082287e-01
2.001075217280895213e+00
2.327456358933505332e+00
5.097850718198915221e-01
1.414277388113488687e+00
1.776629069448362186e+00
-8.794952568803305892e-01
1.024019772739081846e+00
-6.940350895038620571e-01
1.341456565724434391e+00
7.096888490161312735e-01
-2.617513391520015151e-02
8.104587720069246215e-01
-4.927233746087636979e-01
1.930541875859714152e+00
-7.146172497076598296e-01
-9.951068790462436198e-02
4.339226830429330217e-01
2.227156449308922426e+00
5.645028057503794772e-01
5.339496511247434629e-01
