7.752702637584855117e-01 1.465035821348876777e+00 5.058776048952349225e-01
4.363733798305179379e-01 1.508896303176623377e+00 2.744918406065299799e-01
4.071424237047975847e-01 1.376714115606726851e+00 8.384034452051958644e-03
7.959180975949462500e-01 9.553233725244789846e-05 7.015407026476814210e-03
4.660802883663112683e-01 6.446859489671156185e-01 2.422090750290811556e+00
6.171085491755198393e-04 9.394203919449927165e-01 6.932005637733728021e-01
5.719183047687769195e-01 9.194409265306641155e-02 7.768446370869329376e-02
1.681340181935508493e+00 5.084606211981814242e-03 1.872401435872528719e+00
8.971501834184625324e-01 5.822961299309320493e-01 2.659664784318151121e+00
1.105698609471765514e-02 1.502562901151163643e+00 9.002471463109130712e-01
1.958383582694441571e+00 4.607791666260256380e-01 1.802224075496059452e+00
1.002744393560098812e+00 8.010009480215755096e-01 2.017397279094078344e-02
1.051120121889138170e+00 2.139644977099162959e-01 1.666033066988288791e+00
3.977988912017586531e-01 9.348284552287763338e-01 1.061593548630357549e-02
1.375027264181325704e+00 1.527764603534444987e+00 1.044698529011621746e+00
4.555158057268505756e-01 2.152222179008509872e+00 1.549954611278823655e-03
6.928110109223455382e-01 1.186144373411655906e+00 1.511157319078229033e+00
8.132369072312777281e-01 8.816211504907786600e-02 3.318523407368792477e-02
9.645442446296310646e-01 1.491886035123311638e+00 9.325420294356577822e-01
1.359685493482366114e+00 2.327432498940960937e+00 1.027108548668756782e+00
2.454435889770087531e+00 4.547133587880842764e-01 7.062723854288333047e-01
1.617047393590167248e+00 2.494526157768311159e-01 1.346693520708339142e-01
-0.000000000000000000e+00 3.121369489370544315e-02 3.521003630868177581e+00
7.785381876283996826e-03 2.048253909351369917e-01 1.636686105518081913e+00
4.467185731997755926e-01 2.481658159241548312e+00 1.471101207818752421e+00
3.782328700108904956e-02 5.303557638139982022e-04 3.488455409562698107e-03
2.334054861986353924e+00 6.055330573699962797e-03 1.088684590627137183e+00
1.910465748570371769e+00 6.058230710072849412e-01 2.304837798428604145e+00
9.279233047472927945e-03 2.804417168766548230e+00 1.792995033596475954e-02
7.377785088312576178e-01 1.372317365983302118e+00 4.583341527015043909e-03
4.951709878906018075e-02 1.181400620655866929e+00 8.831388583796189184e-01
6.758714657136561943e-01 -0.000000000000000000e+00 3.077561197807664684e+00
1.845140212966714266e+00 1.465921180815926927e+00 6.653669840851193437e-03
1.318623200986320132e+00 1.832039476161976932e+00 9.877274771965528499e-01
1.060655533559018426e+00 1.028258253831016988e+00 1.080813561427682368e+00
7.721418308574572002e-03 7.790946083909086051e-01 1.443282313464797628e+00
1.872504052053859613e+00 7.082168069950862677e-01 7.720613187571631619e-02
3.286923775124097613e+00 1.783941362971201983e+00 6.361130964836611001e-01
7.679757551154700046e-01 4.002702764389512967e-03 8.247770177312860329e-02
1.370202511946011947e+00 2.643224290629003943e-03 5.449759131847905502e-01
4.172969688284138279e-01 1.598644477522080942e+00 2.638091000926999219e-01
6.263184964697848800e-01 5.035059986622060502e-02 1.390629603234639911e+00
6.386960913731734024e-01 1.421521499173219905e+00 5.451460808970987060e-01
1.213607046226570674e+00 5.769415702738565077e-01 4.090667066274748798e-02
1.042530293311915157e+00 1.269759936705258108e+00 5.929832391009685032e-03
7.772851909396449530e-03 2.476564529189327624e-01 -0.000000000000000000e+00
1.540092029326605827e+00 1.850776049159770231e+00 6.330132352919742855e-01
9.727217182069772261e-02 1.631996103701060408e+00 4.189197016567263732e-01
2.848511382942416348e-01 8.604596279647261925e-01 3.975974096354506493e+00
6.199380477976517735e-03 2.767549786829052838e+00 1.194348962312214324e+00
4.774425846810872454e-01 5.455478906996500191e-03 1.184504647122013900e-02
1.394100407679616405e+00 7.911452883228772479e-03 1.538144167115830685e+00
6.514421802731604205e-02 4.767816429969410907e-01 1.735906052341160244e+00
7.916820398147797477e-03 1.709592811907295173e+00 1.029540473494263475e+00
1.223733999103233439e+00 3.108168093029082812e-01 9.584396275817096827e-03
1.570319924061341244e+00 2.871932826642589198e-01 8.761809433394168733e-01
1.871410390272020052e+00 1.408107403801586388e+00 4.377862197266080280e-01
1.478689930856323276e+00 1.183258910185633006e+00 3.027564347935513683e-03
3.045620302604018281e+00 1.507845830371520979e+00 1.882799334086683986e-03
5.579884732845215023e-01 7.597878237680038005e-01 3.732090282720649382e-03
1.854960999821352985e+00 3.254723110282654375e+00 2.386858008723014568e-01
-0.000000000000000000e+00 5.198032872119417482e-03 5.301730976201659597e-03
2.643745517887895247e+00 -0.000000000000000000e+00 6.491033294222272598e-01
3.373786421285174253e-02 5.548080286091184865e-01 8.221705170091296866e-01
3.650838122063442270e-01 2.279123971875341326e+00 1.628353946454517628e-02
1.258795957954963685e+00 -0.000000000000000000e+00 2.457947398501539649e+00
2.127112026555744162e+00 -0.000000000000000000e+00 1.368266976152700654e+00
8.477289820260241505e-04 5.462943253374693553e-01 1.442783562355696603e+00
6.095129416978058989e-01 1.596168656977953737e-01 6.280412293076924612e-01
8.941624062302896414e-01 6.043965175173888343e-02 5.191273433986649533e-01
1.744687350211582721e+00 5.068002664505349975e-01 2.975539871408646175e-01
1.084516501758853169e+00 8.124827858288743432e-01 1.258441155227414621e+00
6.642432614399715884e-01 1.226561678009585155e+00 6.248402248128100966e-01
8.455640607102600237e-01 4.350114336705596663e-01 8.066287582584662497e-01
4.916532311255858989e-01 1.116038815529853068e+00 3.149783206715182082e-01
2.091636117695784003e-01 2.921115996122941816e+00 2.181064808716190129e+00
5.036348966235855602e-03 8.871993093834797464e-04 1.072852260341817798e+00
4.600856405366711699e-01 1.356510492016141711e+00 1.381918763504868863e+00
2.091624550424187490e+00 1.164075361908267769e+00 9.454190404432837314e-01
3.852453700138300675e-03 8.846731436106249902e-01 1.668738271268742412e+00
1.374990912950035504e+00 6.921740906218053734e-03 7.714633222041609173e-01
