-1.170245672485337396e+00
-1.617426298064373436e+00
-1.113763077316128669e+00
5.845412886193203095e-01
-6.714030766253504812e-01
-9.010949049066001304e-02
-1.172745045817085607e+00
-4.041417441496241159e-01
1.675937437014987652e-01
-9.312264557065390302e-02
-4.287491020208824000e-01
4.216032211468587199e-01
-5.443597907556226856e-01
-6.413250625686397477e-01
-5.753292015656967795e-01
-9.756257587005411347e-01
-5.113925250165181069e-01
1.304511437957360243e-01
6.897067226706299348e-01
-4.792758005148448075e-01
-1.182575152117903705e-01
-1.648939381028876813e-02
5.740230906792921362e-01
5.557816754509070645e-01
2.315541147769616115e-01
-8.588819680263924672e-02
1.780759344451108284e+00
6.989966687902028353e-01
3.450384625971067987e-01
6.754633884103383723e-01
8.996022279728014270e-01
-9.918535997321557829e-02
5.387593263904853769e-02
-3.906252658139598433e-01
-1.929937949874807046e-01
7.365738686089399190e-01
-3.803014749914804260e-01
1.313141390586115120e+00
