-7.566057145662257177e-01
-1.151714988790589311e+00
-6.997536480364160427e-01
1.792859560597128976e-01
-1.371909510150287614e-01
6.387508243689221654e-02
-4.041133674001539111e-01
-4.341531859394480719e-01
-4.385207582299077145e-01
1.747805808418374796e-01
-1.278466647948036106e-01
6.555728899617714323e-01
-5.006327907576588743e-01
-6.589613279049287842e-01
-4.291276906061228247e-01
-7.467558822612362368e-01
-5.067989385840429017e-01
-7.814401508831236853e-02
6.268609353857228506e-01
-2.762193938131184412e-01
-3.366257140885363097e-01
-1.677888291370967580e-02
3.353206207018805118e-01
2.890459217146837401e-01
1.354560113758306594e-01
-4.332547742769419230e-01
1.404237875309670036e+00
5.758193876330182093e-01
1.004503490519563086e-01
4.816962218269320584e-01
6.405208102703195960e-01
-5.821321711727740940e-03
-4.613166746773401244e-02
-2.183043867695881324e-01
5.652371069381492696e-02
-2.017992915594326031e-01
-2.317855199130040844e-01
1.058447180666854281e+00
