3.158964803488354400e-01 9.907436989013218565e-02
1.145264361787932256e-01 -4.590978601902553913e-01
4.636914492968275958e-01 1.389290707966209792e-01
-1.543829919565073427e-01 -6.184878644965927652e-01
2.005170399435890205e-01 2.939810073583007943e-01
5.848647350950420681e-02 -1.018312506620278723e+00
-2.483838927752447245e-01 -5.627855259250493791e-01
5.853266259395000226e-01 2.279902404140217442e-01
1.711029189729424527e+00 -1.390594727449897094e+00
-8.016764530692369606e-01 -8.335127347096247252e-01
5.068935932441310036e-03 -2.811341982527679195e-01
3.891965060251981745e-01 -6.174557961336001322e-01
2.855652249109031857e-02 -6.443502375494084000e-02
7.593023178335668311e-01 -9.966622881256398392e-01
6.494448624788143332e-02 -6.206239080118974849e-01
1.971367372844893273e-01 -3.755859646890166714e-02
5.043603071427610329e-01 -2.287356707977444559e-01
3.977714977680003039e-01 -1.612359197586030191e-01
3.403922201159694794e-01 -6.857277548834591618e-01
4.105246365805618192e-01 -7.838947087882893738e-01
4.948950417617381525e-01 1.543678807220244253e-01
-4.307614105301298957e-01 5.222666194530382056e-01
7.527000512829696843e-01 -5.422841371204299987e-01
-4.840001353031012088e-01 -2.416460660195493659e+00
-5.355619725779883211e-01 -6.179148950267757678e-01
-3.051417088315684922e-01 -7.133871485260240286e-01
7.393439636232059797e-01 -1.278191705262591849e-01
-5.263305161332446636e-01 -6.947327413823063680e-02
1.280981690312512633e+00 4.331617301447613505e-02
2.526338378386347450e-01 -6.227858637492220684e-01
5.150160202792731790e-01 -2.444410189717527715e-01
-2.494880804229883675e-01 -5.342292701492659113e-01
1.922238430695226707e-01 -3.358082727112934873e-01
5.261488044861973856e-01 -1.771781245495081425e+00
2.536825201505157543e-02 -5.669028563132038068e-01
-9.517937708809416364e-01 -1.346939390113390367e+00
1.218299989174315812e+00 -1.155974615471573319e+00
5.450550382860098741e-01 -6.785126619606600684e-01
2.570271072662249634e-01 -7.299436375089072282e-01
2.870949988205468983e-01 2.602280383204947367e-01
2.188317736447710493e-01 -6.115823065650857204e-01
3.868676305679200761e-02 -5.497456115772672014e-01
-1.062587020619882097e-02 -2.057922144098440209e-01
4.288290993417713248e-01 -3.143545862356879050e-01
3.754652319360358703e-01 -8.183176016212517778e-01
-2.690150087586422670e-02 5.941463685592740518e-01
1.397697299426747808e-02 -5.078914140221658657e-01
1.190789856751431453e+00 -8.790368240388426457e-01
4.904808960781797955e-01 -4.017723147360960922e-01
9.956104932638773844e-03 -3.139446669042353366e-01
3.972471775793093296e-01 -6.538220115637469187e-02
1.507088674820035723e-01 -6.465827716379847212e-01
1.256638895166328540e+00 -1.254732035899804421e+00
4.154680640456433482e-01 -4.592907395767360512e-01
-5.750962201398730489e-01 1.587544260090945902e-01
9.832014828667589024e-01 -1.065739503347953088e+00
-2.441460162019683591e-03 2.792336266900726227e-01
1.728601001440663421e+00 -5.517559393643365340e-01
3.690000254654208778e-01 -9.630386762891268715e-01
5.515398332645671253e-01 -7.327587670186692659e-01
7.980096487928634019e-02 -9.995641835262127073e-02
5.852812249861930605e-01 -5.121935973045156354e-01
3.982608969842126312e-01 -1.104576212834102455e-01
2.539162795537764361e-01 -8.812930066958635233e-02
3.934636220175918159e-02 -5.129625331183454984e-01
3.088769123329432320e-01 1.209888089986068532e-01
4.107073460519386487e-01 -4.002482959491100445e-01
-2.590873346779339666e-03 -4.919512344706271634e-01
9.843665356288651136e-01 -1.716572254818679255e+00
7.334425976321287122e-01 -4.844602842661674402e-01
3.397086055802659432e-01 2.448602664034096876e-01
3.565213947453200333e-02 2.473142679558648638e-01
7.874605880272409486e-01 -1.244514272903243235e+00
2.681705023570942759e-01 -5.893477285913314295e-02
1.358597195123961932e+00 2.303161197100810631e-01
-5.608886045846351448e-03 -9.241286251712387267e-01
4.315284201081853177e-01 -1.041295826140053726e-01
3.271215053299972864e-01 1.615372076672261237e-01
9.105768767784132578e-01 -9.434823451299394481e-01
3.910285928334887862e-01 -3.778104170789624017e-01
-4.876762835219661807e-01 -1.302869441527948036e+00
3.781535248759923529e-01 -1.260382057803526079e+00
-1.677754691088632344e-01 1.488605914736187974e-01
1.085400478676886715e-01 -5.139674397581640575e-01
2.851029713927419884e-01 -8.441984373063495806e-01
4.299993257834771043e-01 -4.034993102190219116e-01
4.697303378845280042e-02 -1.407532836877803062e+00
8.198864749306148392e-01 -9.302547503318971955e-01
2.344713099840797788e-02 -6.581024724934196879e-01
-1.184713485365231772e-01 -1.516692750654359712e+00
6.892044818086363878e-02 -1.429896607364558869e-01
6.019524226545389656e-01 -4.570757701980844301e-01
5.142140485591214505e-01 -5.936022883237934700e-01
-6.667563035547195704e-02 1.674275947039832457e-01
3.612975260248517673e-01 -1.480874993523902061e+00
4.050429215402193694e-01 -1.881535148718952929e-02
2.227102717717519831e-01 -5.618109835280293146e-02
7.086850093552145291e-02 -4.920937868464594911e-01
3.844770369935522902e-01 1.510026520147163820e-01
8.783712606508857768e-01 -7.493365081549687723e-01
1.416401972104107954e-01 -5.586703185102660507e-01
7.674925902699294977e-02 -6.128393359706695298e-01
5.873490400507386244e-01 -1.008996382057247621e+00
4.511133380029581641e-01 -3.002247626252397272e-01
-3.256310390065286220e-01 -1.767846305000814633e+00
1.225913740107110322e-02 -4.122236385635077438e-01
3.767241909207997286e-01 -1.031577168427908919e+00
-9.486407333666611874e-02 -8.332805317561180203e-02
1.361912967721934098e-01 -5.355552604942905859e-01
-1.565767324088055412e-01 4.564178612162248655e-02
6.075242137746716953e-01 -4.367093659006127809e-02
3.669925944156099407e-01 -7.761403492785022840e-01
1.976040469749947570e-01 -1.151385967477102312e+00
-3.298127782550810405e-01 -2.286568108925606246e-01
6.131547863047966951e-01 -9.246634253541075044e-01
5.552856509393265805e-01 -6.460880786469087589e-01
-2.543538673235012371e-01 5.545920245909847779e-01
-7.320763279189095307e-01 -1.033282863380505789e+00
-2.734376219952592280e-01 -5.948627861596981203e-01
-2.350313017027067519e-01 -7.696436262383005156e-01
-4.123028082141110828e-01 -5.887336916853994628e-01
3.124130049331256820e-01 -3.632853489420028725e-01
4.140277033249266658e-01 -5.460491734471186742e-01
5.804071467169346077e-01 -8.500253705702075502e-01
1.128120134627108861e-01 1.892247408235578354e-02
1.443569041468937053e+00 -1.359858917935914402e-01
1.568103821083602356e-01 -2.472763529799878734e-01
3.624449214242793649e-01 -6.142210535398279214e-01
1.908449557196372215e+00 -5.305718345344940801e-01
4.838801645954811659e-01 -6.853745048593012923e-01
-7.572469888590879217e-01 -1.914868969814882194e+00
-2.148779421615594140e-02 -1.673683585105766536e+00
9.876656106786597666e-01 -1.499596192634478076e+00
2.110137597420032318e-01 1.527981832473503665e-01
2.308972712892995716e-01 -4.737646488796155020e-01
-3.777454868673971156e-04 -2.968998788642042332e-03
5.586503732618001150e-01 -1.720970002471833848e-01
-5.938963779009522048e-02 -1.141399460904192059e-01
-1.853701395301763921e-01 -2.678221573736014882e-01
-2.259138770372856042e-01 -4.239413458679994195e-01
-2.446855345041284643e-02 8.693786105357359517e-02
6.056582617395405155e-01 -5.156079470423141631e-01
-1.409705788890259770e-01 -7.891188092275871480e-01
4.740705623782924261e-01 -3.913459464064003579e-01
2.457662147545522924e-01 6.909640560837714274e-01
-4.058210428725783081e-01 -2.419327899395306569e-01
4.151915534647742656e-01 -6.663303763823769099e-01
8.868872435009826916e-01 2.403094458269759426e-01
-4.776857656648353934e-01 -4.868352913542056126e-01
1.550850964779276309e+00 -5.791326328248596056e-01
-6.281052209059920788e-01 -3.341506013953820520e-01
1.223740918062863559e+00 -1.337094381997546710e+00
6.425357105590656648e-01 -2.828704581509035657e-02
1.137315496393078162e-01 -1.555307407145901433e+00
2.227607487626875882e-01 -1.178460705690796972e+00
3.394976080453374068e-01 -3.817991788081729482e-02
1.388423531296808733e+00 -4.273258334815211446e-01
1.145323477361970044e+00 -4.150245752122911358e-01
2.800170805971575194e-01 -9.918178425532961917e-01
-8.028913771912991881e-02 -1.453618075121328124e+00
1.219859474311602889e-02 -3.322960466976979665e-01
6.361549998555755536e-01 -1.016387092049587881e+00
2.180021162301836596e-02 -9.775507794353374136e-01
-8.889052374886925734e-02 -1.409720851445314116e+00
1.923433747551530834e-02 1.307400986207745697e-01
1.950563645690133185e-01 -3.132574125909662888e-01
1.881890810240083312e-01 2.947843899545282351e-02
4.476767285751494518e-01 -1.006598427725899469e+00
1.441633155905432395e-01 -1.441913639248353363e-01
1.049507537526604972e+00 -8.120608120216223913e-01
1.269056652507088101e+00 -1.190954266324243616e+00
4.706711155213729736e-01 -2.415991771492791429e-01
-6.494240440560337946e-02 -1.654489851211364271e-01
1.073246724484989478e+00 -1.176272616965784668e+00
-2.430719230992062496e-01 -1.558691650796328876e-01
2.491422047177267729e-01 -5.792804646211990871e-01
-1.354278490901290322e-01 -6.198188356098078833e-01
7.974722771170217328e-01 -3.969089918992835253e-01
9.446149701845450719e-03 1.092135219421192516e-01
3.298747453189144752e-01 -7.076182564620325799e-01
-1.352979616325454548e-01 1.282149272005283502e-01
2.936510173900757636e-01 -3.443335353800505705e-01
6.513057704217930510e-01 -7.470709248938306457e-01
