-3.430190573398545495e-01 1.948048655886588099e-01
-1.510126498436257514e-01 1.175209626579687139e-01
1.632980475995156333e-01 9.000134958302443700e-01
-1.492730730981588927e+00 -2.478303932539552612e+00
-1.591585950420281170e-01 3.963824040713600505e-01
4.402588609349790405e-02 -1.943341465098953336e-01
5.315203013539139265e-01 -3.674480501228893359e-01
4.541268069345016228e-02 -6.073935082899989402e-01
6.260746301945285808e-01 2.546600793453765998e-01
6.828935322553054688e-01 6.105041303414929788e-01
-1.502178606782056947e-01 -1.867358863440376771e-01
-1.628827245771789223e-01 -1.578600579796791414e-01
1.806642406912516152e-01 1.633571277881036288e-01
-1.542935641154498660e-01 -6.277062300506949244e-01
-2.193569776191854059e-01 1.745809669115770957e-01
7.117452884122948964e-02 5.577168795911604526e-01
-3.457155922420918764e-02 -4.428087085550260760e-01
-3.535993158387266133e-01 4.859721192458702488e-01
-8.362722896436943290e-03 -2.889881651117958139e-01
2.235953280556674250e-01 -2.330548154631469637e-01
-1.743259742930151901e-01 -2.885224678586729152e-01
-2.571982802496609599e-01 -5.874800724428077409e-02
1.131471268818402542e-01 -8.569103369050179442e-01
3.294621979713743265e-01 4.825902100218030788e-01
1.929694882794688870e-01 2.299417614809279309e-01
2.514617116273676900e-01 -4.255613043000641138e-01
3.130576603381924339e-01 -7.654209023363681696e-01
-1.667258043476000706e+00 -2.133502938368146751e+00
-1.007464169811049665e-01 4.203849750746400660e-01
4.109452614923502778e-01 -4.098917074180478681e-01
-9.749918477530013228e-02 2.958446573721525974e-01
-3.524716304540411183e-01 1.418354786482245791e-03
3.088367372198716487e-01 5.046760687215230412e-01
7.700259642552502448e-02 4.937807677056609279e-01
6.041978237762181403e-03 -1.524772758067342859e-01
-5.288762325962340777e-02 -3.268760473468107497e-01
-2.027200938793293883e+00 -3.092003743629493595e+00
4.453596559369029650e-01 -4.434419212725157489e-01
2.874638563634590582e-01 -9.135398615383995280e-02
-3.544720343667925877e-01 -2.859188682261793943e-02
-1.729034052831287249e-01 -6.867427053415328109e-01
-2.226748205809780945e-02 -1.307609261665931485e-02
-1.029693495857014335e-01 -6.776956143154889978e-02
2.575881959345988070e-02 -6.061746205296965340e-02
-5.665510251368847949e-02 -9.226919497590305164e-02
-2.442680159057513567e+00 -3.611019160202113554e+00
-2.675474831451155056e-01 -4.477630618281684682e-02
2.652029503895043105e-01 -4.423851552695922534e-02
-1.595994428924413788e-01 -4.634730137384049375e-01
-2.872049705366743200e-01 -4.890314890313845475e-01
1.841585870158121419e-01 -2.369082085135156834e-01
5.196228462405292348e-01 -1.620034171054643146e-01
-4.270418395876883766e-01 1.479578097413865034e-01
-5.447237126829995724e-01 -2.078548870875651378e-01
6.376580840893809610e-01 6.610125053194678378e-03
6.616976928301433469e-01 3.313479113707884505e-02
-2.714467434003630664e-01 1.516383247469044737e-01
-5.641636755245350160e-02 6.418834135235038096e-02
3.320413862825349893e-01 -8.062958594608520269e-01
-9.650163476800749374e-01 -1.605876818071275830e-02
6.593449227525289766e-03 -3.054736670934738996e-01
4.378518473616627160e-01 2.832387087920086866e-01
5.795180763529781398e-01 1.067307824597287375e-01
-4.171076116226517527e-01 -1.245589716405962333e-01
-5.067304579128275144e+00 1.154922188927798743e+00
-7.016771835449718830e-01 -2.569649479563251293e-01
1.599592665819588588e-01 -3.203692426411028915e-01
2.121041920352092769e-01 1.120727372297590646e-01
-2.237409917591547392e-01 -1.857894889935093885e-01
-1.512043471564395725e-01 4.448258289043623415e-01
1.578042643899011943e-01 1.169342691951930635e-01
2.949589595143942145e-01 2.736277094881066629e-01
2.179150993300787709e-01 2.606211996965130950e-01
-1.964312889333309220e-01 4.723047383527845811e-01
-4.655635229006636067e+00 3.801755208971196454e-01
1.399782378727826293e-01 -6.231899109526893854e-01
1.895431139120635523e-03 -5.857682272314277405e-01
1.534281727423860708e-01 -4.523357070608453601e-01
-4.850859859642293048e-01 -5.193374870321544323e-01
4.512574277192530348e-01 2.033893009831677368e-01
7.081237533348301305e-01 -5.198986461634353545e-02
5.743817702230773203e-02 6.766850845908649326e-02
5.165966295093248339e-01 -6.939668356539171468e-01
1.154669978222051807e-01 4.796481934210580222e-01
-4.221832475084181246e-01 1.563261148051295867e-03
1.164678785033948505e-01 -9.326769863075152767e-01
-1.986026313901610996e-01 -3.874957005332289040e-01
-5.524583598749626123e-01 -1.213978093306570694e+00
3.256491833061762875e-02 1.199879846672529116e-01
1.200672949726165756e-01 -7.048300280456186728e-01
1.875204093423845364e-01 -3.530585023699234215e-01
9.969236750523126356e-02 3.352720379016956298e-01
-1.007071959230467807e-02 -9.005379844940357426e-02
2.776141357311393554e-01 2.724261107251527494e-02
-1.975353867856257384e-01 5.299131607341808214e-01
-2.247223953097689242e-01 1.820097722653504085e-02
-1.123805772959521665e+00 -7.706254684960126555e-01
9.963295736314388418e-03 2.409140523064313977e-01
-8.648361249012406216e-01 -5.667606847997623820e-01
-6.142679876538671202e+00 -1.596374532122935702e-02
-1.242007577814828290e+00 -2.265975632696356268e+00
-2.361073393703787826e-01 -2.263534428098091522e-01
-4.914428194216572954e-01 5.498828000680688194e-02
7.754151144319251232e-01 -3.274006075271263666e-02
6.237879118902645015e-01 4.026599062227293468e-01
4.846620778356080378e-02 -5.562335352725248372e-01
6.709465246065587918e-02 2.315851935631976222e-01
2.572085190109010266e-01 -3.516079117066209792e-01
-2.182528141938377519e+00 -7.240131149355810702e-01
-6.304995977184008060e-01 7.971493729160356034e-02
-1.907548983297263911e-01 7.576868582142516351e-01
7.822774097698174944e-02 -1.399193783413689718e-01
4.671833124886335398e-01 -6.107144160466450034e-01
2.010627164934559660e-02 1.897840664315647297e-01
-1.898036165389039187e+00 -1.433929528346447269e+00
3.790201326923675618e-01 -2.350147519365999582e-01
2.268341798455558167e-01 -2.152354546023363402e-01
7.268682086844933110e-01 9.828215550224017605e-02
3.978172010589645646e-01 -2.104601148628576779e-01
3.661460920122294183e-01 -9.265628995374243226e-01
-1.069296089187637688e-01 -7.372338467410695095e-01
5.566644099226433079e-02 -1.091725134197374797e-01
-3.705717849966166377e-01 -4.185922285430832002e-02
-5.058530144971810222e-02 -3.975892972706455142e-01
2.471003563950597837e-01 -2.218028133212142719e-02
-1.704453589061467877e-01 3.662247295431325655e-01
-3.781083688542189597e-02 -3.414835351160295240e-01
2.194576340257107794e-01 -1.718051023626641083e-01
-2.977717834982473999e-01 3.880499072148824169e-01
4.078415686065169354e-01 -9.742719581904124571e-01
6.548499398448420772e-02 -2.450705312352069176e-01
-4.499291396448518721e-01 4.778282841180850893e-01
8.163050796257877995e-01 1.984799163954635015e-01
-3.556715053912365421e-01 -3.345099290847206031e-01
6.782398664590488790e-03 7.723499925398927268e-02
1.588458159163345318e+00 -4.225505228797429069e+00
4.296801393377506773e-01 -2.974089436992092272e-01
-5.999238775926242495e-02 7.283952069701863374e-01
-1.945817946418491040e+00 -6.104488412112466511e-01
2.412051005069128784e-01 3.118172748643637249e-01
6.242444885043632041e-01 -9.842853897905302907e-02
3.217088269861072269e-02 -1.007405448863737674e-01
-2.841766408492240603e-01 -6.747423991294460022e-01
-7.805855943709528733e-01 -3.208702730529451874e-01
2.452731470824426330e-02 7.480350547372048575e-02
8.413043753140467818e-01 -3.432757793838820543e-02
-1.986668665649450258e-02 3.347758313369731953e-01
-1.236674118308201537e-01 -6.684471398543654352e-01
-9.859466497889275705e-02 2.226129872044043667e-01
-4.876658096334577586e+00 5.069732495708900721e-01
2.267719426104432834e-01 -3.456258315959441219e-01
-5.055442134561028977e-01 1.578115517824164871e-01
1.999536826679031154e-01 -6.367499284401395565e-01
8.372514447200402055e-02 -1.311548153573380560e-01
-2.927832131144725639e-02 -3.739173106953094794e-01
1.218477783972369277e-01 5.156192913806653122e-01
-2.953399402913147731e-01 5.146742035472651189e-01
7.568131191342382380e-02 -3.952890906737892007e-01
2.611079388176599236e-01 4.663603633291454886e-01
-2.735014463191766110e-01 3.302596676419919386e-01
3.801356214772649844e-02 6.114773106456343754e-01
-4.351481558829526364e-01 6.808526734880440690e-02
-1.129450623255291164e-01 -1.847508026606002052e-01
2.647918234291320519e-02 5.740370613640313202e-01
-3.713022718435340375e-01 -5.835215100987487524e-01
