2.756272100914277084e-03 1.172040288562630206e-01 1.518783823676095879e-01
-0.000000000000000000e+00 2.206735574607870121e-01 2.849455913299007159e-01
3.333423191218677917e-01 1.817985334559816092e-03 2.309813214425266142e-03
-0.000000000000000000e+00 3.040710231350040593e-01 3.927500835343332164e-01
6.821712166030783342e-01 1.331156334557039359e-04 1.689266311291151579e-04
2.026991481947312910e-03 -0.000000000000000000e+00 -0.000000000000000000e+00
7.900414019562041141e-04 4.455795259327831326e-02 5.792881919061318441e-02
-0.000000000000000000e+00 3.459045892804732273e-04 4.507824572083378618e-04
-0.000000000000000000e+00 8.148730420767910654e-02 1.055598478577645521e-01
6.317427526982249963e-02 1.350163693998701316e-03 1.704258446209231835e-03
6.079325280614685800e-01 5.049935650751096643e-04 6.460433426622409292e-04
5.962756018959765036e-01 -0.000000000000000000e+00 -0.000000000000000000e+00
1.715621725959228785e-03 2.551652118303459060e-01 3.289934306530983288e-01
3.923966622407908389e-01 6.757305054624729128e-04 8.615328108629344457e-04
-0.000000000000000000e+00 7.622890725643438788e-03 1.027498151695872310e-02
6.250886330904487087e-01 1.057779458476209265e-03 1.329772880983603675e-03
1.709616827310755233e-02 -0.000000000000000000e+00 -0.000000000000000000e+00
-0.000000000000000000e+00 4.450960298333140643e-03 5.600691225390225236e-03
7.614315308389314058e-03 6.153346233403442266e-04 7.831500940192102043e-04
1.192909274866937180e-02 4.743045591151291533e-03 5.997600578067659345e-03
6.317157394863985864e-01 -0.000000000000000000e+00 -0.000000000000000000e+00
6.851124999292373128e-04 9.882280010898829292e-02 1.283820808277607028e-01
-0.000000000000000000e+00 1.995579461977982708e-03 2.559370030245603379e-03
-0.000000000000000000e+00 1.768265052737735821e-01 2.287796173034268576e-01
4.174232680988519961e-01 7.466255576804572622e-04 9.489135331671865207e-04
5.416282451542749898e-01 5.565863252854834180e-04 7.093259746381872302e-04
-0.000000000000000000e+00 2.126260352021263900e-01 2.746676362740346211e-01
2.476210605559978420e-03 1.913011720340442035e-01 2.472169909836453294e-01
6.319925326122273201e-01 1.052343787490888109e-03 1.329161044566666474e-03
-0.000000000000000000e+00 1.951038917893890556e-01 2.521219088369534012e-01
3.856605886381503923e-01 1.976607757327367013e-04 2.534125122567287944e-04
1.811432110479781763e-03 1.708542703144475816e-01 2.204039772266936925e-01
6.826876456178393449e-02 2.433764016082288432e-03 3.087453113508785256e-03
-0.000000000000000000e+00 6.578615817985208544e-04 8.441402025161887741e-04
5.708160335432752586e-01 -0.000000000000000000e+00 -0.000000000000000000e+00
1.920280968297014348e-02 1.130173722186026547e-01 1.456002945773770263e-01
-0.000000000000000000e+00 1.517519057098326053e-02 1.981974719698999937e-02
2.190762825406136760e-02 -0.000000000000000000e+00 -0.000000000000000000e+00
-0.000000000000000000e+00 2.289159663199542560e-01 2.961731783902686321e-01
5.092753143950968543e-03 1.505690706441760729e-01 1.944687715650861848e-01
4.881880798815624659e-03 2.811677674716591135e-01 3.630118615598910692e-01
3.780147113110182006e-03 3.847292275786586046e-04 6.247546167071148888e-04
5.171245363262737538e-01 -0.000000000000000000e+00 -0.000000000000000000e+00
4.144574175447593434e-01 1.308001610595338005e-04 1.657302473622063481e-04
-0.000000000000000000e+00 1.255661991350974782e-01 1.628523159270290621e-01
-0.000000000000000000e+00 3.159055304252493257e-01 4.078116248160498780e-01
-0.000000000000000000e+00 7.981843941009753030e-02 1.039180712688211050e-01
-0.000000000000000000e+00 8.352282987492326560e-02 1.080826329780809059e-01
5.854113373211504434e-02 -0.000000000000000000e+00 -0.000000000000000000e+00
2.042406453144582270e-03 5.508796789655043963e-02 7.131535083220687243e-02
-0.000000000000000000e+00 1.215991600858738475e-01 1.577939747801255788e-01
5.514334943454846094e-01 -0.000000000000000000e+00 -0.000000000000000000e+00
9.403276894177374848e-03 1.102138786818933260e-03 1.396502636300581439e-03
4.778230951986776366e-03 1.349417489529582343e-03 1.723024000220605518e-03
1.846248380759458454e-03 2.586236081642164994e-02 3.343268211787669281e-02
4.844441031226511263e-01 -0.000000000000000000e+00 -0.000000000000000000e+00
3.066169786211217756e-03 7.648240531866527976e-03 9.751542468641623967e-03
-0.000000000000000000e+00 1.189907077456293510e-01 1.543466991473186334e-01
5.071512288127923984e-01 3.735537051936495072e-04 4.776669690570162349e-04
8.845151083774085640e-03 1.969552834864577925e-03 2.512680524383496469e-03
5.262720770272265591e-01 -0.000000000000000000e+00 -0.000000000000000000e+00
6.638485496281436582e-01 -0.000000000000000000e+00 -0.000000000000000000e+00
6.377904283398894147e-01 -0.000000000000000000e+00 -0.000000000000000000e+00
-0.000000000000000000e+00 5.665734920555125231e-02 7.384009359184567911e-02
1.695583705423805163e-03 2.226109862864033249e-03 2.875471573768895346e-03
6.081345024271600508e-03 -0.000000000000000000e+00 -0.000000000000000000e+00
6.087739263931336575e-01 9.862170929346666427e-04 1.243980594247466338e-03
7.769883167690329502e-03 1.772898673498817445e-03 2.259177401091339195e-03
1.328281236128167897e-01 1.064378305977514184e-02 1.365323350948479710e-02
2.316299887026093407e-01 4.673483226788447548e-02 6.017373693310709704e-02
1.767038540582515889e-03 1.301346171197132959e-03 1.733401359619903383e-03
5.945683824523132488e-01 -0.000000000000000000e+00 -0.000000000000000000e+00
1.136796150227555686e-03 -0.000000000000000000e+00 -0.000000000000000000e+00
5.396714543643751222e-02 2.625323671619721362e-03 3.403032583484682724e-03
4.103829366135299805e-01 -0.000000000000000000e+00 -0.000000000000000000e+00
-0.000000000000000000e+00 6.048831708516588107e-02 7.804812003863374759e-02
1.548335732203782057e-03 3.175857024118662175e-03 4.091252836322593726e-03
-0.000000000000000000e+00 2.213648560805990539e-01 2.861203646556818581e-01
4.157138465215337586e-01 4.025844097047672626e-03 5.108928062400769007e-03
2.426314837527936488e-03 1.028238281001246229e-01 1.333489886885935727e-01
6.003059964392485348e-01 -0.000000000000000000e+00 -0.000000000000000000e+00
