-1.549331862169708862e-01
-7.729566158579100899e-01
5.581327841575324522e-02
-1.219500662207994024e+00
3.980792064130456165e-01
3.248455993074700343e-01
-1.435421610396105940e-01
1.262832941502814443e-01
-2.984792785070966015e-01
1.357664242577743818e-01
2.755885611725056861e-01
4.913222520849915287e-01
-9.809087361925273862e-01
1.775743724493961395e-01
1.810130185171203443e-02
4.734056406922158566e-01
1.695859226857207580e-01
-5.240789296692664051e-02
7.722525493082817161e-02
-2.146134571548079240e-02
3.978611067303739479e-01
-2.337495445575543118e-01
1.459016644162940135e-01
-5.986956465973035657e-01
-4.026274429458003706e-02
3.086982669067122043e-01
-5.320632172027131013e-01
-4.659771982061680085e-01
3.161062748071142847e-01
-6.843949109400127018e-01
2.257000799583891160e-01
-5.605804962458474927e-01
2.562538199416867224e-01
1.301963342215047836e-01
6.242059942611741796e-01
-4.913520210349931472e-01
-1.651240589787194568e-01
2.106779320098799979e-01
-8.204722211823978206e-01
-3.866818051300546233e-01
-1.014639553716364384e+00
1.237433538838020874e-01
7.390300967369826113e-01
4.070306253410598818e-01
-4.515555304196344766e-01
-1.068911441028054465e+00
-2.353032571865465994e-01
-2.840120321750427834e-01
3.764923890821874064e-01
-1.547442828516901459e-01
-3.172085860521720591e-01
5.402711007139576749e-01
2.909334453197365278e-01
1.185206441896470425e-01
-1.304613745670031300e-01
4.263634176411412180e-01
1.307074317825655529e-01
-3.537352194928601867e-01
4.135938058532874217e-01
2.811328639368725346e-01
7.908539032653771894e-01
5.778541999511412897e-01
4.908598185195136576e-01
-9.896957087875335457e-02
2.723372104279840333e-01
1.928101020898282947e-01
6.547170448213834870e-01
1.941743923992350629e-01
-1.937886491287175647e-02
-1.830520878243442617e-01
1.547233976192833593e-01
5.584862054024165579e-01
2.403390176562826830e-01
1.971767552316481542e-01
3.116323110819246844e-01
-2.311048234318345551e-01
2.001296981816757525e-01
-7.428535670451458239e-01
3.028716754312589243e-01
-2.763022330393720138e-01
1.690162360797331786e-01
