-6.272325594510024249e-01
-1.645553645028705159e+00
2.124437973015778525e+00
-3.203256925176918735e+00
4.279424358639244197e+00
3.699944440447771599e-01
-8.725243849159528553e-01
-2.919082566152342295e-01
-1.070164302587565341e+00
6.437250660495028587e-01
3.367639891205167491e+00
3.736874713395925252e+00
-1.880211982579136354e+00
2.581621267480602278e+00
-5.699861763685236671e-01
3.451600492252909991e+00
4.177770967778611511e-03
-3.269789197127141445e-01
3.903215829575243379e-01
-1.150784406789510765e-02
3.349769814585549454e+00
-1.066535516994807864e+00
-2.589944148436407190e-01
-1.917367482071111295e+00
2.176797076061241842e+00
3.158866229015360183e+00
-1.221765678594295412e+00
-1.112503491870829642e+00
3.430277662455792687e+00
-1.370092275249080505e+00
2.487884454161497949e+00
-6.270992428162779353e-01
8.617865198226629664e-01
-1.389253212038887575e-01
3.680685036064223148e+00
-2.872122275874824382e-01
-4.013079327837270061e-01
4.989399215204639026e-01
-2.593604901429154452e+00
-8.238542910626712734e-01
-3.075014443371252959e+00
2.882669595543636137e-02
4.051371032640308734e+00
3.114367089575299730e+00
-1.523433720128860358e+00
-2.384905118701240667e+00
-1.240564282317625278e+00
-4.153663759853865600e-01
7.852128002336108414e-01
-3.047140275549485855e-01
-7.728857021009786221e-01
3.614535129335250563e+00
4.619323770027557452e-01
3.440731577471269759e-02
-3.233119211946408056e-01
3.102802081940867485e+00
3.515290215667001006e-02
-1.349288800084595952e+00
2.891147390131171946e+00
5.533158162466025320e-01
3.822711714700140373e+00
4.531396866484768360e+00
3.803010235732247057e+00
-6.547729181585520974e-01
5.771976939652562200e-02
2.574509062210474375e-01
3.858584535738791121e+00
3.791951571144319688e-01
7.709166553194082283e-01
9.439473597335991117e-01
-4.677797881683425918e-01
4.261737684461445852e+00
6.676571589999662493e-01
4.510145371701996808e-01
2.346078554805365979e+00
-7.661200381145830685e-01
1.001601256766594256e-01
-2.079358332899326367e+00
2.085518548926006410e+00
-1.050292330064879209e+00
2.961737862509099539e+00
