-8.918516286495273837e-01
-7.085518228730505186e-01
1.329191086771442043e+00
9.145776075899046675e-02
-1.261876737723697239e+00
-1.327540521663385986e+00
-4.173403935661291753e-01
-1.596915873694440879e+00
5.979840582975572486e-03
1.006701828200692095e+00
-3.770347198674205980e-01
-2.857953115767568608e-01
-5.636574084648193761e-01
4.626036281457979182e-01
4.514212968515539659e-01
-1.957297101096402633e-02
1.516633280905983483e-01
-3.707707586701927682e-01
-1.390703861897199189e+00
8.272223861080060248e-01
-3.422382227942798449e-01
3.815821241579101658e-02
-7.605808446021321556e-01
3.193702072652890300e-01
6.308400942670951972e-01
1.265660989398157854e+00
-3.236530677542997503e-01
-9.377271865654626115e-01
1.503637485512783201e+00
-6.034404153508986512e-01
-1.217795312031619615e+00
2.329922696553451633e+00
-8.487212592631100394e-01
-3.453745826592819479e-01
1.054674762873324179e+00
6.412747997424916857e-01
-9.857152343149180873e-02
-7.583515510169703822e-01
-1.784293253758055808e-01
-3.965827638660998078e-01
-2.199826767594158516e-01
-1.215506036848787302e-01
-7.096732986964167100e-01
4.036295217174420413e-01
5.671312732675452828e-02
-1.051208243167267402e-02
-1.438705305158433756e+00
-2.193816060130690804e-01
-1.817798409523654068e-01
4.635341581447046666e-01
2.270211402525142419e-01
5.773896764950564586e-01
3.678525284307574417e-01
2.916963572830601481e-01
-4.565401148673897125e-01
1.198380718418056379e+00
-2.285844096086635524e+00
8.127897587870691609e-01
-3.036646385998563957e+00
-5.008066603538543493e-01
-8.505566484961616380e-01
1.437896962290130976e+00
3.118507145396502422e-01
4.396335803430406752e-01
3.875837604431012773e-01
-5.936750978666245626e-02
