4.518403545294350288e+00
3.848758173860467924e+00
1.209717326478218391e+00
-7.899890257158930229e-01
2.939620469882625819e+00
2.956357040451396134e-01
1.065198358928678868e+00
-7.472921140849503319e-01
5.290823832257810638e-02
-5.851082362859117980e-01
2.022480649359601035e+00
1.673113323412004805e+00
-8.526447948073372363e-01
8.129525134978731193e-01
3.195221020270658574e+00
3.864345907598484509e+00
2.769458441235617574e+00
-5.773197054651666438e-01
2.479710315231011375e+00
3.565298012741569433e+00
4.161100307160135792e+00
-1.845268578164458440e+00
-6.999357705686074516e-01
4.003668721839905409e+00
2.945571709632394786e+00
3.630172610879056627e+00
3.313860385959439103e+00
-8.634537465840088633e-01
9.103076876573353848e-01
1.760578041303915153e-01
-8.130448834990170459e-01
-1.472867069086596370e+00
3.071185343127044387e+00
3.334014751789596609e+00
5.983576698199707389e-01
1.772759732096270413e-01
-7.450453303707016417e-01
1.870826502785537970e+00
-2.095202989163096607e-01
3.140129771609569520e+00
1.190365460452782020e+00
9.093440396532696812e-02
-1.022913033513125125e+00
3.919986248896652370e+00
1.651146627131894196e+00
2.819797796693939596e+00
2.996796191499156325e+00
1.272917221000317900e+00
2.522230613518914755e+00
3.479558827958047829e+00
3.525390702621222783e-01
1.191506392036421280e+00
-1.745992914528993634e+00
1.964475330050785118e+00
1.246434245830012832e+00
-1.128837591261809381e+00
1.266819274215036373e+00
2.886971307612555382e+00
2.873533506356645617e+00
2.044750080684945015e+00
3.073013333616221865e-01
3.560000208073451411e+00
2.904896690333186982e+00
3.376179423995758988e+00
2.221754502471006698e-01
3.592079541524695774e+00
2.883128999274827020e+00
8.072390612369272356e-01
2.985435440819728559e+00
5.307767354319108399e-01
1.715480490724144325e+00
9.107427840904190885e-01
-8.191657236548691712e-01
1.419031879484133341e-01
3.576600566870060227e+00
1.744967599568173933e+00
-4.690295848778578414e-01
2.783302401246302848e-02
3.374863635656872418e+00
3.314370665634235547e+00
