-1.688066542718344443e-01
2.362910054119048420e-01
8.246308929205940427e-03
2.959649330971766967e-01
2.541901559696242985e-01
-1.630847769676013470e-01
7.314891079009835928e-02
-2.083660336640656141e-01
5.619703294594210474e-01
6.893539989140529123e-01
3.045304546334746676e-01
1.762883597749463349e-01
-7.240116902743143346e-01
-3.014158594599191665e-01
1.348755528319470209e-01
-6.238181878166262351e-01
-3.283972086332578866e-01
3.956254264188605041e-01
6.244393002466501752e-01
-1.761807063854983202e-01
-3.051140250154263378e-01
-1.871952867088990183e-02
5.334475675766040537e-01
-1.847952967114120104e-01
-4.210408971517148879e-02
-8.319107210288725351e-01
-2.956778492067501651e-01
5.153152068085421478e-01
2.421013738810502414e-01
-2.217014357766101396e-01
-6.422643949233648730e-02
2.301058190266715771e-04
8.908885707910296770e-01
2.988096528493568993e-01
3.413035893532326837e-01
2.767488535598213936e-02
8.005559679702972664e-02
2.940874900517370105e-01
1.735999035604708293e-02
7.902157097857169521e-02
1.518022802584413355e-01
-4.097490795898923732e-01
-9.155729311526363823e-01
-5.883387031475288964e-01
-3.737384003179129444e-01
-1.891450946813832967e-01
-1.418146786714204015e-02
3.178043588828559640e-01
-9.779239634521564098e-03
1.734367460030838137e-01
1.134201612379361068e-01
-5.373469497360103819e-01
1.663639653202288737e-01
2.484355902556620033e-01
2.072737135408481701e-01
-2.282919707057984304e-01
-3.439232120873140786e-01
-3.104363971480021411e-01
6.842339073749649503e-02
1.938618426181398791e-01
4.094767114440763245e-01
1.730257029160913451e-01
-1.002672975161945056e-02
-2.633229232755144311e-01
1.520873411929440366e-01
-2.139252784583446643e-02
-5.691553081829261451e-01
-2.155574749484669428e-01
-1.316709597501005968e-01
1.500542665469431491e-01
2.574730447246785237e-01
8.082366939048560850e-01
5.817019422016606739e-02
-7.441228300399090403e-03
-1.874958190760332433e-01
1.934412825361079280e-01
-3.733619220238297287e-01
2.342379802972272274e-01
-9.783312716098768735e-02
-3.701515740523578929e-02
