-1.793178766076474473e-01
3.010518787076128522e-01
3.887299959926826531e-01
4.209160504123943825e-01
1.680028797967499932e-01
6.307588937996927436e-01
1.084925554097273315e+00
1.682941652621096906e-01
-6.223589153316289035e-01
3.378015266913441117e-01
4.252835096813377680e-01
-7.141284474795264181e-01
2.948242778085828353e-01
3.487069589947520143e-01
-8.945775254057497516e-01
2.923370766966412182e-01
7.856898891697527976e-01
3.054061460479585710e-01
-3.205048742729144640e-01
-1.230596767932115476e+00
-1.470995360442075572e-01
7.175125735557036366e-01
2.519564988356444782e-02
2.326387517766690949e-01
5.542033354017344982e-01
-5.807960131424037831e-02
5.252587956414902504e-01
-1.351019303249030079e+00
6.666352105908529557e-02
2.088708887519588886e-01
-2.984673336542338906e-01
1.351641687713725171e+00
-2.339252231719659569e-01
2.520686239867658829e-01
8.799776622405666160e-01
-2.106514752552589853e-01
-3.696218962097316818e-02
-1.407589531165952534e+00
1.141222952671966384e+00
8.430320281402085003e-01
1.369316153978821227e-01
3.846187990637092158e-01
1.824351379710262636e-02
9.186712179195867245e-01
-9.589433821112916534e-02
5.959187228621903171e-02
5.689086510554988152e-01
9.344732039335096330e-01
-7.517064771163047832e-01
9.653541815050812325e-01
-1.654069803181417997e-01
3.586375393821506496e-01
4.290395330228344850e-01
9.133304760430860370e-02
-4.793621575118103828e-01
-1.109752860371674643e+00
-5.139218387603431554e-02
1.056234680092037470e-01
6.106961075439043540e-01
-5.250476434420707772e-01
-8.390961628333232225e-02
-2.375391983496539350e+00
-2.932122985647247007e-02
-1.990822138202389801e-03
-2.262162391551307827e+00
-2.100518903931328230e-01
-1.719389007551608839e-01
3.008654751748057188e-01
3.955229284510999310e-01
3.787985728714264866e-01
-1.401726886918901738e-01
7.816213520030259598e-01
-2.347921625453751604e-01
-5.000471647565355587e-02
1.027871167175248568e-01
-1.668821801872954813e+00
-3.924721574168776872e-01
3.294061930307953801e-01
-4.880795109805010495e-02
5.718506642267572326e-01
