5.390280618412466307e-01 6.285995345013206670e-02
1.316125727350102304e-01 1.124588639008327728e+00
8.260984063077080330e-01 2.303219075368064805e-01
3.054347067162013762e-01 1.040085958488876416e+00
3.403535129614416177e-01 2.186958189793201335e+00
2.398638266362880175e-02 1.070467444619272124e+00
5.674542967701057261e-01 4.505370956161581369e-02
1.614569539233819684e-01 2.067477705372405827e-02
5.143208313716783886e-01 3.955467976889749937e-01
1.024001927748747348e-01 1.794291049104780600e-02
4.207165315577339471e-02 1.796972790731391489e+00
1.668331016977424586e+00 2.185206105527752185e-01
2.654259899263714528e-01 1.936964618319183262e-01
1.171406168789898894e+00 6.229260597609997951e-01
2.948311131704156041e-01 1.394429493902016537e+00
1.304626456113498589e+00 3.756444047102350248e-02
9.375538233390624809e-02 1.471383778348309690e+00
1.894915227616404518e+00 6.063397393798374280e-01
6.639049476894212098e-01 1.192160609421519357e+00
1.671042548100228897e+00 1.548626469562526031e+00
1.665223722673397910e-02 9.499815899127800334e-01
1.203276539869240658e+00 1.423200030492857371e+00
2.434092866221795326e+00 1.736204910428523096e+00
2.441795619196599210e-01 2.715690239637546188e+00
1.568687133113339405e+00 1.381754257856817159e+00
1.831470746103618374e-01 2.338102029520428837e-01
3.147550414420807047e-02 1.074087729371347999e-02
1.551429798068474329e-02 2.547656284367914858e-02
3.422212431465315174e-01 1.114351382294548110e+00
1.206236526887181304e+00 1.915971090582193170e+00
1.963752473234176010e-02 5.139496202983604434e-01
8.109795886513558871e-01 3.498596395534829540e-02
9.395846893651049747e-01 5.472461050440262653e-01
2.632357813121294909e-01 2.115649118641445975e-02
1.539916793952711194e+00 1.252708701208827602e+00
1.151263287501537169e+00 1.126364107808850656e+00
1.518761870543797299e+00 1.850290755776873075e+00
4.647699794439061893e-01 1.222564598198298436e+00
9.758075506315499678e-03 9.067754325671177895e-01
1.975104443298170143e+00 2.799133075301840634e+00
1.172166289654067217e+00 2.104190044046925223e+00
5.193919199854145630e-01 3.910842468154544956e-03
5.991885487044587011e-01 1.024863844246767908e+00
2.001803418717528871e+00 4.681129561892957147e-01
1.068633817091419469e-01 1.384902387964029313e-02
1.328976406878729977e+00 2.580340326050257982e+00
1.339116438992650648e+00 1.055647229891488514e+00
2.685727394575899291e-02 1.000222936483661895e+00
2.745630926487478973e+00 8.103363017848794203e-02
1.986936380085722487e+00 1.065024155445610132e+00
3.101692768027627944e-01 1.349015913727082516e+00
2.725498628204777729e-01 8.222288415451156629e-01
1.278008344769467453e+00 7.224975388126927411e-01
9.489576098306399254e-01 1.941780126205493173e-02
2.676289387038461795e-02 4.073114169529248318e-01
1.305013623605085327e+00 7.625914677229925220e-02
3.434277606175131226e-01 1.520634412304509020e+00
4.479868138794368404e-02 9.954715158738910302e-03
1.010595706497190160e-01 1.620113504777578095e+00
5.999330778050344648e-01 1.531593611110741715e-02
1.162969632469910364e+00 8.188572937825326914e-01
9.504825638185603331e-01 1.716981578883596538e-01
7.196981418542933717e-01 4.733298135819292152e-01
1.492774351272743605e+00 2.019235086592486572e-01
1.014514180817671640e-02 1.380305760687924876e-02
1.826924872371651215e-02 2.257121020243459952e+00
6.029451755028288895e-01 1.418664183532794901e-02
1.485290883718101140e+00 1.409692489296070772e-01
2.088776494013293128e+00 1.652770480733668779e-02
1.262853715416470402e-01 5.815589089065534845e-01
1.301978377171677970e+00 1.950325886253752306e-01
4.211236235725596688e-01 2.005951064205661716e+00
2.346652116560462353e+00 2.062683075881810990e-01
1.786119298999314098e-01 1.671047545816532059e-02
1.493527758669400685e-01 4.177377961033867937e-01
2.978727909504885307e+00 1.491352670409742780e-02
8.837496220297436089e-01 6.579283992537821035e-03
4.646773232337546022e-01 3.413710377298593418e-02
-0.000000000000000000e+00 4.919609027756156605e-01
2.599456338929003255e-02 1.879474088608978244e+00
3.128229102468155776e-01 9.210862711467514286e-02
