1.535404715607684656e+00
2.856649802710869324e+00
1.851892087665899300e+00
1.660940646507018226e+00
2.903752812374457370e+00
3.229648878082969632e-01
4.823063376257041290e-01
2.310135211944652323e+00
1.002626913659786512e+00
2.598148331847632164e+00
2.873677404760668908e-01
9.501731794133175812e-01
7.323381576823846384e-01
2.745918539840923156e+00
1.833187827733312014e+00
2.452225633629891099e+00
1.401349593648022918e+00
5.870334027192226634e-01
1.172681753630914647e+00
9.382742649879951546e-01
1.558038805268402882e+00
2.510097848067490922e+00
-2.391033172978026811e-01
1.675425264460703056e+00
2.100933167718733952e+00
1.555863643995655021e+00
1.807301386712452551e+00
4.843577307998588877e-01
2.138346483170644241e+00
1.601979922242498855e+00
2.403209947850686312e-01
1.368751675523755429e+00
1.669936838705913473e+00
5.416606809172337389e-01
2.083959323724621449e+00
2.940168354916744331e+00
2.290074423972977335e+00
7.016739581507985823e-01
1.242753859882468337e+00
2.440448071059556856e+00
2.314608232899797891e+00
9.559273256433248322e-01
7.787446635215504454e-02
2.927923298602563396e+00
1.952614055678115301e+00
1.036787356847779895e+00
1.597729981360930918e+00
2.259176375227252453e+00
1.771357600443983049e+00
1.016996793273402311e+00
-1.241171143327438608e-01
4.798917855953905298e-01
9.112212521367900608e-01
-4.246049900012779932e-01
3.037868876271209828e+00
2.811307373105078611e+00
6.567974658677702519e-03
2.309537694943597064e+00
7.370208626521682627e-01
1.885496010005326628e+00
1.751644573898810675e+00
2.494372663358547904e+00
1.041814530969450425e+00
1.822842633730916040e+00
4.483262833398171110e-01
1.958980034980423834e+00
4.695999177851584161e-01
1.625529086790636901e+00
1.373802325218318687e+00
3.352945255778357669e+00
9.788208748250887270e-01
6.156609899538364461e-01
1.840575080092021532e+00
2.651440364249876280e-01
2.054161747891255718e+00
2.874763111881064148e+00
2.276657046610236268e+00
6.152658778523166783e-01
7.838221147255336474e-01
3.110906144808904816e+00
