-6.845734789322013292e-01
-7.284872476294568244e-01
2.679172447358137976e-01
-5.176924481518686560e-01
4.899053900463070654e-01
2.105101117532965915e-01
6.262109537062070519e-01
-1.534461363257690669e+00
-1.299227551664221103e+00
1.003873228908785720e+00
6.428347815566370915e-01
1.302447214300991307e+00
-8.786706930306794616e-01
-1.038606029658051044e+00
-3.927352276696348121e-01
-4.123653744769438800e-01
-9.959505365125737031e-01
-3.869905493430022547e-01
5.920965392740409339e-01
1.763838913116216878e-01
-1.372063445105800028e+00
4.682758736068172167e-01
1.324345947423875847e-01
-1.489527666714433873e-01
2.178501996287344200e-01
-1.269695110077037281e+00
2.104934438241367278e+00
-1.525272173610548732e-01
-2.154365524763291601e-02
1.780548496383146384e-01
7.048338061476970839e-01
1.822900044768081262e-01
-7.322185348261562865e-01
4.375422172942129428e-01
8.204676430309663093e-01
-1.202376555235674216e+00
-6.587649385396057711e-02
1.295138900155913264e+00
-5.218220242960863731e-01
4.284241470707718658e-01
1.387128578385453448e+00
1.605175593732093287e+00
1.076771188563739212e+00
6.240412649932972067e-02
2.559781058779760921e-01
-3.819694377824085496e-01
-1.217899275736061382e+00
-9.228500220206405924e-01
-4.351752102652800547e-02
-2.301029204378307255e-02
5.467046405160964628e-01
1.244501913061098891e-01
-1.108324822557589656e-01
-1.978168453098308743e-01
-1.590505903065300819e+00
6.494235504697978278e-01
-6.020824728738698450e-01
1.193541765450325948e-01
-1.461643298275421832e-01
-5.306549824779507318e-01
-2.807961346044312023e-01
1.171744234294033626e+00
5.226172938433991666e-01
9.954178914586654381e-01
1.488514909611619030e+00
-4.540548164749828586e-01
