-6.116090304646324416e-01
-6.325299880985819634e-01
2.574944141747573245e-01
-4.686536939061009543e-01
4.212636232197478625e-01
2.050839764951086219e-01
5.853269409076270469e-01
-1.298017481162487163e+00
-1.206137524424971019e+00
8.714431845903986007e-01
5.678427657652145299e-01
1.267950120302711037e+00
-7.614590673839545243e-01
-9.733090628366245500e-01
-3.394033736417793601e-01
-3.730566715908711917e-01
-8.959893750058265383e-01
-3.362606532968619999e-01
5.638245643508297267e-01
1.524584421478568652e-01
-1.188617325042544026e+00
4.237682863440750403e-01
1.224811405123748254e-01
-1.126671116066743084e-01
1.975435500282784196e-01
-1.174623909473250016e+00
1.989878983726824702e+00
-1.503820580407854712e-01
-1.117258334048203475e-02
1.651494763077131778e-01
6.653152487371208901e-01
1.674489719306245239e-01
-6.653585677596119963e-01
3.843965992404034804e-01
7.015275447873988712e-01
-1.082579769442797879e+00
-5.376318135138118820e-02
1.167193135843066276e+00
-4.632888461259171420e-01
3.875151514009133047e-01
1.276893328557756169e+00
1.467505991672574561e+00
1.016973058263770158e+00
6.860478691593997758e-02
2.267735833618318431e-01
-3.402526033657258808e-01
-1.069473500593832949e+00
-8.773041901106521934e-01
-2.936030749617512745e-02
-1.662707160428574665e-02
4.691797086749016077e-01
1.249639623961350393e-01
-9.734730282569503679e-02
-1.799118382074021416e-01
-1.530149839531725009e+00
5.953507579215784329e-01
-5.508011871415181560e-01
1.145339838846292924e-01
-1.422246882984043170e-01
-4.722948617614129985e-01
-2.432115672216892677e-01
1.050009851971120955e+00
4.858268074759701238e-01
8.871081534425349080e-01
1.295064264111748464e+00
-4.245645562266807116e-01
