-3.255974540563594810e-01
-1.594266995353412486e-01
-7.380358450244653423e-02
-5.226872736255041563e-01
6.910188367035189350e-01
5.132401087293236852e-01
8.353083117188726536e-01
-7.025624018874995214e-01
-1.593051746933220825e+00
5.738982329376938196e-01
3.180075471932732878e-01
9.663025565869562961e-01
-2.843516683035955950e-01
-7.580840964434221174e-01
-8.472307214391430197e-01
-4.511493161090843196e-01
-5.735752325507048610e-01
-2.130124872945123732e-02
2.294025647041917637e-01
-5.159707628698064763e-01
-7.315455113352657968e-01
7.552702134299409398e-01
1.362928934956741667e-01
1.342862499646823304e-01
4.252490103330826554e-01
-8.051685547351887795e-01
1.787303346965199324e+00
-3.559720102199909753e-01
-2.665383618079805728e-01
3.152664323809084568e-02
1.571611026365238029e-01
7.449257178437196369e-01
-3.643188221370876057e-01
1.060738413087078252e-01
8.952594852747899346e-01
-1.025595543107697960e+00
-3.327950001423050641e-01
7.524982212896366152e-01
2.793828106028927172e-01
6.170006507418956954e-01
1.067809570471189629e+00
1.443835769995475582e+00
7.586149580780925383e-01
2.476708913020070901e-01
1.840054066752164208e-01
-3.078960435022561892e-01
-5.377242709856319136e-01
-3.212941986042970322e-01
-6.842803713092122653e-01
7.309205680471626554e-01
3.270124968146574385e-01
1.303629894190412863e-01
-1.902018581017367593e-01
-1.316971833833124328e-01
-1.362562299951474598e+00
-4.093276853187036157e-01
-3.058971890527295012e-01
4.687632491108464916e-02
4.653569004566480150e-01
-3.479697325340624370e-01
-2.773614248974921037e-01
4.617527970682704791e-02
2.233135492273550515e-01
3.907285937833398504e-01
2.807652360956772175e-01
-4.880631463171569151e-01
1.617927741133348141e-01
5.016040777478549678e-02
-2.072749131590068405e-01
-4.605435455173849113e-01
1.919008890829078662e-01
9.452788415577337844e-01
-7.999789783923928477e-01
4.463440978098757728e-01
-1.830000455769818513e-01
-9.224987466638151501e-01
-5.724141485890941183e-01
1.425188046108052664e-01
3.521482104031894433e-01
5.226719156922849940e-01
