1.199227481995731592e+00
8.190529019269601196e-01
-2.115183687063907497e-02
-1.166266722371618547e+00
3.984487862336792419e-01
-7.509844926386730624e-01
-3.933519046746556946e-01
-1.516511000038054613e+00
-1.157389530689565849e+00
-9.447768228636108656e-01
2.307212615009717194e-01
3.369973803926721440e-02
-1.017701599527394141e+00
-3.401451179124134194e-01
6.488323839486223044e-01
7.456384768205650548e-01
3.416691897733491468e-01
-9.085491087454733439e-01
3.478184325489503959e-01
6.308636854540762284e-01
6.338562799423562710e-01
-2.508627537921228168e+00
-1.225088860531714952e+00
7.630692640500786883e-01
2.288094050641042987e-01
6.117740563482484406e-01
6.453044957276488081e-01
-1.266272717653750046e+00
-4.209321924738529952e-01
-9.406750538810567663e-01
-1.003381684492450798e+00
-1.757747477648019974e+00
4.171518431724853815e-01
8.111562198951801639e-01
-2.539471868366471874e-01
-8.346926445959773622e-01
-1.071450202467322699e+00
-7.156105524756632957e-04
-4.561483848004390107e-01
3.907168730518052469e-01
7.963121898710162627e-02
-1.063116040562995357e+00
-8.767317933380891493e-01
8.980979459757244543e-01
2.442319584647661690e-01
6.754704655590012541e-01
6.402456917766076172e-01
-1.078181593742725680e-01
9.110044437298464581e-02
3.912961527262920347e-01
-5.323596353327898489e-01
-8.650107909620045887e-02
-2.020462104676924220e+00
-6.385193521305425335e-02
-3.274465566106923298e-01
-1.911787840954389806e+00
-1.981353761647162148e-01
4.219824960296526539e-01
3.145841079890598913e-01
9.210569817846546437e-02
-8.988738783240748376e-01
4.500766675949368079e-01
5.171973615982732309e-01
6.105833999424711278e-01
-5.888985514035659508e-01
7.347259476217987695e-01
2.081069719279453611e-01
-3.651851566033912366e-01
4.174929074632265369e-01
-1.627754849413602378e-01
-1.629906962081364985e-02
-4.238870851749719781e-01
-1.103316368532115899e+00
-3.995516080746901455e-01
1.151126205678021153e+00
2.330102758180609690e-01
-6.065358338041042519e-01
-7.140608336370126707e-01
8.578112773227101195e-01
6.488620743333162189e-01
