8.376506111017956169e-01
6.418005220791150878e-01
3.671878978630214729e-01
-9.068242911159803965e-01
-4.987008673059016572e-02
-5.268261612382656445e-01
-6.130548346112140168e-01
-1.365545600686219885e+00
-6.272202124515812161e-01
-2.556407848337138855e-01
-3.339127599617133790e-02
-4.050566520589906488e-02
-2.778303180964362684e-01
-4.308380686998877218e-01
2.685784603681018456e-01
5.166521725839956503e-01
7.053376945150724268e-03
-6.820331713658696060e-01
8.800918056578867221e-02
6.845188407774490669e-01
3.980262678692874645e-01
-1.651821321683812238e+00
-5.459029993446091744e-01
4.320599120540808968e-01
1.974290000880058460e-01
-3.362456153936350944e-02
4.552077669467602949e-01
-9.752715157275029245e-01
-2.848141201774241904e-01
-5.352186615233217593e-01
-6.184342521214403199e-01
-1.724850804874448640e+00
3.996629626910517263e-01
2.757282975377429168e-01
-1.143932734971542242e-01
-1.662176375205329792e-01
-2.667978859375981227e-01
-2.534804345382318802e-01
1.956257328366494685e-01
3.047361699576360827e-01
1.548381636865852895e-01
-7.270992563871546688e-01
-1.301197746734203964e-01
3.112406330522217712e-01
2.282081335561552682e-01
8.456811200916448668e-01
1.990807451037441833e-01
-1.733880444483840988e-01
-1.407754939032423123e-02
-6.735102735725355394e-02
-5.290426416184244029e-01
-2.810365771001811439e-02
-1.359905024535106755e+00
-3.033160399585913686e-02
-2.941201303288729640e-01
-1.471926287029259983e+00
8.680130647877364047e-02
4.683020275445545222e-01
4.305089457327698210e-01
-1.269466581160790530e-01
-4.900621365747478420e-01
2.652648415334602494e-01
5.431565862875538109e-01
1.046603850211193371e-01
-3.854556135473271583e-01
4.264517687103588917e-01
4.268003265874191487e-02
-4.493892893668488542e-01
6.072128956601999944e-02
2.939863243556644634e-01
-2.417137590242759149e-01
-2.776964468991085719e-02
-1.033044719220861385e+00
-1.501931623578271887e-03
8.231855656667611543e-01
1.596538807938682469e-01
-6.953836723436328249e-02
6.057572427718770774e-02
4.630258801347574837e-01
8.289036505319878900e-01
