-9.276766772665429316e-15 5.268392402617862489e-15
-4.084055522746257094e-15 3.178290924249313308e-15
4.416307478701829027e-15 2.434060728864087136e-14
-5.665420977048478690e-01 -8.397724429312249939e-01
-3.129362590703856778e-02 -6.451380602926473085e-01
-6.056664517332181752e-02 -8.450352714998606851e-01
-7.839579790143001714e-02 -8.878125785488800714e-01
1.228161404342859703e-15 -1.642666042191716954e-14
7.959295665200333270e-02 -8.795980634756407346e-01
-2.133788696219340864e-02 -7.459326787206141951e-01
-6.544677809700356896e-02 -1.286203800195649671e-01
1.280676704024286960e-01 -6.416563302411479874e-01
-3.828009941079347223e-01 -8.321978838867162276e-01
-9.477658962683360722e-02 -3.558781940407317046e-02
-5.932391086268952133e-15 4.721447950114678887e-15
1.924876664048337571e-15 1.508317191328059065e-14
1.415905189778781659e-01 -5.757452255430608457e-01
-9.562904436279026763e-15 1.314286347236455703e-14
-2.261653207726562128e-16 -7.815529476547634171e-15
6.047015001898269433e-15 -6.302841773687390038e-15
1.643176083052394270e-03 -1.918037894720788505e-01
-6.955788891871018295e-15 -1.588808103474988122e-15
3.060002898294404523e-15 -2.317485521730920229e-14
1.836945066020955419e+00 -1.906172942839426510e+00
5.218755610511882794e-15 6.218650894762650708e-15
6.800646449512962429e-15 -1.150908067971468747e-14
8.466476334712536067e-15 -2.070049522255192272e-14
-4.625317485356601857e-15 -4.940124089044863337e-15
3.994659085192133093e-03 -9.938666348673247386e-01
-9.005267383309659146e-02 -9.330135641201551255e-01
-2.030807708045004600e-01 -2.929570702015540373e-01
-8.281210219840848819e-01 -2.150744199756517983e+00
-2.388308762662619822e-01 -1.283868764323518485e+00
3.304018759121159499e-01 -6.536892007649452996e-02
1.173096222914426390e+00 -1.877877704160780370e+00
-1.430317185989601602e-15 -8.840187412908542242e-15
-3.705267480384962786e-01 -7.883872915305669693e-01
1.204451773904401806e-14 -1.199265350080823523e-14
7.774305350759025352e-15 -2.470619181887108374e-15
-9.586506662798404641e-15 -7.732521255139325301e-16
-8.105853707540403574e-01 -2.101288413768754637e+00
-6.022120169274701064e-16 -3.536358573304174076e-16
-2.937152124933504194e-01 -7.259546176314739530e-01
7.230611029802666012e-01 -1.031668871460947656e+00
-4.229378524019597463e-01 -2.875872658191636067e-01
3.158074171725890101e-15 -5.439783871452193832e-15
1.215145285996120511e-01 -7.660311929975095468e-01
7.172270938534656865e-15 -1.196406742031456701e-15
-4.316280708845680219e-15 -1.253438516643555785e-14
-2.412931785529613682e-01 -6.733049376435606970e-01
-2.850503870523165562e-01 -4.982399903743736647e-01
1.405293327184331507e-14 -4.381294895062053920e-15
-4.806742115543256866e-02 -8.833278982944644531e-01
-1.273666793393391172e+00 -4.942526534099914715e-01
-2.095097817748629576e-01 5.249654510706470989e-02
1.789530465197385252e-14 8.961125173128015531e-16
-4.322704362784679510e-01 -9.460647088569823504e-01
-1.162313275823671083e-01 1.087000170115778042e-01
8.979881326147756377e-15 -2.180596667738198308e-14
-7.285894893873776645e-01 -1.881119638448360831e-01
1.783162706702913518e-16 -8.261371207215046633e-15
1.184147257675811758e-14 7.660038466249917766e-15
1.849627742144904427e-02 -8.693406054521727322e-01
-4.483176390396616945e-02 -8.586966178496893143e-01
1.141130850271360186e+00 -2.465020687519164255e+00
-1.339773203715191929e+00 -1.473556935391969969e+00
-6.927694971795484991e-01 -6.978319602939582200e-01
1.350448491505901460e-01 -5.973328947095692953e-01
-6.050954398703413464e-15 -5.024576393511687635e-15
-5.023121247591827432e-01 -8.215640295279950100e-01
4.267731074431962791e-15 3.162424116449589372e-15
4.372972033455390095e-01 -8.568934726437895666e-01
2.036312172073156956e-01 -1.282359059037957216e+00
-3.207850009454474294e-01 -3.802720146777563426e-01
-1.036547213433586550e-14 8.473438679035349655e-16
3.785635805913382288e-15 -1.685386991967579028e-14
5.876002968606612864e-01 -2.660494830878997075e+00
4.149382036352924868e-15 -1.223318180427102250e-14
-1.311889838373122978e-14 -1.404521584693767572e-14
1.220402023768496600e-14 5.500553842967576309e-15
-8.170041843170846585e-01 -1.548572438777651383e+00
-1.001355937391822659e-01 -5.320319702497227077e-01
1.397109046312664104e-14 -1.876801928315766994e-14
-5.519684319207402989e-01 -5.767931599470148551e-01
5.465339843902347061e-01 -6.335114706028200926e-01
3.149810832112402313e-15 -2.522401914690119597e-14
4.850478654946144830e-01 -1.268634230242157157e+00
3.654661991608044583e-15 -6.979811132620676299e-15
8.807006152713016707e-16 3.245010201980436300e-15
2.621576920333422156e-01 -8.468332378645631042e-01
-5.358498314682853536e-01 -6.635606390954160161e-02
8.074354345005153588e-01 -1.594259433460816222e+00
-1.093100735420728942e+00 -5.738397424914851719e-01
7.507924863185395725e-15 7.367616921204949494e-16
-5.342237880027877750e-15 1.433123074408382861e-14
-2.036970923515310616e+00 -1.129348780066599556e+00
-1.809246358867712956e-01 -7.860750112655006117e-01
2.694519481347483630e-16 6.515390632206318757e-15
-1.662341174469015304e-01 -5.609925918665678024e-01
1.011017834684060146e+00 -2.714815064363831354e+00
-3.790335163810427677e-01 -7.759978439442078990e-01
3.177468751404566860e-01 -1.270772005670998572e+00
1.885830530019705631e-01 -7.437231646609425706e-01
4.751103517826118505e-01 -6.045716602327845246e-01
-1.795292694137606004e-01 -6.142902776034616652e-01
-9.005421436820082448e-01 -2.964299523996718921e+00
-9.764040639017555756e-02 -8.950100940042639008e-01
7.193047733987755210e-01 -1.526678059177081881e+00
-2.448576523249786363e-01 -1.868445023469250676e+00
-1.705155860545246220e-14 2.155847395075774223e-15
-5.158863216753609185e-15 2.049132713784540683e-14
-5.626898043178915065e-01 -6.893287570549925247e-01
-6.001494092588967322e-02 -1.264922643953392701e-03
5.437632495334569037e-16 5.132607590447822169e-15
-4.716603047799732441e-15 4.283874997086253715e-15
1.025039754664048903e-14 -6.355847207172002124e-15
6.134608013404281183e-15 -5.820926706932605389e-15
1.965783530760272272e-14 2.657987778316045084e-15
-8.067753621782111639e-02 -1.025403095590703417e+00
9.902225610175716381e-15 -2.505865796360780919e-14
2.906854313169996221e-02 -1.352264154988500833e+00
1.505468809687604183e-15 -2.952511624351658130e-15
7.857359835507834456e-01 -2.622008772231282148e+00
-2.878014395487757393e-01 -7.421826441605130498e-01
6.682695923297661287e-15 -5.998537204244824003e-16
-4.609602660127286765e-15 9.904352322341170033e-15
8.697332164603893689e-02 -9.161612210586864702e-01
-4.369240772336095702e-02 -6.503308390544262352e-01
1.646266289963141671e-01 -6.199461105614271217e-01
-8.294244982757993379e-01 -1.096773240736601401e-01
1.771006268765864032e-15 -6.627800385152999640e-15
-1.014996405269677605e-14 -1.609103452772604125e-15
2.207666907537016827e-14 5.367782175495502694e-15
-9.618945743985896248e-15 -9.046641788839653733e-15
-2.713296406633810068e-02 -7.279412927804131961e-01
-2.003277292469927584e+00 -2.270582167930261797e-01
1.162047260595506403e-14 -8.043264997917101482e-15
4.660506626427046717e-01 -9.236440269984620421e-01
9.842737974767169773e-02 -1.365832091713868435e+00
-1.390580553898816740e+00 -2.097225402765693136e+00
-4.091854752936009976e-01 -5.659965388085532734e-01
8.700441345751458232e-16 -2.724473590908996156e-15
-1.533228337532136776e-01 -8.291109073025767495e-01
2.859240518833014791e-02 -9.159819555213047915e-01
6.633279695360422497e-16 2.023020375830344553e-15
7.407343793393690312e-01 -1.263213924949314393e+00
-2.438399224341047944e-01 -8.185911172366034938e-01
5.894140864038918126e-01 1.033911873231016659e-01
-2.666439428256557150e-15 6.020448120020177270e-15
1.152515150937391389e-14 -1.257749830923367140e-14
4.739328126447682303e-03 -7.954967589077521772e-01
-5.091783686267942199e-01 -1.816669998734563585e+00
-4.789681520728086284e-01 -6.146347428489371545e-01
2.264301281111211460e-15 -3.547011107505352640e-15
1.220553073575767478e-01 -4.603641355036880434e-01
3.295307318930386640e-15 1.394465875041515768e-14
-1.251145594935798355e+00 -6.973712253813422191e-01
1.557744993048795767e-01 -6.858662848353435093e-01
7.061523527433767405e-15 1.261247222980142242e-14
-7.430842861821435053e-02 -4.628110922538689609e-01
1.028056242383450013e-15 1.653710572473667607e-14
8.600794048692698146e-01 -1.673552405001433874e+00
-2.917567382178312130e-01 -4.531880958318849628e-01
7.161151747529861243e-16 1.552454559140519813e-14
-1.340837910970114344e-01 -3.081108856936124463e-01
-2.002711075987468614e-01 -1.697023802994414021e+00
-4.015405604138424564e-15 -2.778403252837178232e-15
-1.878667277325482662e-14 4.143907458196416450e-16
2.143177523482464319e-01 -4.832734009716113110e-01
