9.683741183640605099e-01 2.495026390293869356e-01
9.862385674983839001e-01 1.653284245940052355e-01
7.572123750875745518e-01 6.531687523253346672e-01
6.278483326029470346e-01 7.783357060084672430e-01
5.306143623830842371e-01 8.476133543266016757e-01
4.324694403909433715e-01 9.016485918183116954e-01
2.519461918143343082e-01 9.677412445639871352e-01
9.138368809841238560e-01 4.060814634444772642e-01
8.798696576704807121e-03 9.999612907200714496e-01
3.358315607325395580e-01 9.419220577181249832e-01
6.945454280838956329e-01 7.194488503901845800e-01
9.582286359190604619e-02 9.953984020546984279e-01
5.902325803233232637e-01 8.072332383672464751e-01
7.442643346561383932e-01 6.678851698898962130e-01
5.667129494226220698e-01 8.239153069076412539e-01
7.266249271652681641e-01 6.870343624754651213e-01
3.968856719217198625e-01 9.178680533841697686e-01
6.932107603907198268e-01 7.207349316347309021e-01
5.316943131194700189e-01 8.469363360940508345e-01
9.782555728692743369e-01 2.074030716990659939e-01
6.480626181720564594e-01 7.615870553836767698e-01
3.147676521144975315e-01 9.491687548493822346e-01
8.946389278818067670e-01 4.467898708772294891e-01
-0.000000000000000000e+00 1.000000000000000000e+00
2.516504584202563510e-01 9.678181889057855258e-01
4.692904256188692447e-01 8.830438813685651533e-01
9.840454494553053655e-01 1.779172656217099524e-01
5.926362896737590313e-01 8.054701907344060663e-01
3.181257043563172071e-01 9.480485410714987182e-01
4.032768383476934559e-01 9.150780248985812548e-01
6.899956709412166100e-01 7.238134939902547416e-01
4.325332580983712316e-01 9.016179793231764439e-01
3.302060923731321429e-01 9.439088603036134284e-01
7.111372496524210884e-01 7.030532072018378376e-01
1.798554092178959035e-02 9.998382470768713004e-01
8.954639500065263436e-01 4.451340407548151079e-01
4.401524290280591778e-01 8.979230697675049111e-01
9.242493466627477172e-01 3.817893990061590470e-01
9.788476020277689926e-01 2.045907427145384205e-01
7.501478232636872301e-01 6.612701741744836381e-01
3.908052069257394456e-01 9.204734055037819829e-01
4.225477739578827052e-02 9.991068680512773525e-01
6.037001227783410640e-01 7.972114912351777605e-01
3.645102852695555340e-01 9.311993620770513402e-01
7.256732096823957923e-01 6.880395284787420573e-01
4.463486126416967847e-01 8.948591598641836287e-01
4.401286577414238455e-01 8.979347218115205642e-01
9.745321286485260082e-01 2.242479213544080752e-01
5.679684531728904640e-01 8.230503242210612802e-01
6.138582955841713762e-01 7.894162355452896129e-01
6.458509473970497350e-01 7.634635248303178745e-01
6.269109225298058474e-02 9.980329788900407229e-01
3.590545783363314203e-01 9.333165646101645452e-01
7.490222563141477607e-01 6.625448358760810397e-01
7.517401628053201890e-01 6.594594207572066491e-01
9.865257681414671964e-01 1.636059558600733155e-01
5.206594440149174829e-01 8.537644542601179332e-01
8.142456661768168180e-01 5.805204519328082124e-01
4.503168486243327440e-01 8.928688234253954192e-01
7.984316128510274835e-01 6.020855085451790600e-01
5.911515976299168695e-01 8.065604680491084144e-01
9.998671618463185196e-01 1.629903866453621605e-02
1.512707978014836419e-01 9.884923599767996283e-01
4.092638015112696204e-01 9.124161006758617631e-01
8.319604337674105232e-03 9.999653914929579335e-01
6.171868981884874872e-01 7.868165813609124815e-01
6.782458144399541311e-01 7.348350938779960595e-01
3.791423383462873553e-01 9.253383636666694390e-01
9.999664404501417136e-01 8.192555979255691095e-03
5.706295867443192948e-01 8.212075710391419925e-01
9.777349898301272990e-01 2.098434884905437947e-01
4.619129614931537578e-03 9.999893317638945955e-01
5.273923192358806640e-03 9.999860927703750901e-01
6.986369747792496865e-01 7.154763290782568674e-01
9.805006082552035762e-01 1.965160482280670362e-01
5.823371502675761535e-01 8.129473804732003650e-01
2.211512822392662503e-02 9.997554306447349326e-01
1.573940382975504149e-01 9.875358812257858387e-01
6.614870585756593702e-01 7.499565796343959923e-01
5.867739183697489036e-01 8.097508065578021830e-01
4.471903485138767342e-01 8.944388141153297722e-01
5.934881745372488915e-01 8.048427092820337192e-01
7.976865643950118434e-01 6.030722551930925990e-01
5.947279665368124801e-01 8.039270152314749174e-01
4.262558703355895373e-01 9.046026381812343198e-01
6.205922455940502402e-01 7.841334482781193715e-01
9.274931283901980197e-03 9.999569868997760791e-01
8.995793750349176943e-01 4.367573101984520423e-01
9.979564682673868203e-01 6.389747603219055050e-02
2.245469325470450250e-01 9.744632753899516997e-01
7.868300107125144605e-01 6.171697774860206431e-01
8.984182049335796144e-03 9.999596414220448537e-01
7.691716221348366966e-01 6.390422644101593219e-01
9.740251280952841872e-01 2.264399475334803735e-01
4.464630134691935925e-01 8.948020885112007994e-01
6.917801228619510079e-01 7.221082063050549005e-01
5.224899121426839210e-01 8.526454665974190217e-01
6.980622082023397734e-01 7.160371173896457053e-01
5.837042710808835189e-01 8.119663317662465518e-01
1.407431503984971544e-04 9.999999900956827448e-01
6.679941587529083513e-01 7.441665162260354682e-01
3.529630252117370581e-01 9.356372709727732717e-01
7.615242847422024064e-02 9.970961877559650910e-01
4.221958243050347726e-01 9.065046530158530347e-01
5.577884966905429787e-01 8.299831281174963049e-01
3.608404869929840442e-01 9.326275478167400657e-01
3.723684368814884071e-01 9.280849892194340534e-01
3.107143005671177474e-02 9.995171665530466765e-01
3.731315616285633130e-01 9.277784421491100941e-01
8.321293915760100690e-01 5.545815320359482881e-01
8.205709037561924601e-01 5.715447418258221557e-01
7.013077673885708130e-01 7.128586223091211149e-01
7.205973939889953606e-01 6.933537306283629187e-01
2.416905611426572315e-02 9.997078856978900419e-01
9.773129060129526202e-01 2.118005754017623921e-01
5.038546754810602213e-01 8.637884382161384877e-01
9.956578109467164595e-01 9.308879363700453546e-02
8.815331612819951035e-01 4.721221087390127802e-01
3.540442666470366428e-01 9.352286657573976036e-01
7.768130571184788113e-01 6.297312714882777884e-01
2.309297292156886894e-01 9.729704312898562746e-01
9.990256475427806704e-01 4.413338364240665390e-02
2.907411714679413676e-03 9.999957734696288680e-01
5.283155577292416583e-01 8.490480972602437726e-01
1.084693847761242641e-01 9.940997900443844237e-01
9.873835700585398278e-01 1.583467258216999241e-01
3.251400100569491053e-02 9.994712800969328681e-01
5.663132889175044316e-01 8.241900623008258098e-01
3.805669460775525925e-01 9.247533722853923388e-01
8.652669663923359122e-01 5.013113572124654471e-01
5.988593319119466241e-01 8.008542317937622501e-01
6.766921644251870926e-01 7.362660623752501632e-01
3.930466780908804525e-01 9.195185201189390867e-01
8.301873469546173778e-01 5.574845010907961695e-01
4.149344748732110566e-01 9.098512964005122106e-01
8.709270417774079842e-01 4.914123399965176775e-01
8.913297064059407804e-01 4.533556600267602543e-01
1.171575896481691359e-02 9.999313681407732135e-01
2.711183563124652807e-01 9.625460180533850219e-01
4.853353855043426313e-01 8.743280640453852115e-01
5.725476821548505235e-01 8.198714238581000791e-01
9.790780611792169186e-01 2.034850120218825997e-01
3.946401351678767710e-01 9.188357653654324331e-01
2.448625564020427137e-01 9.695578004803305783e-01
2.580232125791154241e-01 9.661387176644731234e-01
2.642307062217617020e-01 9.644595034990058879e-01
5.612803193099646926e-01 8.276257627426203412e-01
6.698110321191063088e-01 7.425316028638359045e-01
3.753809870472331056e-01 9.268706029233233501e-01
6.305977014417979420e-01 7.761098755564970197e-01
3.046572607998400128e-01 9.524620482948065181e-01
3.921860788858935187e-01 9.198859057122832361e-01
6.338966209010838959e-01 7.734177874927545826e-01
9.681180067810934986e-01 2.504945607118099771e-01
5.463076259205414953e-01 8.375846093745166199e-01
4.824256215951910204e-02 9.988356497423812597e-01
7.193851105192339279e-01 6.946114473309733528e-01
3.727436074039653935e-01 9.279343743710966042e-01
7.007611161463448424e-01 7.133960037015411038e-01
4.281831455328433123e-01 9.036919795381609388e-01
2.195090734825001499e-01 9.756104584611905439e-01
1.207501298230521415e-02 9.999270943731232153e-01
5.547170154355016702e-01 8.320390812854462359e-01
5.784245254411287673e-01 8.157359060187341360e-01
5.626287827059111013e-01 8.267096545165447674e-01
3.607937069777035211e-01 9.326456460013561323e-01
6.459102038483158781e-01 7.634133929691219178e-01
7.246155630347708154e-01 6.891533108153817810e-01
3.980827040838926800e-01 9.173495302823543307e-01
