5.696362558621745897e-01 5.177372095295872390e-01
1.894277502288784221e-01 1.044044335518911071e+00
-1.122476381341362961e-01 -1.058722237466085625e+00
1.111560941359350574e+00 8.415961493626219481e-01
5.107055774729815645e-02 -2.254300356003703654e-01
1.550782428270351954e-01 -4.654698130887157670e-01
5.267925624131573892e-02 -7.045876863405861057e-01
1.261395786106077166e+00 5.611960160677350595e-01
1.277544427298273222e+00 4.269963259512055131e-01
-1.742545642370391390e-01 -2.166159519660229849e-01
4.771349853775014305e-01 -1.914911393609724233e-01
3.887294882899072213e-01 8.658139583078494628e-01
3.643563375481604361e-01 -1.032648868094322658e+00
-8.240034384263369427e-01 7.531434020704843579e-01
8.256331274874169346e-02 6.469611589541510721e-01
3.344545527837345378e-01 -1.448209769304316330e+00
-2.572946506833867497e-01 2.192880847456045945e+00
-9.700859024650723347e-03 -3.352300595444714926e-01
3.082166618078480136e-01 4.899331455933477741e-01
-2.022202895252358801e-01 -3.346898435113332404e-01
-2.983533133817741767e-01 -6.814839653343172932e-02
1.312520438283449609e-01 -9.940409371475176226e-01
3.821805898851421968e-01 5.598121705375312951e-01
-6.823252293140835700e-01 2.593404126362852669e-01
7.342192362956636575e-01 8.912555716694525731e-02
3.631510557228505021e-01 -8.879068185838271399e-01
7.689910399934034579e-01 -1.475995714790150126e+00
-1.168670662047555098e-01 4.876527004749606209e-01
3.936515023712081618e-01 -1.059328943182442861e+00
-1.131002366796630826e-01 3.431836975672432621e-01
-9.538449134679383157e-01 -2.611121936933237866e-02
9.760039753373608296e-01 2.360705317394382607e+00
-6.219265370645925550e-01 8.476827792700444286e-01
-4.257242695250926801e-01 -7.934032269842099527e-01
-6.135028005840767462e-02 -3.791806119219222060e-01
-8.100478323797265234e-02 4.839436322066080209e-01
1.162646577019631255e+00 1.642749115338070637e-02
-7.154898331713720472e-01 -6.482263044130583962e-01
-2.743317597746314895e+00 7.558965687788817001e-02
1.877190080825263285e+00 -3.937643600795870391e-01
-4.112034383907010870e-02 -1.197172696007769988e+00
-1.194456955677437732e-01 -7.861350906032517349e-02
-4.350948776712816879e-01 5.803209463795502843e-02
-9.622196577925657968e-01 -5.475160565066480300e-01
-5.906421265708736712e-01 -1.227211261256370367e+00
-1.271176815797394055e-01 -8.680507050914465506e-01
8.851166264809924300e-01 3.862213898810626933e-01
-6.861167792201366966e-01 -7.222029467089588484e-02
-1.599533158016739481e-02 -1.119126837321285040e+00
8.098032054739258134e-01 -1.227951113416042711e-01
3.540015133411044124e-01 6.158890657538726998e-01
9.823585081963814858e-01 1.335547879850720765e+00
-6.318886968599243259e-01 -2.411142782128251894e-01
1.319689106708885840e+00 3.564624653504023799e-01
1.076305278016966849e+00 9.564499703258733110e-01
-1.608218817158952596e-01 -1.709640255829119326e-01
6.077064567301340148e-01 -2.449559721516871846e-01
3.851724916767912954e-01 -9.353243809083676696e-01
-4.401247206213706464e-01 4.837862194728688170e-01
7.368284967136380648e-02 -9.171911657953094599e-01
1.922986043809541190e+00 2.431889785422321204e-01
6.722512349123767050e-01 1.238090043915738986e-01
-5.610591340902769675e-01 -7.934336184685515381e-01
1.130517762226090211e-01 7.976373332516127901e-01
-1.120642462402714257e+00 -4.772279017918125144e-01
7.987782553926102702e-01 2.669518206807601213e-01
7.874766443862029064e-01 1.063021113574434962e+00
3.080883381065137039e-01 -6.442211930761387872e-01
7.260802413491861118e-02 -3.685129043707575103e-01
1.368519305806251030e+00 2.223033297109724415e+00
9.328523905692268636e-01 2.116877460064414684e-01
1.770773821381276814e-01 1.045432908670370420e+00
-2.278627490812985823e-01 5.478807757012592594e-01
-6.591547097269340183e-01 2.601072383695402501e-01
1.181809406496420856e+00 -1.068257417959535438e+00
-5.732416075332967820e-01 -1.255150185726790601e+00
1.627202187234375041e-01 -1.001001784109136095e+00
-7.336453333716300707e-01 -3.498101813639941660e-01
5.234654099254841819e-01 2.359341373715189150e-01
1.706243379799951901e-02 4.600903112633542014e-01
-1.739564468657341656e-01 -7.522814591769606540e-01
5.992604897789024498e-01 -8.050163025942599360e-01
4.937907551305126819e-01 4.412287238883793455e-02
-4.897387337530913487e-01 1.813401710578707712e-03
4.327037597029657068e-01 -8.933346625222646775e-01
-2.303815356765273048e-01 -4.495004892986711464e-01
1.567586366976367329e-01 -2.993836961150056486e-01
-5.188705417695199662e-01 -9.482246838026193725e-01
-7.131379875685315284e-01 -8.640516065264792767e-01
-1.216883138570442169e+00 7.348840933640081730e-01
8.387943369007597738e-01 1.560429848469204961e+00
1.028668116418273160e+00 4.561841818584513319e-01
6.524297421227112093e-01 7.092053585184135978e-01
6.525549569902487912e-01 5.601364935098543940e-01
3.227399285565603626e-01 2.554618639208581787e-01
2.394960773582417990e-01 7.770393074040643500e-01
5.971251317692026772e-01 7.253112500133750418e-01
-6.040667534933303884e-01 1.230184511103131983e+00
1.146253166207269331e-02 -2.906106064557357205e-01
3.336174227707483508e-01 3.337464562531880941e-03
6.143591053507840849e-01 -1.324268564829331973e+00
-3.492761852887104057e-01 -4.993279592852526982e-01
2.534739541968663801e+00 -1.730762528610813866e-01
-2.871625924338615521e-01 -1.419986582190234659e-01
1.091297763166089174e+00 -8.891437939389034151e-01
-3.765366804388616262e-01 8.187936195026203068e-01
1.936994884470253364e-01 -9.986138467877403446e-01
-1.158886972372579649e+00 4.885035941240177260e-01
-6.674444941136497000e-01 6.474182631297681345e-01
-6.003569207601149316e-01 8.854995171507884510e-01
7.653596793959350775e-01 -8.906327814776395790e-01
5.419398009841442931e-01 -7.084400582456992224e-01
6.994973655033167280e-03 9.173168074452427989e-01
6.458720058273307307e-01 -2.605109294066731418e-01
1.105362005802950076e+00 -1.365098508148523626e+00
9.132214941254511720e-01 -1.145635347095022682e+00
1.207296449250989445e+00 2.074982846705573925e-01
6.608406821199674930e-01 -5.959311229665541498e-01
4.017677191435753414e-01 -1.446867088187955064e+00
9.829914975886834549e-02 1.162212030301592175e-01
4.984125129540699639e-01 -5.169817737207201835e-01
-3.765532455940318601e-01 2.133299204624263368e+00
7.661269879539116534e-01 3.152988351851745419e-01
2.866395744919477684e-01 -2.572939291707675158e-02
4.102668761053226976e-01 1.631879111360486245e+00
-1.555132267806233759e-01 -9.244935132940029776e-01
2.545736247066998081e-01 -1.992960449478875240e-01
-3.454191941901211815e-01 4.501433796204849513e-01
6.134302225750938309e-01 1.198573563869209657e-01
-7.721887356010948000e-01 -3.981672912744965709e-01
-4.353607805893153770e-01 -6.901892054964386958e-02
2.360721182614823110e+00 -4.149921658217617937e-01
-2.756048212499146999e+00 -5.282462346657384317e-02
-7.268398991356558314e-01 5.334836817330818048e-01
4.599796721892833729e-01 4.147145513253018834e-01
4.984352854526604704e-01 -3.449982943069695995e-01
4.918369890293299851e-01 1.496991465451080749e+00
6.883402541634205951e-01 3.218983132285466175e-01
2.907178013046846088e-01 1.140583274441376582e-01
2.613425390377729585e+00 7.764815044978623515e-01
1.124630143737668897e+00 1.593816231413690970e-02
-1.531856181344056544e+00 -1.422965951180811928e+00
-9.054987895082523552e-01 -3.722138141967387126e-01
-8.484367733351012575e-01 5.012019214820554458e-01
3.576523873120270869e-01 1.434959417312924590e-01
1.091706910937072950e+00 -2.748614513496104861e-01
7.540597047013595233e-01 -1.535456051118275544e+00
-3.824542361888196712e-02 -9.477373765759579127e-01
-2.555054260720317910e-02 -4.087402861055423609e-01
2.630583248461603740e-01 -4.009306804490587184e-01
2.338609192120019165e-01 9.236171091043557935e-01
2.319487734570804816e-01 -7.386422298936343722e-01
2.128528444017001586e+00 5.092979608717566053e-01
-3.396320472732726470e-02 -4.337493023485169963e-01
-1.587971544178901628e-01 9.851780612139600102e-01
-1.235776308633998122e+00 1.276520437739213421e+00
8.779123612519769415e-02 -4.585409718095306286e-01
1.857887472750910263e+00 2.037440912469856702e+00
-3.172652288108241403e-01 3.831056680823443084e-01
7.254067593987957308e-01 8.236219512083849947e-01
-2.572334581979431878e+00 -6.109919807792377755e-01
-1.310176464213636816e-01 -2.143132284333519599e-01
3.071616982135974214e-02 6.658930802326430420e-01
-8.011047131782057518e-01 7.784367206966864572e-01
1.326858922475732949e-01 -4.457393721393869135e-01
-5.056762902603154641e-01 3.535017864538450572e-01
-1.632518630264337134e-01 -7.589136364146918945e-01
1.900585498146284136e-01 -1.079577473906395024e+00
-1.186478149660497916e+00 -9.736621163030748649e-01
8.563526601396005411e-01 3.175819606022364239e-01
2.845383136434834759e-01 -9.880997462836303702e-02
-4.372959324405857329e-01 -9.428876632340336128e-01
-2.033780708560289086e-01 5.774678746551927672e-02
6.782232728760281271e-01 6.236182069336587697e-01
-1.246812398447312065e+00 3.755472089702354688e-01
-2.962343762867364338e-01 1.859756686815817739e-01
-2.926059090382974737e-01 5.687428571258019705e-01
-6.896693489866120297e-01 2.771014699327834396e+00
-4.156030292145890814e-01 -8.370610710796172471e-01
-5.524205468129514962e-01 -5.511462699808878929e-01
7.459852775568419636e-01 -1.081220470290328861e-01
1.665757485256051940e+00 1.325163491458768217e+00
7.656855351875453408e-01 4.211104647303978710e-01
2.288701202997784345e-01 9.321394600382958417e-01
-1.492256909069678700e-02 -5.952386154848012811e-01
-3.694455242022743890e-01 1.854407043359288243e-01
-8.003337190343817742e-02 -1.938515199139798084e-01
-2.942367393163611289e-01 -9.197691081979262329e-01
1.327128847268273182e+00 6.933046454369831135e-01
1.193994238859732882e+00 1.287914267090401743e-01
-8.668486649424508306e-01 -1.152828453025635858e+00
1.091613032084058632e-01 2.327676001151299523e-01
-3.572370271742684733e-01 5.662551066626628771e-01
1.106636409693400713e+00 5.921791428848662830e-01
1.522724036128087211e-01 7.938328118577546791e-03
3.090343617460143966e-01 -1.442503786528684939e-01
2.375789755331018660e-01 -9.298780842763851306e-02
3.751638890714552588e-01 1.923327024815789654e-01
-8.086195454626288193e-01 2.578424149517136860e-02
-7.261871647010528230e-01 8.094991296091256228e-01
-1.026728147024500881e+00 1.773310548688893373e+00
5.273244061784335690e-01 1.593776485799500708e-01
-1.549674349271517038e-01 9.219154067588053447e-01
1.764244528631452313e+00 1.305802312447896574e+00
-1.300590600915624062e+00 2.020495084314622325e+00
1.848778783345206289e-01 -3.773574182598438131e-01
-2.441379463942180694e-01 1.012764125343039306e-01
3.367321094798205183e-01 1.181006283216354813e+00
-7.276048735610668450e-01 -1.185517585042108468e+00
1.915490530890292531e+00 -1.104793770366150119e+00
3.117039790846948821e-01 -1.054271432347094972e+00
1.956571486140504135e+00 -1.262520701177265003e+00
-4.676325218297782693e-01 4.265071022481226604e-01
-2.304972093603776806e-01 2.855369378545646875e-02
4.701304286941873634e-01 -5.857230370887501758e-01
-5.260036639214288323e-01 1.634618904029016884e+00
1.872598011956414288e+00 3.047526377179048396e-01
