2.277514970519155246e-01
3.997773162271729408e-01
1.355352684795272378e+00
9.172707537265716304e-01
7.749477765440471178e-01
6.900136743193702182e-01
1.315328168463655301e-01
9.568682869573772454e-01
7.308203655212229810e-01
9.065595556793171195e-01
1.404346535653454353e+00
5.262753957589860754e-01
8.435218939554917084e-01
1.361405236004099129e+00
9.752124584285365438e-01
7.533411026174060554e-01
1.266709477601078992e+00
4.653450636445018995e-01
1.114684861777784697e+00
7.282073456329294370e-01
2.458565268843322382e-01
1.953996494346565971e-02
7.059888136027988592e-01
-6.101256199415016068e-01
9.787284423466197092e-01
8.014673646377311611e-01
-1.014436744259386902e+00
7.201693438586149743e-01
3.630064112934047738e-01
5.320929510572376397e-01
5.201419946466580013e-01
2.002624946321720500e+00
1.147395612427266398e+00
9.080979060276184178e-01
1.058295041506729373e-01
3.985826514819065247e-01
7.177734660783040566e-01
8.940968613556085076e-01
2.875401786050668207e+00
1.971102270829746983e+00
5.610304918859986278e-01
8.291505084060529773e-01
2.893752057146430356e+00
1.025749288750187338e+00
8.585577096584761092e-01
2.093187504564887114e+00
-3.910793242875221232e-02
1.944082748186767740e+00
-1.130062734535149938e-01
6.583225382765705014e-01
2.404344108691062853e+00
2.321161070862763687e+00
7.828535310603401687e-02
7.133450610678313542e-01
9.179212457025712757e-01
1.661406858130364927e+00
8.876622916038622302e-01
6.702650345970253554e-01
1.594953848774057548e+00
5.814901293217612510e-01
2.629763263672457274e+00
8.355390279624251848e-01
4.485208650982592249e-01
4.159196577367130221e-01
2.047150982352385629e-01
2.154672041109966241e+00
5.371432583848476799e-02
1.065623330157713156e+00
5.689641592953623705e-01
2.081122950107338276e+00
1.052243301372642215e+00
5.737917265218135388e-01
4.054265088759492208e-01
2.452883957632762346e+00
5.210928980749887085e-01
-2.387846707712805439e-01
1.032404420204982402e-02
9.214017483808026876e-01
6.838876282046677524e-01
1.384730047988675716e+00
1.182576496194261306e+00
1.318459545544246048e-01
1.311548913791444476e-02
5.183000613234279852e-01
1.278626941564604547e+00
8.791204860959989098e-02
5.226797936570518610e-01
-3.726413898957113557e-02
4.523187477440018256e-01
2.617180574682618666e+00
1.631061855992902654e+00
1.047813788298415982e+00
9.647494026783960397e-01
8.290945089572877569e-01
4.447175729406933620e-01
6.024713332121246490e-01
-1.472656739884999899e-01
-5.864105915112555190e-01
2.530528338835541513e-01
9.850852282685458317e-01
1.816834052422191315e+00
1.216141713910786626e+00
1.631165376047091442e+00
1.818708985396937816e+00
2.898134049356682063e+00
6.366832941098645726e-01
-5.730905144320002087e-01
9.891723751855169278e-01
-1.071390906413064004e+00
1.737507841021822985e+00
1.440420842702630377e+00
8.773800429995781691e-02
6.643311832137401840e-01
3.180755064033031765e+00
1.767752535571149863e+00
1.450801821754134746e+00
1.313108630614577832e+00
1.329139359817087973e+00
9.954542935532029180e-01
7.307109218646826720e-01
4.851640655804245195e-01
2.674005616439552036e+00
1.134846874782837522e+00
3.515766736490965050e-01
2.953484544279345037e-01
1.617431275765076171e+00
2.038804478523023045e-01
7.841003232515179056e-01
1.549164281070667393e-01
-3.620321590412227120e-01
4.024111151745034531e-01
1.649743600306726732e+00
1.404453543780755931e+00
5.200644216948895338e-01
7.162934412605082013e-01
6.476625740728891856e-01
1.802606735863984344e+00
6.709541962940753779e-01
-2.256674890779980736e+00
3.212921788362953279e+00
1.273022044787806450e+00
1.495013791805940517e+00
8.041950407707476600e-02
1.959981685957115083e-01
1.196392596196825808e+00
-5.517158724635254918e-01
2.028155068441846343e+00
2.486597433187655248e+00
-4.604279943115713314e-01
4.182073906706152977e-01
6.700162892111796165e-01
6.870280095459870839e-01
2.445164818957657804e+00
3.697715358977925471e-01
-2.634515917378182359e-01
2.002061686892226522e+00
7.197582229675734133e-01
1.544937185973477733e+00
8.078382940329246198e-01
1.078625319262692672e+00
-1.126385305859622932e+00
5.189430408053673505e-01
9.897583493609374283e-02
1.034504946555581562e+00
8.513972454608708107e-01
1.390704898729839545e-01
1.440740994004628517e+00
-6.270174353346608109e-01
-7.639873378580456231e-01
7.581278165244189626e-01
3.725364293459100251e-01
1.367810974575752070e+00
4.683628744198207183e-01
1.077741799789345700e-01
5.139769730688767968e-01
4.527809169237676512e-01
8.064380656303410388e-01
2.719920698131285786e+00
-6.288092430446319547e-02
9.418976942509260653e-02
7.752100230816568738e-01
2.749992515385840886e+00
1.743250308899111090e-01
1.575115894946932382e-02
2.472199079828471535e-01
-1.454231031929587026e-01
5.563413090687242546e-01
4.171747432338580863e-02
1.206621112237222126e+00
2.444857523420140399e+00
5.435917720111432816e-01
6.432759716171315700e-01
4.282584163695680735e-01
1.167247846068864670e+00
2.000866708139248384e-01
3.967232203247393896e-01
3.395937805859731151e-01
9.823881013689559349e-01
2.655444432862282822e-01
9.982553784461095647e-01
-5.683172838245817982e-01
2.334456451685485767e+00
7.512690804679749146e-01
-5.885480426116916908e-01
2.497013692324935530e+00
7.723612264535323346e-01
6.111757767065134628e-01
5.537959639188263505e-01
-8.593998191904813622e-01
2.253969220951634433e+00
1.503286760425423640e+00
2.628553198183734896e+00
5.108893321048989522e-01
7.174586185155638063e-01
9.283818519463332697e-01
-3.632767847188187460e-01
2.202145663844337964e+00
