3.001539956090237382e+00
3.647936883005922670e+00
1.242831828901850844e-01
-1.500661563414324773e+00
2.048973080123911217e+00
-1.239000128256625644e+00
-1.123536308905947606e-01
-2.567765059708487119e+00
-2.164371570102387121e+00
-1.724961516313542775e+00
1.565654668062071986e+00
8.129618426160706290e-01
-1.945551319029884096e+00
1.810129542111432455e-01
2.492495744167824157e+00
2.976790433588212714e+00
2.261456796814996117e+00
-1.802934837896611242e+00
2.172080460075685338e+00
2.825408900718831440e+00
3.579967791191978055e+00
-4.350914706424984679e+00
-2.396391707367682589e+00
3.347422981927707486e+00
1.707459627081144182e+00
2.462717940920728488e+00
2.981916911039411477e+00
-2.102370104038186138e+00
-2.836044308276369774e-01
-9.712720046989239409e-01
-1.685105268844083071e+00
-3.626726302801507540e+00
2.809986188285519493e+00
3.598529503641433536e+00
-1.618843932258529350e-01
-1.845400244226622188e+00
-2.189754076144722283e+00
7.220671014309564262e-01
-1.306453412884936549e+00
3.086004030524366115e+00
8.478507282790062050e-01
-9.705980383339666284e-01
-1.957802792100187927e+00
3.576427393138295052e+00
1.141272072280623329e+00
2.841222063420407729e+00
3.025263069702305074e+00
7.638278163079456062e-01
1.828890460769150073e+00
3.222143398153505700e+00
-5.405117828043145556e-01
6.912681323426330682e-01
-3.597589960613010174e+00
1.693806593297198182e+00
7.716018727908341424e-02
-3.751830355346602364e+00
-2.319764323011728469e-01
2.324387232800055880e+00
1.872013811826870100e+00
1.402545155793798459e+00
-1.737333244460665949e+00
3.128216976602972821e+00
1.912090923251637653e+00
2.919336452174722041e+00
-9.427701318805915554e-01
2.645532949189482785e+00
2.061387820366060275e+00
-1.499519671427749536e-02
2.377774024479431425e+00
4.506560503825042807e-01
4.334057318497068767e-01
-2.357039552760379353e-01
-1.881728016744436571e+00
-9.335402421930405481e-01
3.878782143059893439e+00
1.259499897689247305e+00
-1.581289026068960935e+00
-4.952326915472560764e-01
3.514836925194065653e+00
2.967754411626589484e+00
