-1.579684358800269306e-01
-3.516229719513595531e-01
1.929073035552772986e-01
-2.273046853795483990e-01
4.338560683324528267e-01
3.247502736606026619e-01
4.509368036563307647e-01
-7.300221368714844283e-01
-1.107380050648003156e+00
4.678836402161241081e-01
2.236289713200791396e-01
1.289296077155492881e+00
-2.316041026067049147e-01
-8.143506908444624326e-01
-1.388470612550442573e-01
-1.456539112233037059e-01
-6.994647805141944730e-01
-9.332778209606303055e-02
4.709434811777891694e-01
1.305214330640978027e-01
-8.418292123344337519e-01
2.849064372211639884e-01
1.845361687146033769e-01
-1.456509944109037891e-01
1.271216823160493947e-01
-8.757226139145984911e-01
1.789078459808874921e+00
5.616334435021030219e-02
-7.503509347151839093e-02
-1.505377433045207436e-01
4.511211869656683304e-01
-8.004910876803713465e-03
-8.622036451674133795e-02
2.137712332115877523e-01
4.254394896713541430e-01
-8.930622141491948440e-01
-9.614139369479496322e-02
1.171388679776709907e+00
-2.550197273778172513e-01
1.414089079681084826e-01
1.142535004722370129e+00
1.368859311403137102e+00
8.843984266129708560e-01
6.857426355686345454e-02
3.639257200581250823e-02
-3.073559527915413758e-01
-8.305937433123504743e-01
-7.281685758443309231e-01
-1.240230653366789643e-01
-1.969204707092844508e-01
3.215849919596830975e-01
-3.922709483463902511e-03
-5.516045351251142731e-02
-2.923627497582570456e-01
-1.438650853321667533e+00
2.014360799303992478e-01
-6.905382611346001787e-02
-2.036811953434869982e-01
5.394579705480103543e-02
-2.221985484652559684e-01
-9.656983396908561113e-02
6.507880282957186902e-01
-2.762792036672287108e-02
7.376857946698136548e-01
7.491777721923849054e-01
-4.663779900893099128e-01
3.695265672118582811e-01
-5.979604396173040376e-02
-6.339859194668467923e-01
-5.982979811738458054e-01
1.652481452394317929e-01
1.885144545051699594e-01
-8.508421373689898370e-01
5.358056858269640843e-01
-5.712751059322452446e-02
-7.689715543808835208e-02
-2.934814532772638263e-01
-1.054580307055647502e-02
8.097202175966849991e-02
2.153573363341513558e-01
-1.683767047950867346e-01
