2.172500629906306754e-02 1.099689259349351689e+00
1.880388473361661525e-02 1.230024785421977462e+00
1.061882435031881178e+00 8.246787292260593372e-01
1.489602403871063574e+00 5.922560183732541450e-01
2.124767635967288182e-01 1.177870749905752801e+00
1.061164861736762166e+00 8.186662137694452612e-01
1.023067385758176240e+00 4.473027346686005434e-01
1.627687545868592878e+00 3.613057413931323736e-01
1.368855151372547985e+00 3.377217368338091830e-01
1.654215442220881460e+00 3.739350221271004471e-01
5.552273471311001130e-01 8.846849255869007056e-01
5.326273999790492875e-01 5.924474915481224846e-01
1.383724942069521457e+00 5.023991956172412232e-01
7.830444157091187574e-01 5.013764890485760128e-01
3.516716246599442819e-01 1.390758875131516081e+00
3.515355229524746994e-02 1.169785595730144845e+00
3.296554802910665605e-01 1.056128843571567222e+00
1.451567817859214626e+00 5.294205427563177802e-01
3.121331006766809857e-01 1.060687395105034625e+00
3.635757219542940129e-03 3.847576561662729988e-02
4.842466541948165643e-02 1.056155125769421277e+00
2.312446461580096368e+00 -0.000000000000000000e+00
1.812058595673068817e+00 5.223535655576859726e-01
7.133543913867386281e-03 1.101877858101416363e+00
3.318195104225684644e-01 1.141189862118905163e+00
5.093493138694234201e-02 1.402331842965517383e+00
9.087008194286272378e-02 1.050838611949060031e+00
1.609077028263850684e+00 1.314817964665946637e-01
1.056825164221253166e+00 3.895786880076854697e-01
1.364104453369813008e+00 2.981049172299680139e-01
1.604817215686335619e+00 4.476613658546922392e-01
2.000328513697332777e+00 7.045060586468065208e-04
5.299715810437237266e-03 1.879241880790494604e-02
-0.000000000000000000e+00 1.346693506896005976e+00
9.964019651571682790e-01 9.296339369926379659e-01
1.324837037922049987e+00 4.190146500414131392e-01
1.568129560680274981e+00 1.818823000132582801e-01
4.484334275780798018e-01 7.692851939796738758e-01
1.285690618229340165e+00 9.664656163362698171e-01
1.016609265271201795e-02 4.637003197113413050e-03
5.633283188672053576e-01 5.751887190418984996e-01
1.414880961165753570e+00 2.999550356697817111e-01
1.738881756647986832e+00 3.009659996322276432e-01
1.565054075597765158e-04 1.555516695589481913e+00
9.136488189538090054e-01 1.311459547454742802e+00
1.657665179895259633e-01 3.264009974237002676e-01
1.248149957975571572e-02 1.269826876280566452e+00
7.794869628390993510e-01 1.038009700314839190e+00
6.983713804246972634e-01 1.059291303361689085e+00
2.235054069715440919e-02 1.097179152545184611e+00
9.416967499950054110e-01 7.443431483282278993e-01
5.749243195931028616e-01 6.005329984752018069e-01
2.234923898334054915e+00 -0.000000000000000000e+00
9.213506990672120506e-03 5.339898683879793495e-01
1.070906007327164788e+00 1.009013349539640281e+00
2.004720657305170128e+00 1.642067439664788853e-01
1.110570830701809175e+00 8.229421863350144806e-01
3.899494421864576621e-01 3.216174073508161757e-01
2.151449518559330181e-03 7.991582192134074614e-01
5.638202059310069014e-01 9.474957540001635037e-01
1.341536235068453653e+00 3.504712243191910881e-01
5.265342988146247231e-03 2.409714215096297411e-03
7.236451860672460379e-02 8.308164988934311213e-01
3.107633447319819043e-03 1.426257746086966760e+00
1.199339672819970559e+00 4.221584144215765333e-01
1.412326341225113580e-01 1.451301315582945506e+00
3.149232825062877050e-01 9.700691345910380514e-01
9.612574282710595330e-01 6.751375479464805096e-01
2.638309700396866964e-01 1.098349171771090038e+00
4.163978627812846001e-01 3.505908812607174130e-01
9.799681911521287425e-01 9.574526858374881044e-01
1.002978211246566165e+00 6.263614313350404084e-01
1.744590800057943314e+00 4.546523279184971345e-01
1.251264621016171308e+00 6.361088428878962642e-01
8.860951668089931191e-03 1.569059502490228297e+00
9.232706608398961734e-01 1.274543356866682409e+00
1.468203050562977952e+00 4.091285232618056544e-01
1.327951688239598749e+00 6.860933093480701128e-01
4.598843565970916862e-03 1.321415720523220871e+00
3.567218159619206779e-03 -0.000000000000000000e+00
