1.919620958819797440e+00 4.582429142322794191e-01 3.111563201417775204e-01
1.480392932729994726e+00 1.138859997103596644e+00 2.869658828811330609e-01
7.503134697337421333e-01 2.501188427241697321e-01 5.951555925329991004e-01
5.113084111077591531e-01 1.762779429205699189e-02 8.344272959997756089e-01
1.145999744878941184e+00 1.511093588514715647e+00 4.763318642103300249e-01
5.215713358854201509e-01 7.932929696780055551e-01 7.358940515107030844e-01
9.900272618780328049e-01 2.295430240040010617e-01 1.105428914494356318e+00
1.636542471057168477e-03 7.818686120379716442e-01 1.404209330905267228e+00
6.471985835982920765e-01 1.019661026899656708e-01 1.164933982225507370e+00
2.069840380685707693e-01 2.910096864927640969e-01 1.226765026581585039e+00
1.294368850379110647e+00 3.740979880725703310e-01 5.924802965818453115e-01
1.004881116137946062e+00 1.191541451616782599e+00 1.031391566692229089e+00
1.917714585794182136e-01 8.846412514965636964e-01 1.142942434943027274e+00
1.026734916478494242e+00 4.676986753039878431e-01 9.750473455865809047e-01
1.306610314459267341e+00 5.889217908352210040e-01 8.686600217901969956e-03
1.284935527400759447e+00 1.365779630560822522e+00 3.355443061103384750e-01
1.306327481478578356e+00 9.596750691093418606e-01 4.760330154107469958e-01
2.875913629432440000e-01 3.473930411968055298e-01 9.366541773321211961e-01
1.449564758727747371e+00 4.031945750333305600e-01 2.932256569740041563e-01
2.175911374582570446e+00 9.346635462591358356e-01 1.866096321228337462e+00
1.448412944299910077e+00 1.439433380498429171e+00 5.997120677469097716e-01
-0.000000000000000000e+00 -0.000000000000000000e+00 2.843368721552506084e+00
1.195803408911952706e-02 4.387109145285346679e-01 1.098065258733349925e+00
1.402934197209963818e+00 1.599020174898409641e+00 5.325950032697038816e-01
9.565521296385490757e-01 1.409698217583186475e+00 4.538238742709466145e-01
1.436578651981859966e+00 8.326148009265416094e-01 4.709030691543770498e-03
1.329010985666343236e+00 1.473059417597904375e+00 6.079457422918367326e-01
1.307753512289080988e-01 3.949593788479431877e-01 1.376956949647881512e+00
1.085034148485865213e+00 -0.000000000000000000e+00 1.048164369458479461e+00
5.974736713179962244e-01 1.687973537181082229e-01 1.216905267786209555e+00
3.594702136913433682e-03 8.386821328495147609e-01 1.246040858344961810e+00
6.531283627115346338e-03 3.986936805320976385e-01 2.044372892945641507e+00
2.128913824395948673e+00 1.326695644122036777e+00 2.122084838906871163e+00
1.535748552483473972e+00 1.258455353097755136e+00 9.957505702136720815e-02
7.002258709920401447e-01 2.865368488519228762e-01 3.905526733247475790e-01
4.507840455296594495e-01 5.679723177154325509e-01 1.155619024854893429e+00
3.948222221622869066e-01 1.843774235244910187e-01 1.356400843141093882e+00
9.646424613964263983e-01 1.248495023686503780e+00 8.039084659125087517e-01
1.367581251710519863e-01 8.906783427467951375e-01 5.729513141151653111e-01
2.607191865841949507e+00 8.690913592158956424e-01 2.317560589605934140e+00
1.244713801171884127e+00 5.359614528717480120e-01 9.189568070020479595e-01
6.579859036600217426e-01 2.787758291404115671e-02 1.203861287690030535e+00
1.248366578025915802e-01 1.686372959225800605e-01 1.230088749991076869e+00
1.244526743280699677e+00 1.549941011767377086e+00 -0.000000000000000000e+00
4.703049440010382831e-01 8.296847650267524799e-01 1.209536320010172056e-01
1.683948466925247356e+00 1.040899367543543841e+00 1.417456743396341201e+00
1.415974335295653530e+00 1.307771655891410312e+00 2.321976312740335613e-01
3.076285720114118605e-01 1.496708179692584739e+00 4.954558851257846452e-01
2.582706946541665216e-01 1.925896617073991512e+00 6.860595413223525840e-01
1.253330028353468295e+00 1.631955650116344136e+00 4.924213073077156611e-01
7.278245247249696126e-01 5.349233514457539806e-01 7.001884143840377828e-01
9.635435667880142274e-01 1.156696472509221696e+00 1.018500450309130168e+00
2.241922514192938153e-03 1.428230576482727721e-01 1.954419207573404593e+00
2.304501179062291794e+00 4.486423751573607732e-01 1.068512181230778291e+00
5.711691637912159614e-01 5.598168873889192154e-01 4.710984837527413260e-01
7.219247097167516558e-02 8.642831763541350496e-04 1.392997762651337901e+00
5.449693153412572544e-01 5.730566133916163984e-01 6.976137165118077021e-01
1.820293411249204851e+00 1.825568140189215982e-01 1.269593063596439642e+00
1.561825527872882535e+00 1.958607499470515823e+00 9.404111046403560437e-01
1.082067180600679857e+00 6.270815855814327877e-01 5.041111619124641896e-01
6.633091876363899075e-01 2.759515038085469385e-01 1.227273233454680756e+00
2.352130753160560861e+00 1.139880106657581882e+00 2.370762985208698215e+00
1.728339657091844561e+00 8.717090278613268683e-01 7.098297068542550603e-01
1.579968070777127309e+00 9.715811875196187497e-01 2.773704104286466715e-02
7.997660878823861230e-01 7.650016545810851831e-02 1.079702955417833010e+00
1.090826549895142161e+00 1.287473848879532534e+00 8.580279376245000117e-03
1.420881659326840518e+00 4.386383002752852756e-01 3.766184599010566347e-01
8.544479160710498622e-01 3.279158526876019830e-01 7.488796335248401048e-01
1.244054070423878278e+00 1.100087153204172941e+00 4.281096051105729439e-01
1.669127678168990547e+00 5.347818975427873767e-01 1.338370637708105271e+00
9.243434710098250573e-01 -0.000000000000000000e+00 2.675490933198453325e-01
8.419809224804813974e-01 3.997039572872800317e-01 8.351141722425634573e-01
2.404709921768236891e-01 4.778058329732564474e-02 1.102600490406711931e+00
5.901166008659262108e-01 1.194800743059626635e-01 7.556416297464543241e-01
1.339866206760625511e+00 1.303620738054623196e+00 1.160447539960485176e-03
3.996833764477753514e-01 8.787247667682231977e-01 1.036860336887546197e-01
4.561411731946980463e-01 1.103719084441541209e-01 1.066356795455722484e+00
4.512686279969158609e-01 3.108992316467111827e-01 8.004048895400593944e-01
1.648420998709545060e+00 9.500337683475441608e-01 1.485485911792756020e-01
2.893732262194123717e+00 1.016795735960576152e+00 2.637373719495554880e+00
