-9.768586059528797660e-01
3.357514363572076110e-01
9.641185422277552819e-01
8.481812003737116967e-01
-3.507881933908821304e-01
-9.573120982185026051e-01
4.215575300877304477e-01
1.422924258797997110e+00
9.170719954064671109e-01
2.856905616586000729e-01
2.681829472784344470e-01
-4.247388849353589957e-01
-1.389372223603668965e+00
-2.368691525886527927e-01
-7.562650065606139060e-01
3.240863802126219273e-01
1.607402992985767165e+00
-1.157117384963936013e+00
6.719470081442743270e-01
7.228468737390196797e-01
-1.828197978458257211e-01
-1.177359807074891851e+00
-2.720471770425830216e-01
1.114167259738144011e+00
3.096617457245280924e-01
-5.202561463088453131e-01
-5.318999113067567341e-01
-6.382260885834927233e-01
-1.769820892322933936e+00
4.172126406616703531e-01
-2.253608943488681349e-01
1.039942823988595499e+00
-1.315649776405895199e+00
-7.835306558752154482e-02
1.519370286909220935e+00
-9.562408498166229398e-01
9.278922117115770973e-01
5.002303295222126911e-01
-6.666842339130142348e-01
1.064800646210159574e+00
-5.343562539146913259e-01
5.929411500743895225e-01
-2.774237255413335435e-01
-6.852135433840028655e-01
1.207845443490724202e+00
4.711100314828417512e-01
4.610153161077067963e-01
5.710809885147891674e-01
1.244481732413980302e+00
-1.924585850992827307e+00
-1.624781431113319297e+00
-8.156123865189303102e-01
-1.103831784740309629e+00
5.791579331110962015e-01
1.990876714340798215e-01
-3.911355594822299442e-02
-1.049851399820843190e+00
-4.302112798591452014e-01
-1.363704099990650676e+00
1.958328082060464478e-02
-3.238349382895541195e-01
1.157891259903724324e+00
7.454950226916311484e-01
-4.718823074354248082e-01
9.558420671192621176e-01
9.314994895687805920e-01
