-3.609702658190651614e-01
-6.559129765146671787e-01
1.809914374213353327e-01
-5.693522619460190670e-01
6.345317730722686012e-01
4.768866163005567316e-01
6.822670150556365831e-01
-1.229913115150436553e+00
-1.477727872811047671e+00
9.309424503490841829e-01
4.590216448760625068e-01
1.671760014209948020e+00
-7.018952905209377979e-01
-1.184148723691981875e+00
-5.545034557845449630e-01
-4.198069650568451716e-01
-1.104009815937031513e+00
-3.598828868688951355e-01
6.680231976084539669e-01
2.735745981692264128e-01
-1.149992195636398540e+00
5.541698342488089457e-01
2.409208120306156609e-01
-3.106903227740474560e-01
1.627038980200073981e-01
-1.365311324121058822e+00
2.216665895090554894e+00
3.138583692641114253e-01
-1.205833342366541827e-01
1.897757782196402565e-01
7.471366974328443877e-01
1.864956765066086430e-01
-5.342259495473701270e-01
2.640838654139446295e-01
7.233237283338103119e-01
-1.353107134407733447e+00
-2.585464047889873274e-01
1.486448710219540947e+00
-5.880299861462813249e-01
4.432338421964330810e-01
1.567985553338598903e+00
1.845787426626861460e+00
1.212371138158640171e+00
-7.857587543184704326e-04
2.754715058726845411e-01
-5.680251054334604088e-01
-1.350206688827295443e+00
-1.024230560372993093e+00
-2.375757764786255721e-01
-1.768182495799600421e-02
5.929271493588363917e-01
5.650787209165222813e-02
-2.186196216115084967e-01
-4.101979656760011417e-01
-1.776536474342210292e+00
3.500013650018825584e-01
-5.086007302445481049e-01
1.040253135797853806e-01
3.114681479843509071e-02
-4.395604225113529107e-01
-1.455350702674233498e-01
1.123511257630545046e+00
2.085390889931827418e-01
1.056009793260874519e+00
1.188505889049787489e+00
-6.896371078960927825e-01
