-9.412480383653343274e-01
-6.859430085403768196e-01
1.248042317629409315e+00
-1.753893921501815112e-01
-8.859971003023601188e-01
-1.796615934166241102e+00
-5.598090179409977996e-01
-1.735519207215397097e+00
-4.423211674556068039e-04
7.259731974684612288e-01
2.054471746309702029e-01
-9.454697002555148000e-01
-1.181597360452129708e+00
1.398010878304798213e-02
-1.536492939799729840e-01
-4.472915968451223745e-01
5.024477342224554777e-01
-3.898975036982646469e-01
-1.000176196149798580e+00
-2.909683535554719591e-01
-6.826826091566740029e-01
-5.317374926785554123e-01
-2.167309321698054791e+00
2.080886462646407142e-01
8.816330470434040611e-01
-4.341814805042412684e-01
-2.344019552204005818e-01
-1.241285731503583456e+00
9.586799258338167817e-01
9.557495437521428272e-01
-5.520463011003218234e-01
7.143629754189921854e-01
-5.480469291868470538e-01
-1.175901596764681867e-01
4.443456928100754100e-01
7.606114314352542261e-01
-2.062370299715142463e-02
2.216394891143735890e-01
-6.479932975861611988e-01
5.094098588308756392e-01
3.120643368597910555e-02
-3.439302722208721352e-01
-2.696393981836307518e-01
5.392905898080603277e-01
-4.689865433118506344e-01
4.704769172444623337e-01
-1.004062112643029137e+00
3.378035338275647281e-01
8.902437095447495174e-01
8.825684006244743918e-02
5.539755412530098511e-01
9.879704756456427761e-01
1.750331995165370635e-01
5.867872501971441723e-01
3.610063650297209992e-02
1.662556721535390691e+00
-1.045205633850454063e+00
7.771317406656306215e-01
-1.832251622489797560e+00
-4.017255051590840620e-01
-2.494659497746468113e-01
1.802207742161034965e+00
9.447871235853675387e-01
5.712923624366683661e-01
1.319896050555552369e+00
8.142339957290489760e-01
