1.228516961349656045e-01
6.048907755158273725e-01
6.120235792732333646e-01
4.676618320935289397e+00
4.634974711224260080e-01
7.691103672226160537e-01
1.916310310215536550e-01
5.578667219079470607e-01
5.507781571011940436e-01
-6.765116784797179372e-01
7.918849606284085185e-01
1.152496782361370764e-01
4.479861001827334932e-01
2.758415474569439585e+00
3.442088937446944330e-01
1.278468301121846284e+00
2.694226048750703040e-02
7.100381372148925507e+00
9.222317034813849457e-01
9.120557080741231726e-02
3.151217798889796029e-01
5.280222441303621395e-01
3.280620307120315493e-01
3.160033911611138002e+00
1.407604430284241426e+00
9.702690259622726021e-02
6.925885735165838719e-01
8.359434095405658960e-01
3.808700578534343517e+00
8.487743038476366353e-01
5.467912108913056679e-01
3.541034583404908398e-01
3.971559956716355977e+00
9.385167833651808511e-02
1.990579166094160746e+00
3.362582829842024612e-01
8.918326794322410933e-01
2.968489978028109322e-01
3.016482900041478343e-01
2.869098054241076667e+00
8.376099676703259167e-01
6.342813285005015622e-01
6.906213304343672421e-01
2.302544983031044268e+00
3.997773162271729408e-01
5.181734550376840831e-01
7.388450863889950426e-03
2.858567750101295157e+00
8.544711956012628340e-01
2.364259510378218465e+00
2.876736440302150033e-01
3.265888138296015875e-01
9.065595556793171195e-01
9.995595432680519643e-01
7.708842924588205081e-01
4.284751741192793784e-02
9.652511052082178855e-01
9.752124584285365438e-01
2.238155101392895308e+00
6.774005032414641470e+00
9.756797908466662284e-01
