-8.459565182346584500e-01
-7.341469643572148263e-01
-1.010286799115069911e+00
5.908764238202259822e-01
-9.825988829201314223e-01
7.888624139182998096e-02
-1.120180967607076639e+00
-3.238250539418026097e-01
1.385848247049923376e-01
-1.386800496276859862e-01
-3.178754593061726696e-01
-1.111357696629328984e-01
-7.232943908823988854e-01
-4.874982947825668433e-01
-6.352689212546260844e-01
-3.430507655946967160e-01
-7.096102160826313343e-02
4.726971849198352560e-01
6.526644362121984955e-01
-1.551377655906916342e-04
-4.957351348358904342e-01
3.340483778172432250e-01
4.113049134196713336e-02
2.991346597970852561e-01
-1.737921228380506222e-01
-1.549481148232995098e-01
1.509985276073518845e+00
2.624036296037692284e-01
4.577784800705869683e-01
4.109386904592410850e-01
3.990706028423777751e-01
5.292588779945471035e-03
1.908626520314122554e-01
-9.834473352662902457e-01
-3.486766511630507992e-01
8.368265658638158744e-01
-4.993301123045741918e-01
1.094182268647023726e+00
