-0.000000000000000000e+00 1.000000000000000000e+00 -0.000000000000000000e+00
-0.000000000000000000e+00 9.289334916423229727e-01 3.702466314569281547e-01
2.200203644491651733e-01 3.771814461767459270e-01 8.996250307142832359e-01
5.799611090136541636e-01 6.915031207621410436e-01 4.306605925875642837e-01
9.774257322655456326e-01 2.112792888694059734e-01 -0.000000000000000000e+00
3.929857460643735867e-01 9.195445630257557124e-01 -0.000000000000000000e+00
4.265916739483800457e-01 7.251630196644226478e-01 5.405165479697133790e-01
1.857404202870944210e-01 4.962811972273802330e-01 8.480598266337886493e-01
8.797898351390220917e-01 4.542134526360671054e-01 1.402140700160848796e-01
4.511718374024990541e-01 6.716713156634717130e-01 5.876237034444354856e-01
9.913922533615819876e-01 6.557783563382303671e-02 1.133179043586143298e-01
1.749082999185128107e-01 6.011626413604624908e-01 7.797503223802652039e-01
1.638077334910816307e-01 2.451305494213372894e-03 9.864892384359237321e-01
6.834808168038523091e-01 7.299684740186653809e-01 -0.000000000000000000e+00
8.404668157812411611e-01 2.908171820178510614e-01 4.572099060756856792e-01
9.613754813483609274e-01 2.752402293673788525e-01 -0.000000000000000000e+00
9.757248153112078048e-01 2.190001935750507944e-01 -0.000000000000000000e+00
4.109749798731215931e-01 -0.000000000000000000e+00 9.116466233789753959e-01
4.180372092182251809e-01 9.084299046756650897e-01 -0.000000000000000000e+00
-0.000000000000000000e+00 1.000000000000000000e+00 -0.000000000000000000e+00
5.545007365495927543e-01 8.321786209348197572e-01 2.770564018485273741e-03
3.587839579484113917e-01 9.334206294693044859e-01 -0.000000000000000000e+00
6.525891625856585776e-01 3.787681628164211722e-01 6.562484771124591498e-01
1.071716594267970585e-02 -0.000000000000000000e+00 9.999425695279490212e-01
7.819064488311616712e-01 6.233949962191173144e-01 9.919502047054096477e-04
3.708154348229941721e-01 4.067481658378072074e-01 8.348963066660513022e-01
4.806745721002987359e-01 3.797584100321096598e-03 8.768908336225186284e-01
7.978274460235057486e-01 4.837189644406365563e-01 3.598434796020183457e-01
9.531223268868581344e-02 2.438066177438332760e-01 9.651289610431397215e-01
4.068718652392845914e-01 2.984337656888929602e-01 8.633612064330041802e-01
2.996196333873321072e-01 2.929734547906488462e-01 9.079617998995730410e-01
1.875435951357374564e-01 8.836174906349444358e-01 4.290076108503979579e-01
9.859197877881559213e-01 -0.000000000000000000e+00 1.672189344774021591e-01
3.566061801276330101e-01 7.576908825731087926e-01 5.465679818287582092e-01
7.017587841461385700e-01 4.895630684796655197e-01 5.175544520671305770e-01
4.815932550546057622e-01 8.375523148192135503e-01 2.580194888509134143e-01
9.473382820419617989e-01 3.107913937329582783e-03 3.202194876155148306e-01
7.400329617260847925e-01 -0.000000000000000000e+00 6.725706026573856633e-01
5.646767424677541225e-01 7.190208998496402382e-01 4.051532081761409776e-01
9.808433487329204503e-01 -0.000000000000000000e+00 1.947981654081754055e-01
7.111458487738204770e-01 3.494986112892526919e-01 6.100182804462882524e-01
2.137808540852881301e-01 6.440035383754988407e-01 7.345455663104925037e-01
2.075541386973121794e-01 7.834024751635784156e-01 5.858343122566275207e-01
3.046953305997947004e-01 5.129479390032195552e-01 8.025242472243634406e-01
2.719507775759231749e-01 5.746049423100663134e-01 7.719274155312118024e-01
3.986532157649706476e-01 7.388926019822138480e-01 5.432433490584138713e-01
6.427963469073131320e-01 4.283984996369473719e-01 6.350492751837651939e-01
5.260005953650628285e-01 6.688459197178828752e-01 5.253270498959091706e-01
1.451369819573287978e-01 6.869661138471434558e-01 7.120483234262066086e-01
8.768490986793431308e-01 4.807656998426816930e-01 -0.000000000000000000e+00
7.568585054886410868e-01 1.181624641011550089e-03 6.535776973189251216e-01
9.999942945207126455e-01 -0.000000000000000000e+00 3.378006219981842442e-03
2.236977271881292750e-01 7.280778918996734239e-01 6.479675224714529502e-01
1.111708336498421212e-01 -0.000000000000000000e+00 9.938013110001411299e-01
3.238165710082769322e-01 1.430505912758853367e-02 9.460117301724106920e-01
2.465957406208499347e-01 8.794628516642407634e-01 4.071064151425962674e-01
8.176098444863517667e-01 5.757517679491495066e-01 4.903458211557928589e-03
-0.000000000000000000e+00 2.286094373903362065e-01 9.735182202383652061e-01
5.048930025196920468e-01 3.982792446771599160e-01 7.658046090655510341e-01
2.535608850349939103e-01 5.676113976295834584e-01 7.832778426977630160e-01
8.350756272586189466e-01 5.450441434430459697e-01 7.466979614985223834e-02
5.663197881194746985e-01 1.744616685541818535e-01 8.055091705186254725e-01
7.325206281040876899e-01 6.807446153595332339e-01 5.459496260349857872e-04
1.839650322389753956e-01 6.094673838961944812e-01 7.711720786439570929e-01
1.116208475268063577e-01 7.712513545679030580e-01 6.266674831795344680e-01
6.462359495613216875e-01 2.075928086748406454e-01 7.343598050554428491e-01
4.382663782054110335e-01 4.342973586969016767e-03 8.988346457024977143e-01
6.044420922855249234e-01 6.105948688166332738e-01 5.116870755142204352e-01
7.021266531729460914e-01 6.434481920963942558e-01 3.049468592919745702e-01
8.167234708628893225e-01 -0.000000000000000000e+00 5.770292645452874680e-01
3.827497693150698765e-01 2.609275634836198399e-01 8.862389185224053278e-01
3.459543435978821857e-01 9.382513480649833371e-01 -0.000000000000000000e+00
3.550562818286309152e-01 1.219830967390306553e-01 9.268522864210803069e-01
1.427353050972582360e-01 9.897479810075319184e-01 5.056359392574333138e-03
1.429173987196165905e-03 9.955879324394825147e-01 9.382231207229356496e-02
5.087156748907293302e-01 8.261932100627021880e-01 2.421015112855713358e-01
-0.000000000000000000e+00 9.804250755905904446e-01 1.968925370682825249e-01
5.038932196617512682e-02 9.311819504319958085e-01 3.610555240145943978e-01
1.469613033706402292e-03 3.880065303158127255e-01 9.216554522541574590e-01
6.927875823084809204e-01 6.131845203080759088e-01 3.795393390068080852e-01
7.792387579418235122e-01 5.389912452802957388e-01 3.198052464117501770e-01
9.344539739500294651e-02 4.232806620845729340e-01 9.011667097773505830e-01
5.750061536531441142e-01 8.181490837622547030e-01 -0.000000000000000000e+00
9.824831605159473069e-01 1.981420388743844116e-02 1.852949989257733909e-01
6.149598842287274936e-01 6.041970382226532349e-03 7.885352467602766424e-01
-0.000000000000000000e+00 8.125619721703619680e-01 5.828748076410679158e-01
9.037589548914971571e-01 4.280220431782036927e-01 4.108771955796781776e-03
1.360016467030338017e-01 7.260265456994480227e-01 6.740838278981261533e-01
8.551766397282832832e-01 3.881474661474381693e-01 3.435323265521969538e-01
-0.000000000000000000e+00 1.792497847335269845e-01 9.838035955783981379e-01
7.153580216030045458e-01 2.209929332306227456e-01 6.628914122164811795e-01
2.076406029276477716e-01 8.504422343963853326e-01 4.833563757422947305e-01
2.949082267831950044e-01 2.563088453104341632e-03 9.555221443552071037e-01
9.084017876468245545e-01 4.180983044692402339e-01 -0.000000000000000000e+00
6.905138487929933788e-01 5.860409900657262972e-01 4.239653082362640490e-01
9.997975407972777839e-01 3.036065256636418398e-03 1.989119713524607064e-02
1.669233582078953337e-01 9.859698740248602489e-01 -0.000000000000000000e+00
2.117129116363183905e-01 7.404268691400701652e-01 6.379229534214189146e-01
9.219439717284541036e-01 3.610820843343726105e-01 1.401393640855723155e-01
-0.000000000000000000e+00 9.697163197478183561e-01 2.442340255057571519e-01
6.792279850544962194e-01 4.699144352655912904e-01 5.637639291829777966e-01
3.829680251245516920e-01 5.268851540687422563e-01 7.587671092991302713e-01
5.833449546663781460e-01 7.586285756730857255e-01 2.901574538720427254e-01
2.260363228957799620e-01 5.466681230590495488e-01 8.062639418719222961e-01
5.030564330045120824e-01 8.642534571326813131e-01 4.324892895337341587e-04
7.566820262508907602e-01 4.178858306074278994e-01 5.027959265212740281e-01
9.107012937789592533e-01 2.715597044657276915e-01 3.112530809804400778e-01
1.188340440299843689e-02 4.248724494283080966e-01 9.051752241508738139e-01
8.048576248117093046e-01 7.882001746903554221e-03 5.934156029553955269e-01
7.665988033768903476e-01 2.792750418694903147e-02 6.415187675906356413e-01
3.219949701108957285e-01 9.005005890970326776e-01 2.922634569342879574e-01
4.547125653441576043e-01 3.528877474808679859e-01 8.177448994619375133e-01
-0.000000000000000000e+00 7.855531955378590725e-01 6.187941313395419751e-01
9.026893881428594835e-01 8.125702130563158430e-04 4.302920034859106790e-01
2.435521043302110722e-01 9.697281469606159332e-01 1.759810980349863635e-02
3.644143606514924083e-01 6.317397683568009015e-01 6.841834833050705056e-01
7.086141943039326874e-01 4.966903809896737187e-01 5.011632359454561980e-01
4.074461868180156987e-01 8.659282525107644402e-01 2.900963053041392681e-01
5.164194322952831984e-01 3.452083453714391847e-01 7.836722326545266792e-01
-0.000000000000000000e+00 2.298163896368177750e-01 9.732340042632595667e-01
-0.000000000000000000e+00 7.732443672507449683e-01 6.341081520647680048e-01
6.309862875244047764e-01 5.242418586183305029e-01 5.718625522173730324e-01
2.722705631093856327e-01 9.320936432750255296e-01 2.388936596697104342e-01
-0.000000000000000000e+00 8.140373077306567451e-01 5.808125873486421620e-01
7.778598202708888465e-01 5.942343300016489360e-01 2.044985600331501174e-01
2.328405568728077191e-01 -0.000000000000000000e+00 9.725149228033268534e-01
3.882870223212212535e-01 6.085980906570586102e-01 6.919837804063777575e-01
6.129853105898012133e-01 2.435704918382310125e-01 7.516132146967663408e-01
5.468561183588973584e-01 8.372110889868811245e-01 5.096890310814852776e-03
7.478938743549919943e-01 1.530786421456857560e-01 6.459269943431010796e-01
5.315509074607405182e-01 5.003991258447036961e-01 6.834137455681731366e-01
2.668952987421246426e-01 9.180039096173734856e-03 9.636818076479107820e-01
8.600535202228829501e-01 -0.000000000000000000e+00 5.102038243214441771e-01
2.419927813170489583e-05 9.865631570361802494e-01 1.633803433501111457e-01
3.068530660969219781e-01 9.517568995425870204e-01 -0.000000000000000000e+00
2.334068952489564974e-01 9.165595741302027255e-01 3.247149031388983920e-01
5.084998656830237440e-01 8.610620689592282107e-01 -0.000000000000000000e+00
-0.000000000000000000e+00 3.556733535850660766e-01 9.346103281847213395e-01
3.407087371957570610e-01 6.253995917474204358e-01 7.019920989873265071e-01
1.053649162451442134e-01 9.453985812372647235e-01 3.084149105008067160e-01
4.139052627376215709e-01 7.220313862954799156e-01 5.543943638623394232e-01
2.310841418883062826e-01 9.729293947090809080e-01 2.917580978599327354e-03
9.882802578930246495e-01 1.526503582010102500e-01 -0.000000000000000000e+00
7.340827702499673757e-01 6.741164186743411335e-01 8.178961117289960947e-02
1.755303760791832313e-01 4.287618826110709547e-01 8.862010692237460852e-01
8.800415212251647690e-01 4.083154035578981378e-01 2.424983549161698060e-01
3.881412030049841838e-02 -0.000000000000000000e+00 9.992464481124256892e-01
9.999998285372643236e-01 5.855983624568527257e-04 -0.000000000000000000e+00
1.911887908650016258e-03 9.887845852500041222e-01 1.493364947245044705e-01
4.439021173682379251e-01 7.762334528693052293e-01 4.476745881134993610e-01
4.523383602510623325e-01 3.305505671303863302e-01 8.283274294716793662e-01
2.531130708266773333e-01 -0.000000000000000000e+00 9.674367025168568723e-01
3.721085150998645896e-01 9.281892333948794649e-01 -0.000000000000000000e+00
6.591109215864712212e-01 -0.000000000000000000e+00 7.520457386658291332e-01
1.373506254212074340e-01 6.894673263645212380e-01 7.111748108391930945e-01
2.997550683975115926e-01 9.156562306945653651e-01 2.678069568928783672e-01
9.422593877903170378e-01 3.345922721647596187e-01 1.397345800582931903e-02
8.591349513888225653e-01 2.731601163115853215e-01 4.327478320670904988e-01
4.565861730182066425e-01 3.855206058875550613e-03 8.896708402520743242e-01
2.496752532668502222e-01 1.567592555679500621e-02 9.682027335553603509e-01
7.426852267839294530e-01 7.437699805920452642e-03 6.695993836156813872e-01
8.372773385693802004e-04 9.797739120725186268e-01 2.001059224230277989e-01
6.690005078434109187e-01 6.590291924316797889e-01 3.436842213836801552e-01
2.822755239601876243e-01 9.344293624307251633e-01 2.171688172834901065e-01
6.196582551805553951e-01 -0.000000000000000000e+00 7.848717390673394245e-01
-0.000000000000000000e+00 9.956979720836391934e-01 9.265823432662900760e-02
6.461002056082703060e-01 7.441790449164870092e-01 1.695643636503140206e-01
7.086000919546350252e-01 -0.000000000000000000e+00 7.056103100734022471e-01
3.611058366040647005e-01 9.308563838490824249e-01 5.575811526485005554e-02
1.228610224382229860e-01 -0.000000000000000000e+00 9.924238858297569355e-01
3.395658423240059398e-01 1.552926710249104836e-01 9.276740942015883062e-01
8.947549090669222327e-01 -0.000000000000000000e+00 4.465575581049365250e-01
3.939593056591739195e-01 1.512623242039779214e-01 9.065957063437661834e-01
3.519928928798534140e-01 -0.000000000000000000e+00 9.360026727323336182e-01
4.544944169512316751e-02 8.747952531722786862e-01 4.823563136073273916e-01
9.685106082963065299e-01 2.377729963054419915e-01 7.383226832117929794e-02
-0.000000000000000000e+00 8.893213684046130663e-01 4.572827393407132290e-01
