1.046868042495723738e+00 2.485775487948924667e+00 1.697970141887128026e+00 1.533738547441087396e+00 2.664453030347410767e+00 4.113858704848682102e+00 7.040309635560365424e-03 2.386822727800153476e+00 7.663028729000611293e-03 3.205932983142661258e-02
2.509026791597396278e-02 3.688431931193783542e-02 2.348773635696165485e+00 1.528929241722265520e+00 5.132201736605767728e+00 1.439292061744286144e+00 1.490622527471800352e+00 3.904423178117730764e+00 1.703369266732360998e+00 4.114847259043641174e-03
1.243945594504230513e-02 3.983415729309716102e+00 1.015728342235277637e+00 6.964643199768080217e-01 2.385539790740818233e+00 1.376947156799642968e+00 2.516369961530552590e+00 9.876521526940474915e-01 3.869492204830881743e+00 5.173265447915593285e+00
1.510294004165617210e+00 2.777784964972285827e-03 4.965856733075391660e-01 3.062895380746144536e+00 3.959353347754451580e+00 5.642268963600129972e-01 4.222318807316007394e+00 -0.000000000000000000e+00 3.048170285820313463e+00 1.085744206102351006e+00
3.221428282974821755e+00 3.173750699003347275e+00 4.377513000462032733e-01 3.365307944074928947e+00 1.695607580515307911e+00 1.125568087833915598e+00 1.595296726860080672e-02 1.525954214739737358e+00 3.171117771706695621e+00 4.020437721208919513e+00
4.402231795544710446e-01 3.133098898024848887e-03 4.367129374042584722e+00 1.854895553177023260e+00 5.137385996423018270e-02 1.247637710135882372e-01 1.887704042249654268e+00 1.920213730143175646e+00 5.766322265159591273e-03 2.799445731060568487e+00
2.278706943707798693e+00 4.862404084396247939e+00 1.744780814910076583e-01 2.736208323608012999e-02 3.035429296383138631e+00 2.484611207895649265e+00 1.058659699140851895e+00 3.109913026745187992e+00 3.651839929905222881e+00 1.084365702318810021e+00
4.510140218650883145e-03 2.797308589431739545e+00 5.062179162467847320e-03 3.254096836665900216e+00 2.600479547582731921e-01 3.398949871709040949e+00 2.743611529533380722e+00 5.620282699089728523e-02 5.310214517410830837e+00 6.466891365594310548e-01
2.599863913156052142e+00 3.119240681526144865e+00 2.008795510351506053e+00 2.630896815832723945e+00 3.284884971000931575e+00 1.084422998535581120e-02 3.518692403602255769e+00 7.408311830443106150e-01 4.331391667114702360e-01 1.431092074393245372e+00
1.089703778676068546e-01 2.188806873988858204e+00 3.813215905071441814e+00 4.596612750480530973e-01 2.633135999329954124e+00 1.241081671579226331e+00 2.980736454267243651e+00 7.802398008497613002e-01 1.948481473006776099e+00 4.190099769344868275e-01
5.801087550530100501e+00 4.230356921119061475e+00 9.766997201560594088e-03 3.452473906682270166e-01 3.259136679762986599e+00 1.921034470595946120e+00 6.531298023911207284e-01 1.568748144458948834e+00 2.473204316875620909e-02 8.195736597658171974e-01
2.433989717416248144e+00 5.725805544011867809e+00 1.267332342474150941e+00 5.267262873521511186e-03 3.516690917763261037e+00 2.630380665554749697e+00 4.164891011446505420e-01 1.494407760958990528e+00 4.031169048321361359e+00 2.190178304034784418e+00
1.866659981738881813e+00 2.979342659868254639e+00 1.665342579100291154e+00 2.423719500217414335e+00 1.197840236404302372e+00 1.585616157544259996e+00 2.098971889978465313e-03 3.504400270843337939e+00 2.925597099493611353e+00 2.701558093197527821e+00
6.770758646658436852e-01 3.038858044567017469e+00 4.290824145730214312e+00 1.225599572449318941e+00 1.952365334157661003e+00 1.413066665802615608e-04 2.862745966771365960e-03 1.433059025605056269e-01 1.921290013293689425e+00 9.023990377555397568e-01
6.578569473075221441e-02 2.460536266084388579e+00 4.616625654277801138e-01 2.792856871838582222e+00 9.808912868089897374e-01 1.612903457259859064e+00 4.257775295191965625e+00 1.671390604733741903e+00 1.629956050513208021e+00 2.443200971756152917e+00
5.372576977343002103e-01 5.429575800555561216e+00 9.805412428771057565e-01 2.996445129640604499e+00 2.343140687329987593e+00 2.186212268874910158e+00 7.361628560947440780e-01 9.872913371530518400e-01 1.604407274240279957e+00 1.426581018967437942e+00
2.854006371854521884e+00 2.242920764340774031e+00 8.726837177543043111e-01 3.689353115796513687e-03 1.314190160436758070e+00 6.497971815285748590e-04 3.517983844337775778e+00 1.331936978575775754e+00 3.101656641204362241e+00 2.525935060058693171e+00
8.152001494862419761e-01 2.315014053658317028e+00 1.332901318188887130e+00 1.813215449218277930e+00 5.979553932977684561e+00 2.058187039539331131e+00 5.651399637761419514e-01 6.919850066013675249e-01 5.296767846538006363e-01 4.473369024543855765e+00
3.427744341594629596e+00 3.135885771279756096e-01 1.976639008466630262e-03 5.029188897912701961e+00 2.721305254351559899e+00 1.521978495542999389e-02 4.220198139179020203e+00 9.380867011299998462e-03 1.010263526821321589e+00 1.532080212713056611e+00
3.145957579220055589e+00 1.063245783170452437e-02 1.483065024452642809e-03 9.558353448219366610e-01 4.297793681306508518e+00 1.267251298857893893e+00 6.430883966176962119e+00 6.018510739816024246e-01 2.571854560923834576e+00 4.034004096400181129e-03
1.432072708676855655e+00 4.198057816394025643e+00 3.327273016763522828e-01 7.941831953912180664e-01 7.136474347300371113e-01 1.438514101600729900e+00 3.604492131213292261e+00 2.046551899512285111e+00 2.344149677973701440e+00 4.114785407629604208e+00
8.676777616430259368e-03 2.939541623464559383e-01 1.901134163645348818e-02 1.245238188866650386e+00 4.760013695897173658e-03 1.076984850651293082e-02 3.948642633777609490e+00 3.782666328218549534e+00 1.322418082859323052e+00 5.852541595461540069e+00
3.653908131162276529e+00 3.545234969885712406e+00 1.891614185207795076e-02 5.018174803707050380e+00 2.500086888868944396e-02 2.472063314520478172e-01 2.321056957150664513e+00 3.485235015785839163e+00 6.851393321309301454e-01 9.349288828113639163e-03
4.027042293534745632e+00 3.573867222327722359e+00 2.923112922294643035e+00 9.882826730139428195e-02 2.282296835776993493e+00 1.234649804281394703e-01 1.149360077693825977e+00 6.817286947545954379e-02 1.895456167908483813e+00 1.116421415307421450e-01
1.314206192566444553e+00 2.084863583794488162e-01 2.963839649711411204e-03 1.523912326993757338e+00 2.781719102130491006e-01 3.317078595746870917e+00 1.762189420058466460e+00 3.906817257076370620e+00 1.676241678610831398e+00 5.517995293440582927e+00
1.895746446885199887e+00 6.002134694682110805e+00 1.023702289280780109e+00 1.722781080049160751e+00 2.341705925006794253e-01 2.692060560067290886e-01 1.781586442746285304e+00 2.594351197859625646e+00 4.721176066001129712e+00 2.337761219524538525e+00
2.958039148636080196e-01 1.782969478310811231e-03 1.101422973710260989e+00 1.577423377715149844e+00 6.898599214021223537e-03 3.910729005047298035e+00 2.887495374954624161e+00 1.925634671491494639e-03 1.196773275283018970e-03 8.069769718977196863e-04
8.019727873365890547e-01 9.033890397284508600e-01 2.948556698175444968e+00 1.295647433858776280e-02 2.753270887393639565e+00 2.845006205418666223e+00 1.738522760155932989e+00 1.150010370226688117e-02 5.070398585937320179e-01 1.918293238722392102e+00
3.784091614436641549e-01 3.117260319277743719e-01 3.656495073860017264e+00 2.443293264351098948e+00 1.542199217617246987e+00 2.078345609768533997e+00 5.859228468431525449e-01 1.564521243248959415e-01 4.250126782349312293e+00 2.554244540625118187e+00
2.436819339604170409e+00 3.189040697017186954e-01 3.432244556200508168e+00 8.788238422890493062e-01 5.797540343789677614e-03 3.024492563212105800e+00 4.680438487650172563e-01 2.289050531725061344e+00 1.156499378092475799e-01 -0.000000000000000000e+00
1.345140665635213395e+00 8.364099989472136660e-04 4.896373462605587257e+00 4.755697767912431817e-01 -0.000000000000000000e+00 3.078081377910947047e+00 6.536330783607803563e-03 1.912413331637138284e-04 1.041518270593617013e+00 8.555422909498615613e-01
4.915341579123703397e+00 1.307125068581550531e-01 -0.000000000000000000e+00 1.054362978148878138e+00 1.267481033876190821e+00 5.176013293081655142e+00 2.141529477634017409e-01 -0.000000000000000000e+00 2.872489398887793755e+00 3.134453953596081810e+00
1.915822839948858602e-01 2.246269529857451985e+00 2.464413210824016875e+00 1.378822119689232300e-03 1.521462042038729923e+00 2.787414907553540377e+00 9.284348353867505343e-01 2.332426883737601209e+00 2.806032974631334831e+00 3.786177271613120787e+00
1.348983746978698495e+00 4.048039075756218352e+00 1.160664841830216343e+00 2.422561302234875313e+00 2.831520127679087562e+00 1.041199495722864077e+00 8.529560739111735623e-01 3.704455098789845469e+00 2.640481105305028553e+00 2.076599929141909939e+00
1.717239059261568057e+00 2.068180403999743344e+00 1.504933857646044253e-02 1.130249127249101093e+00 4.342647550832940517e+00 4.113808126937717802e+00 8.436338540962594612e-01 1.031200124537476670e+00 3.636383166275582557e+00 1.588526291533599144e+00
1.758359348803917310e-03 1.238327293251733963e+00 4.268427580309396063e+00 5.461749333273236973e-01 1.466599805074762175e+00 3.020130337575093193e-01 1.219577164003157632e+00 2.001082788373603982e+00 7.024704101027794134e-02 4.174137237545519241e+00
2.363389110483325339e+00 6.752099941733732402e-01 1.012731426897039641e-02 5.072244215749882379e+00 3.379325374263950188e+00 5.274016037268334546e-03 2.864839349958956394e+00 1.461913165037740603e+00 1.115663315575901940e-02 1.360159667428218366e+00
3.659822721237589338e+00 2.910609551594786973e-03 5.383042825055048795e-03 1.673985194549250100e+00 1.821980299400595360e+00 3.167448631986504282e+00 1.306153802858890101e-01 2.012755417537670954e+00 4.096806799900056362e+00 3.137597640076331462e+00
1.137313256393739369e+00 6.138375263621304034e-01 3.503851636385468815e+00 1.518360376564398484e+00 1.476003702720839694e+00 5.788022249679766196e-01 4.509561395821728991e-01 5.930985648336326577e+00 2.409937878210594242e+00 3.229190758660793747e-01
1.986245999556596642e+00 2.486389982190706505e-02 5.225375056183353628e+00 1.475001898449211646e-02 2.897425239623672155e-01 1.426082653399857701e-02 1.892958801764826449e+00 1.406009460057858984e+00 3.204647995496102464e+00 6.684708682984249473e-01
2.357822415948528962e-03 3.463852461252113546e+00 2.035961034064139419e+00 -0.000000000000000000e+00 4.845879696417441984e+00 1.740918456112675150e+00 1.387913098118407351e-01 9.006601612442561855e-01 3.279916009974110855e-03 4.417466604618338066e-01
3.253660660542802230e+00 7.870717580358839172e-01 3.271910866862965794e-03 2.552289505337036246e+00 3.738160530730778586e-01 2.334872393448131689e+00 9.744871393281230934e-03 4.294073750631662634e+00 4.243661524890192993e+00 1.282576694789902660e+00
8.400118667696233610e-01 4.201420028266771745e+00 4.698557005758794425e+00 2.991361201701013606e+00 1.243368139796765109e-01 9.355006706231329405e-02 1.796192806001764564e-02 8.702278810511955287e-01 5.360605677431218297e-01 1.987674034633830189e+00
1.502946365478370107e-02 2.548417657461196306e+00 3.990144150260626077e+00 8.161144565036102527e-01 2.195314379007902605e+00 1.944444514801580426e-01 1.088302736862866230e-02 4.006665179905096075e+00 4.507726466926288644e+00 9.334286730692364920e-02
5.658173967686328965e+00 6.991923156391297023e-02 4.740294279923589760e-01 1.872487547396699953e-02 2.916553492871614729e-03 2.034905717307662343e+00 1.477877161975179043e-01 1.661467788509477517e+00 1.184779415274228365e+00 2.750526785359116655e+00
1.940280752186982038e+00 9.283121114000976171e-01 2.007701128606147023e+00 8.222235788648144528e-01 1.826169098368031429e+00 1.644820905339591105e-02 2.636329853773313747e+00 1.157379204661711236e-01 3.347891745500816807e+00 4.749637870823855579e+00
3.744878915797203358e-03 4.303322609973180835e-01 3.896514398631605314e+00 3.804126411885532910e+00 8.951697730480114024e-02 7.334054985347457922e-01 2.462123531727193448e+00 2.707818517282035292e-02 2.604035029457431056e-03 1.175599526137723234e-02
1.992864323545404215e+00 1.698268545252747119e-02 6.889164032004047034e-02 2.673305153954853353e+00 5.990562775021774922e-01 2.383526720713342151e+00 2.336237177769086681e+00 5.028912430720515747e-01 1.506154960125854758e-01 3.423612652599094641e+00
1.850606197371388595e-01 1.799669408697161105e-02 4.898720262745713150e+00 5.548533699445693523e-01 4.835224395092364347e+00 2.316607783589959835e-01 1.535712802497626539e+00 4.135250113589723497e+00 6.324228513366355608e-01 7.360649844615231308e-01
2.313672456828321344e+00 8.171434549058742905e-03 4.009648740391594579e+00 2.571246870805019125e+00 4.798946512499654982e-01 4.704229297880010430e-01 1.345296960381424205e-02 1.063904318455061865e-02 1.486350884871858957e+00 4.740065695677571633e-01
1.022204472547650012e+00 4.239785330771739247e+00 1.601670086409542781e+00 6.553397375217818489e-03 1.653204924158473421e+00 2.001903733480434600e+00 2.427346056945126396e+00 1.619409091490616737e+00 -0.000000000000000000e+00 4.539185013932523383e+00
1.642025943701565849e+00 2.347473110972327692e+00 2.903227534456812808e+00 3.118946929071869656e-01 1.366344319536878446e-02 4.014076925374652660e+00 2.072392880168216767e+00 1.539969670064136986e+00 3.527638197628604755e-01 1.149026984982526658e-02
2.092999334023643854e-01 1.421276972658758186e+00 2.121017610633830763e+00 6.070764046991057941e-03 3.199058448152201528e+00 1.903914347591269873e+00 3.245157068726819638e+00 2.787140566114214124e+00 1.890153699221210015e+00 1.745038036578433038e+00
1.516965149611084973e+00 4.552346575107927507e+00 4.420243522777890233e-01 2.741509641890105708e+00 2.872321237261387661e-01 1.860344482092810336e+00 2.693001017666314389e+00 1.554758005685352273e+00 4.031814214649346792e-03 6.678518530446336809e-01
2.130554320147453939e+00 7.252520984366155332e+00 4.769703508029717876e-01 1.513276731267993114e+00 9.636979087234485639e-03 9.963652501316020427e-01 1.800808340189947510e+00 1.821769725818529029e+00 4.664786969300342534e+00 3.247555976290942836e-01
2.541377212573340483e+00 4.999838828828319315e+00 1.460602749762445196e+00 8.153757422634843044e-01 1.017237236441636661e+00 1.454214700337617350e+00 1.032910507919724274e+00 3.819070172519652751e+00 2.447517339146826121e+00 1.690654925878413595e+00
3.456426396778174759e+00 8.217860476615279630e-01 1.519109868405867959e-02 5.734307422504184792e+00 1.800048512919809163e+00 1.039461806742750932e-02 3.868825115597637865e+00 1.384884693189715986e-03 2.370836958947500239e+00 5.357537234095939294e-01
2.536080981644992308e-02 1.523463277122780006e-02 3.740508001584188946e+00 6.453290345307184650e-02 1.060366732763993493e-02 3.611492744595619087e+00 2.669873423496051112e-02 3.197749915616653841e-03 3.721088023801235288e-03 1.744910053309640219e+00
8.789648982203263072e-01 1.866781174224385218e-03 2.317468439470747654e+00 2.296964684107921872e+00 4.001368208526510095e+00 8.201804508784304656e-03 1.574377465040354140e+00 6.413854009825266544e+00 1.361431532633308045e-02 1.479132402259298977e-02
9.393954425144679377e-01 1.065410939230821037e-02 5.997870189617757891e-03 3.906929716221664850e-01 2.056815410477366157e+00 3.560366645977035116e+00 1.734830398900105930e+00 2.253057375329728274e+00 1.666283317466120462e+00 5.428987614777343929e+00
3.734811332346484880e-01 9.015514114509974863e-01 3.357645452323407831e+00 2.877284967363407553e+00 2.082980108817720666e+00 2.073191891383899144e+00 1.096183329603524825e+00 3.586675928723573215e+00 5.506647496184392983e-03 2.594008411340177345e-01
3.268327005986910283e+00 4.632129359282684787e-03 1.672001159397109790e-02 1.485565499386897192e-01 3.650809618676826851e+00 1.275604108874202856e-02 2.648119086573121450e+00 7.640099257852835946e-01 2.793978390663679257e+00 5.296390750572533612e+00
7.424908378291322997e+00 9.873959817909561121e-03 4.504025626174686381e-01 1.546890686269416948e+00 1.828360024513050464e+00 2.771688606664493904e+00 9.093132744921362740e-03 1.393309105562875461e+00 1.071006617526537169e-01 2.341149962396524842e+00
7.432160048704468565e-03 5.038542622859740749e-01 3.039312564499684122e+00 3.930897852746562560e+00 2.176649020955507385e+00 1.905729411573166665e+00 2.659827994128328293e-03 3.108452160848229617e+00 3.502223412526186852e+00 3.112026288207223601e-01
3.877772414284764296e-03 2.187187644882239781e-03 9.369348812397549908e-01 8.167207860366567165e-03 9.866265679712826753e-03 2.830382264352143906e+00 3.660430798970477628e+00 1.437330430956363481e+00 1.805756260823461815e-02 5.421375637160096364e-03
9.325281440426470558e-01 1.463844587585417904e-02 5.777754372709964059e+00 1.880011614997775804e-02 2.049419791453836570e+00 6.906508902467205502e-01 1.145160339839458752e+00 5.154542328889209768e-02 1.062053018425823323e-02 5.104023326626611068e-01
1.178166123877011806e+00 2.181601617286792028e+00 9.145360275954420720e-03 2.576631375471290925e-02 3.128676985934446986e+00 7.883609571844659714e-01 5.075016777972216175e+00 2.979989810722881494e+00 2.479657324580697431e+00 1.631887248136345073e-02
1.018696316184858341e-01 1.379078227745839325e+00 4.246476604158963220e+00 2.563083017383713802e+00 1.556304159672369014e+00 3.239570726813058993e-02 1.869439594624842660e-01 3.751012123026534972e+00 4.028548256031176500e+00 -0.000000000000000000e+00
3.564647978148795193e+00 2.345579719942368080e-01 2.733671916353929809e+00 8.164103234508435919e-03 5.760460546443562507e-03 1.438435479535357109e+00 2.708660173549571226e+00 3.050134035836660762e-01 2.329109955194108017e-01 4.184567398240531255e-01
1.424177578339031469e-01 1.361261649792967043e+00 5.556493444492697012e-03 2.106489030776437232e+00 6.933673452749470334e-01 3.188867350585898874e-01 4.929467528540580012e+00 7.801731102060205369e-01 3.677671298718924398e+00 3.102437647343586846e+00
1.469871905287552627e+00 6.307387481521842254e-01 1.358509486766996455e+00 3.333168447383155542e+00 1.528016025838260461e+00 1.049933772312528109e-02 1.490741429273039431e+00 2.830606439144513122e-03 4.785165173311992426e+00 4.953347219082655073e+00
1.177413607655228622e+00 3.991508867531532889e+00 1.736642907391553914e+00 3.622145845642203543e+00 9.604246077365891088e-02 2.925521951226738970e+00 9.659460840738248039e-04 3.790219049839798515e+00 3.262336805284814512e-01 2.467533210606515315e+00
5.088551002426037195e-01 4.468695504073050620e-03 4.071402490164467203e+00 1.481686003909369817e-02 2.548776223823098874e+00 2.400391225630820469e-01 7.823913288577712954e-01 5.378430307398618382e+00 4.120778803265950252e+00 1.072743840715800279e-03
2.413504351540340487e+00 3.487326010259495512e-01 6.827070338624802170e-01 3.680238481459487399e-01 1.318252432686854714e-02 2.637545457293958506e+00 1.845830715983399095e+00 5.609774303068215673e+00 1.410440728422978074e+00 2.872524545945448260e+00
4.958945525049517578e+00 4.733301666878028668e-01 1.683452520315974477e-01 1.969407965420641796e-02 1.742767274370731645e+00 9.989672598256947866e-01 2.425719272822171924e+00 -0.000000000000000000e+00 -0.000000000000000000e+00 4.519182554253077910e+00
6.132035773699062275e+00 4.100844528536714328e+00 1.107995101806117655e-01 8.443567279383058510e-01 1.036199134502930989e-02 9.584617530364655108e-03 2.497898279655306641e+00 4.618584822671865757e-03 1.961412714847734495e+00 2.778969443651787330e+00
-0.000000000000000000e+00 2.001093908480190642e+00 9.959176527800879253e-01 2.632063149886914033e+00 -0.000000000000000000e+00 4.792074287375067243e+00 6.569162475784523503e-01 8.287130605903083973e-04 -0.000000000000000000e+00 1.322002080083575781e-01
8.278601979825467305e-03 2.274058567203874226e+00 2.607818098234362836e+00 2.623614184708639385e+00 4.503214449716725909e+00 8.243726742555446130e-01 1.389579604914360278e+00 2.148074747928850614e-02 9.131109223028313071e-01 1.467949003811541697e+00
2.534367251955337963e+00 -0.000000000000000000e+00 2.681739021186797078e+00 3.970321023936338456e-01 -0.000000000000000000e+00 4.442072573248343481e+00 1.100377781382077917e-02 4.995182891141106141e-03 5.681485238844367902e-03 2.617521225672033491e+00
8.463317142323779629e-01 1.657705170218122470e+00 7.184455175459257548e-02 6.346252643722823938e-01 3.590024422755965006e+00 6.411997659823802376e-03 4.469609999756332996e+00 2.433451012466967267e+00 3.459175029799131273e+00 3.276190157812713721e+00
4.820090449600882287e+00 5.869017509094374280e-02 3.192295239239602456e+00 4.415917383335674629e+00 5.045510649171460089e-03 9.027354555994774113e-03 8.849221241115028114e-02 3.830698486705823025e-01 1.174608356046394020e+00 4.128160698302733245e+00
