1.704364370392335459e+00
1.680647112918683517e+00
2.751653195968829735e+00
1.029769904696040683e+00
3.799177155868064926e+00
1.995260263996260663e+00
1.669877916411042662e+00
1.896861429486690565e+00
1.609565781976940668e+00
2.445753337146392425e+00
3.706865826115503637e+00
3.760267461205601069e+00
1.343692748283452199e+00
2.771008322778170108e+00
1.696345461481153727e+00
3.595444543507403168e+00
2.081108714661991321e+00
1.713161698272616995e+00
2.265048243014097462e+00
2.166158557834433562e+00
3.788033554258829927e+00
1.560362205920289069e+00
1.931533873148332026e+00
1.158390191643007050e+00
2.436348189572346445e+00
3.224041028675126430e+00
1.768052471644585566e+00
1.477925992080575179e+00
3.732253663374700547e+00
1.611916647332136021e+00
2.909462685226746448e+00
1.705476116161192657e+00
2.283898419009655179e+00
2.022465144171269102e+00
3.500245279961882616e+00
2.066102493432509846e+00
1.994744297826292145e+00
2.313735230155270717e+00
1.132602960777634227e+00
2.023547989943196068e+00
1.598485917221208252e+00
1.833811991892592141e+00
3.721492094296159348e+00
2.893581545857718762e+00
1.442704966968029634e+00
1.283822247426684715e+00
1.535751483900457792e+00
1.819439639824665722e+00
2.231578349251332138e+00
2.004638197535868027e+00
1.713723875075080727e+00
3.259061492556645234e+00
2.196363667972202727e+00
2.153434622209807525e+00
2.085645159906281076e+00
2.998795873947893043e+00
1.852158760538252791e+00
1.522840796232027394e+00
3.097318601794623039e+00
2.270942482734336298e+00
3.382880839694870190e+00
3.811673734527299739e+00
3.952945423554051985e+00
1.789340665363080340e+00
1.906905411416425444e+00
2.181937707872810606e+00
3.691139174807854584e+00
2.277856581541631176e+00
2.500791396073740902e+00
2.566131662004073277e+00
1.827064022981080393e+00
3.681279626475294720e+00
2.374999364515872458e+00
2.115907008789597477e+00
2.601034632421372450e+00
1.711191573715789449e+00
1.964718634115839802e+00
1.245238249772271599e+00
2.851263627900511022e+00
1.776225471415556312e+00
3.265307336514511327e+00
