-1.220262876968506438e+00
-1.360968550965803603e+00
8.435651603335351245e-01
-3.001655287311627007e-01
-1.363577513015132858e+00
-1.724318518636527298e+00
-2.573715185800753424e-01
-2.627841490032746030e+00
-5.121164131096366257e-01
9.628235452702305075e-01
7.774623687075221667e-01
-9.513009004204487917e-01
-1.234772476271620123e+00
2.017356262334463191e-01
-2.522755287850385608e-01
-8.453476345531453495e-02
2.464566010925738071e-01
-8.768109577718640191e-01
-1.265214178796174593e+00
2.960765810960994115e-01
-1.203836282996817220e+00
-4.953604457557906487e-02
-2.078456934479326002e+00
3.028618139537269660e-01
1.952173060559485862e-01
1.613005384954579735e-01
-4.389808900610081555e-01
-2.246298086877111189e+00
6.441314205774203439e-01
6.514583346480210535e-01
-6.777240551719122541e-01
6.395229293831311557e-01
-1.422433460237793490e+00
4.169711202172653453e-01
4.061655162778191608e-01
7.381862430588523871e-01
-4.385542077409211870e-01
9.380864746760543549e-02
-3.847173589183572884e-01
1.918046272042628619e-01
-4.281776928601226939e-01
-5.671280993090599409e-01
-9.377040969224349765e-02
2.731892613927591751e-01
-2.210762071661952766e-01
2.327376834423362795e-01
-1.343055517529784026e+00
2.173062592796271286e-01
6.330180352927338161e-01
-4.228956993381334517e-02
-7.411022273316836273e-02
6.193608213187433709e-01
4.157427083856784361e-02
1.103397225036418572e+00
2.358231976672341690e-01
9.310907318447981806e-01
-1.365649519683111324e+00
5.527513341163609040e-01
-2.469968681438128755e+00
-1.821860028426271483e-01
-7.460110655072314800e-02
7.754802221436614129e-01
8.897020551411757294e-01
5.628331568343731828e-01
7.825640595934275634e-01
5.293853662583096753e-01
