5.136297755580238045e-01 1.101524047284915264e+00
7.345645402105022148e-01 9.107037394925988627e-01
3.967206991317729914e-01 7.507263950244227324e-01
2.289150078146690373e-02 9.097547750999464000e-01
3.416553387803465958e-01 1.074953517639011036e+00
1.070514644279338956e+00 1.206125699231953341e+00
9.608443789379711442e-02 6.309583579554657318e-01
6.754074755788790074e-02 1.004199710782576471e-01
3.447781846506793313e-01 1.227797957895965464e+00
3.318362872591558710e-01 1.119448376172968718e-01
1.946553077370865248e+00 4.137267020464510670e-02
2.971184742326303529e-02 1.041901538448873454e+00
6.940146588453103282e-01 4.376132678048049174e-01
1.194537482423529626e-02 1.883410769418088493e-01
2.100669773735993479e-02 7.418482037112029692e-01
5.993509507666950897e-01 4.077184528408346609e-02
1.643455926001761824e+00 3.052790858063203147e-02
1.263606479737595933e-01 7.698658286608894841e-01
1.127206394721810501e+00 2.293460315435728258e+00
1.402548372912162389e+00 1.237561636572112267e+00
5.381720370619005323e-01 5.053879631189942545e-01
9.044348257538351588e-01 1.176436120798787011e+00
1.384804444408817448e+00 3.314221842316124322e-02
4.200522624730936294e-01 2.111383133263001977e+00
1.197859263556289196e-02 8.583802865635205004e-01
7.200382778855973775e-02 5.471896231181838655e-02
1.048603026620356760e+00 5.647541855311698500e-01
1.561388351754606774e+00 4.651924378900405138e-02
1.294832628292896803e+00 2.390887800937655516e+00
1.321205326802509517e-01 1.753766835682841196e-01
3.422901814934362075e-01 2.001584941149987251e-01
7.501801125963896144e-01 3.361805738027717760e-01
4.091160773447105603e-01 1.035320532163666263e+00
1.173998694464676751e+00 1.849249900993587409e-02
1.904956314158325004e+00 8.420285590343282167e-02
1.048675435754785168e+00 3.206847506900172284e-01
1.298018343684454179e-01 9.139359516434153452e-01
3.023084981681761589e-03 1.473497861061487502e+00
6.579167373328758117e-01 8.166622512874326389e-01
2.264365327189465649e-01 1.581379426448420888e+00
6.594020647798285450e-01 6.085894275434455825e-01
2.332941290744292712e-02 1.737421676992349784e-01
2.715813377882253521e-01 8.086582659525436423e-01
5.207044189297852649e-02 2.822283253789724736e-02
2.567885042260621642e+00 7.851547952790309814e-01
4.970753500273621117e-02 1.120635960923700214e+00
9.745811448460359738e-01 2.308832221120701855e-02
3.394898657189696078e-01 7.315824025121329122e-01
1.415419051489616997e+00 4.081383488752790556e-02
9.737441843835927813e-01 5.385350653403531140e-01
1.446548690290219596e+00 6.447295973699121996e-01
8.604695105577322423e-01 1.695847416362063376e+00
9.269810454858350424e-01 1.625527556813394892e+00
1.602275987700525928e+00 1.358030756464391198e+00
6.212295848478887050e-01 5.331368265620386460e-01
9.953698557912293854e-01 7.075042808600554012e-02
7.263709688075202855e-03 2.250912979578313655e-01
8.524177506515384639e-01 2.697856905940644937e-02
4.246350406068570282e-01 1.125652709838798282e+00
9.375469411488250859e-01 1.979738538800652481e-01
3.820886664520283804e-01 4.148635794459502590e-01
1.233667918485211956e+00 1.731139702243195799e+00
2.164867709960629355e-02 6.191596742297327677e-02
6.603228606252857791e-01 7.632727302535110558e-01
9.552348577082869774e-01 7.567825836507698911e-01
3.282921277165327112e-01 5.561521227095538311e-01
2.953466103029142587e-02 7.200470097443542050e-01
9.139776541032059720e-01 1.910963233791554305e+00
3.771442679495526362e-01 1.209673080328676820e+00
7.504493830933626208e-01 8.580473099930475966e-02
2.972067674201655518e-01 2.605788722186553122e-02
1.315842701552849325e+00 1.296335100240368632e-01
9.641941945303583728e-01 1.113571459835587113e-01
1.238073519705894077e+00 6.107957150734653062e-01
1.208288116411224022e+00 1.276364113821280011e+00
1.623355092805952138e+00 1.439235362377528693e+00
9.999087114823888012e-01 2.219160896567032651e-02
1.357702957409856248e+00 1.188948595727873592e+00
7.460297877288182278e-01 9.766075455480596190e-01
8.010467279430931731e-01 4.009386281656514561e-01
