-1.774416241255905469e+00
-1.539118534546343842e+00
2.378408468269195275e+00
4.672147023386745701e-01
1.170181759757766005e-01
-1.351199423233475638e+00
1.998840693260773183e+00
-1.308082974305111001e+00
1.305181149770555903e-02
-9.893978305292981945e-01
3.502070144955368725e-01
-1.680500908003287552e+00
-3.158300524129230569e-01
-1.443559731020096271e+00
3.548083203501922744e-01
3.442392335475774612e+00
2.942648987236923475e+00
2.033062527129057884e+00
5.525212398658447821e-01
-2.656935799443128854e+00
2.461899324610991258e+00
-7.313148803939195641e-01
6.385792243403626278e-01
-4.308730936780093002e-01
1.453660287191818723e+00
-5.278939138386241625e-01
-2.766019981583488496e-01
-1.314084395581983644e+00
-6.727266069290818162e-01
2.021053965270540598e+00
8.908863541046705414e-01
-1.668669306828699739e+00
5.182070943148520570e+00
5.374532445273760839e-01
9.516050064861999447e-01
1.947666161069305790e-01
1.890888432982816392e+00
1.503034194130114520e-01
-1.977282434869467309e+00
-1.243938048605597313e+00
5.658215296407028028e+00
5.631126523955058083e+00
-1.557610411246389825e-01
-4.377365266466886617e-01
-9.675961892981159718e-01
-3.893484995192249276e-02
-3.089071790836672160e-01
8.964013984887766462e-01
-6.970949386668422176e-02
-5.440560934605666032e-01
4.893677412048694220e-01
-1.179100951449404189e+00
3.130152182886726919e+00
5.394283114377850019e+00
3.142476275408340181e-01
-1.345581726685462831e+00
-1.668879268777769376e+00
-7.282356368710076744e-01
2.752268097116734036e-01
-2.092811881948358099e+00
3.717242099039770320e-01
5.463991800200838078e+00
-5.511909979131670440e-02
1.734767078610158553e+00
5.562911987017153947e-01
3.434183895656762742e-01
3.406940096977604804e-01
-1.143382882641137854e+00
-3.230701664074803747e-01
3.705634128214364553e-01
2.582208272841003183e+00
2.347203376733142832e+00
9.988122289294035783e-01
2.461226633194595781e+00
2.449115312495429908e+00
2.056062635832071273e+00
-5.732144980829586567e-01
4.834080069497582177e-01
-2.815451447696039056e-01
2.104946846104426950e+00
1.803456141129178070e+00
-5.202427727469796093e-01
-9.391299125993771701e-01
3.511582576349959517e+00
5.069860411025750579e-01
1.565234154607032968e+00
1.050456497586634841e+00
5.482686512592319650e-01
6.372080036779106393e-01
4.165110404352363460e-01
2.348768089589795771e+00
7.095440606338844214e-01
-2.346664656418714578e+00
1.620746302784884296e+00
1.754402629300965133e+00
-2.299845127726686811e-01
3.107979169109968409e-01
1.225722546779033806e+00
-2.984408156363240194e-01
4.732528229749908277e+00
5.686821561021342397e-01
-1.040331700911126589e+00
4.256055953116427704e-01
7.174209160859776890e-01
-2.230286764322825466e+00
1.732901117195142726e+00
9.887824596192264226e-02
1.245136157665798438e+00
3.404155297996145801e+00
2.453912351031865668e+00
-8.139460020023240316e-01
-5.975203213999237713e-03
-5.585504718817139169e-01
-1.394846599510405627e-01
2.006230014213730151e+00
4.951363337916274698e-01
-9.909041599542801615e-01
-1.155778098925386077e+00
2.149862905069773955e+00
1.864721099324418541e+00
-8.045870144840329141e-01
3.627202240184733917e+00
4.592583346842284087e+00
5.025536884837263685e+00
-2.574447270376136299e+00
-2.989018344784087233e+00
7.997552834824400714e-01
-4.487683030666450024e-01
7.432853283362302887e-01
7.712017188368686105e-01
-4.791766677536783425e-01
-9.954822408558298141e-01
7.513435496552900439e-02
-3.496082081133195185e+00
-3.190616199525513064e-02
-1.984758731992321001e-01
2.810983204676441360e+00
1.698267266929448738e+00
7.574489703635135796e-02
-1.520043140551849525e+00
-6.741680525716541306e-01
2.627962336441919344e+00
5.176262994317277766e+00
1.947358202400339300e+00
8.678082932196938826e-01
1.339299820207686398e-01
-1.757034855211530466e+00
1.206346729894954617e+00
-6.709286887631498164e-01
-2.194828309394200261e+00
-5.463059323280742285e-01
-1.878049795565409852e+00
3.855505919067220510e+00
7.103451497928915670e-02
3.634358188206032736e-01
3.832993334702705646e-01
1.985360062866821096e+00
2.258782999662603541e-01
2.058077037516867769e-01
-1.641396827736392394e+00
1.031900077949184702e+00
-1.603648369948624808e-01
-2.887670954967524461e-01
1.522507708229878520e-01
-4.733178302527872305e-01
2.260365963014610902e+00
-2.868577690201793207e+00
4.041200977003314154e-01
3.433623587395858712e-01
2.086724466428226954e+00
1.357602662630694290e+00
2.045197619364202968e+00
2.503097667067983423e+00
2.112589526611224233e+00
-1.782064175264419292e+00
-1.208491359002141288e-02
9.207328469513056390e-01
