8.980054389004051840e-01 1.963154987506257720e+00 1.562830834384428158e+00
2.212507824379607690e+00 1.926560229941519653e+00 2.682252837791254674e+00
2.930534036081284377e+00 7.982204080326592566e-01 1.309997479829432709e+00
9.350826968080750978e-01 2.877918302958695218e+00 3.173932685570607148e+00
2.340822654219630206e+00 6.466785065534834676e-01 1.226596653736566345e-01
4.116980569643575727e-01 1.394582699499186118e-02 1.603341682163984316e+00
4.344955803420292306e-01 1.217070600395339319e+00 1.539387161811938354e+00
1.607189226653083503e-01 5.163500613346702073e-01 1.513522625272175626e+00
3.828797643334582584e-02 9.543342116048173507e-01 1.581752149329194168e+00
1.013006688326359095e+00 1.788357838735181449e-01 1.466460058880190154e+00
1.729996625837971091e+00 1.011882823772911388e+00 1.356379794098273583e-01
1.974552804620258728e+00 5.670394601307826576e-01 3.648390069292549720e-01
2.135469650121864404e+00 2.318594952662866859e+00 2.630975094099055056e+00
1.075314963536020407e+00 1.217268221291315955e+00 1.554491432880019952e-01
1.152897452896950795e-02 1.277012450405377919e+00 1.432661912242381153e+00
2.957669844400259596e+00 -0.000000000000000000e+00 9.897063115073833073e-01
3.268072468255151519e-01 5.677868893860504862e-01 1.363984374445361913e+00
9.034805630455210526e-03 5.264785993374461182e-01 1.102897283638913484e+00
3.717663172307412167e-01 1.571938478909673809e-01 1.420824424554342658e+00
1.188595177606662778e+00 2.855701875756571639e-01 1.818895856639027864e+00
2.405293041143857113e+00 9.292777054447712848e-01 2.687332613036074735e-01
9.026351051976562109e-03 1.768704233808449100e+00 1.186999627390634249e+00
6.330593221178459906e-03 5.349517608301769256e-01 1.430752615803179584e+00
1.099049795081134991e-02 2.414843763565352130e+00 1.542822141398084934e+00
1.748544039561458652e+00 1.756151852708418337e+00 8.452556271361860718e-01
1.710963105746467816e+00 1.125047910910630167e+00 2.391726730107987253e-01
2.282821371711836633e+00 1.709544432781284540e+00 2.374286556076484977e+00
6.914945727876088410e-01 1.709492995751449529e+00 2.107826882687766190e+00
2.887675527396939223e+00 1.087971336473411155e+00 6.566274975066968000e-01
1.180540990051562433e+00 2.002779632122998255e+00 2.080367061795722616e+00
1.979789082239142406e+00 8.304038911028188696e-01 8.297873018497757824e-01
2.767595327240208736e+00 1.148188010698094397e+00 2.609159947030351479e+00
1.127098890259900621e+00 7.408886926025758622e-03 1.609424163575430722e+00
6.064813311687364816e-01 5.270868925677949512e-01 1.400610892937971030e+00
1.746385406932263074e+00 1.056023578901025717e+00 1.269079198023241872e-01
3.165212471544878170e+00 6.789332991488494784e-01 2.438186156310278019e+00
8.800428276190536137e-01 7.577867457890665737e-01 1.367050472476419420e+00
7.757832838409923770e-01 1.012156541234862928e-01 1.452567238272161942e+00
3.116088356617637278e-01 3.507195060324779234e+00 1.805249577917791060e+00
1.211712159488061769e+00 1.485171911613769824e+00 1.851474419113654291e+00
2.233104785964164396e+00 3.515306923230570479e+00 3.699370573600894385e+00
8.566674184381316559e-01 1.343151837261724824e+00 1.390771602671847962e+00
1.319092782234787320e+00 7.902107019076631822e-01 6.821132725637766604e-03
8.175043528395568027e-01 1.431853343704444503e+00 5.717524035948956355e-03
2.264799452004443714e-01 1.723652820161362564e+00 1.542440577367014454e+00
2.039241450515516085e+00 3.029669103506908989e+00 2.841978833484748890e+00
4.147642876772801926e-03 1.804871870209969087e+00 1.264751381212650738e+00
9.539693161917514042e-01 1.584625581146616335e+00 1.495650053217846276e+00
7.396590363135772117e-01 2.093194278878810974e-02 1.295895305371769668e+00
8.985867869187896817e-01 1.241483879183211680e+00 1.370494601263645640e+00
1.823420813106447352e-02 2.138588651536744045e+00 7.121490775326196898e-01
1.123172644165001621e+00 1.216538775395021421e+00 1.194685204664478785e-02
1.348323065624092709e-01 4.276160921006785104e-02 1.366839276891212096e+00
8.424327808424927899e-02 4.528221347961079446e-01 1.309795260400682393e+00
4.484196282814552625e-01 7.954162275110813196e-01 1.603244156623877537e+00
1.451229244406097241e+00 9.084356522519475563e-01 2.244719577472751096e-02
6.510391049749963965e-01 6.322586862951523612e-01 1.451096448670584405e+00
-0.000000000000000000e+00 1.969487392421511052e+00 1.288710714996426976e+00
1.090729681134794404e+00 1.398081311457634257e+00 2.399993962454977786e-02
5.573397578136741748e-01 8.545530472456396671e-04 1.215096127289025496e+00
1.199863066457914407e+00 1.124433951219595329e+00 2.660491760531849808e-03
1.800360721914883610e+00 3.906981195989043809e-01 2.521286567189674754e-03
2.570681867489800432e+00 1.965917493761441120e-02 4.179184921926291096e-01
8.646263547812661071e-03 1.875477531511944518e+00 1.013000786625482208e+00
1.726697760673317344e-02 7.629237869490208546e-01 9.679574425771383384e-01
6.849110418113649734e-01 1.510930229795687807e-01 1.466023099140134844e+00
1.834218830293099733e+00 1.139669042886925610e+00 1.859945778884184234e-02
4.961146867194509702e-01 4.365879759909374047e-01 1.295967097759141318e+00
1.253895321469700619e+00 1.268125948260074631e+00 1.027714048909778244e+00
1.462267183795577408e+00 1.506799724376022054e+00 8.935760673360805262e-01
4.878062979400286416e-03 8.981727100147591791e-01 1.279765501003250039e+00
2.909110688572226877e+00 1.362118596135765414e-01 7.940132952531308019e-01
6.800128917473170498e-01 2.489414714627678337e-03 1.468132863633620167e+00
1.080711241300850167e+00 9.391314032198637696e-01 1.529593088025150927e+00
1.053179441352986911e+00 1.310639600204070776e+00 1.363615176074714497e-01
8.487231639072567724e-01 1.405575181519237993e-01 2.140383539413026170e+00
8.260649865690782023e-02 2.970776868445337837e-01 1.261539221585052939e+00
4.939905767090089217e-01 2.339276063260899985e+00 1.958624439728965827e+00
1.703908435239348984e+00 9.140931606270742416e-01 7.783811348668007168e-01
3.137041093375920187e-01 1.586889498470288817e+00 1.438641281401749739e+00
1.969244806210620036e+00 1.215335836847910800e+00 6.338062246384625897e-01
