9.554397316578475130e-02 2.911990699251916226e-01 4.810682459144225431e-01
1.096603225723786545e+00 1.614072708207861528e-01 1.258739417762170909e+00
-1.206888984701515405e-16 7.210256225995226947e-16 7.697155789897587112e-16
9.161272162873109748e-01 1.787533852772085208e-01 1.399724902666122373e-01
4.217617435077036236e-01 4.472363175613062181e-01 3.391800208144785667e-01
6.137547161781723437e-01 4.444451773349711310e-01 4.032428102297458405e-01
-1.779619425577842160e-16 -1.171261431933715325e-16 4.451897175815950697e-17
4.817643662599941923e-01 2.223958507428900888e-01 -2.153757274970098112e-01
4.437487875147738126e-01 5.730057176105497474e-01 4.890725928887898477e-01
4.373647077519245419e-01 5.494029505372058919e-01 3.067044113389961746e-01
-2.758357434371777885e-16 -8.010209910180621408e-16 -4.963764397771586684e-16
-8.451938664539197826e-16 3.182813184433018512e-16 -4.094485097911166820e-16
8.980651533084906263e-16 -2.799905326176409953e-16 -7.380568144833260718e-16
6.320935557226610435e-02 5.261964582984311745e-02 -6.040607429093326070e-02
1.249615649307742160e+00 7.155122915088071300e-01 1.350212130138911393e+00
5.726686448121271472e-17 -4.691414820489759720e-16 2.620765412076824859e-16
3.330026367523751807e-01 6.034331330295737705e-02 4.684060542767891078e-01
3.806979428763509476e-01 4.928429770399781473e-01 -1.105108209853217401e-02
1.139545928662250642e-17 -5.279502475551680849e-16 7.567397979717019255e-16
4.895215458914175882e-16 1.001582755415335162e-15 1.844628276091163768e-16
6.919422125433120213e-03 1.565816709398228784e-02 1.919562877019315439e-01
6.443676324144846923e-01 4.458082709377589881e-01 2.992350723258678236e-01
5.649985427035418839e-01 4.485325026324610831e-01 1.927799254831963349e-01
2.523998179656810614e-01 1.004132901978660453e+00 2.480361464951560180e+00
-2.613264976464544803e-16 7.687929631299378489e-16 2.727331360292132880e-16
2.020975154458425630e-16 5.097776667066365710e-16 4.729108474929599807e-16
6.052737356908777233e-01 1.283308664232282736e-01 8.636188829746859197e-01
7.295513125177507385e-01 3.635374323236917893e-01 3.775377251577630849e-02
2.419244107007523793e-16 -1.077061491751442906e-15 3.275873921388927281e-18
6.451235431292047240e-01 4.852641467361082928e-01 4.119924726388505820e-01
3.260068327939425470e-01 2.903838973825284553e-01 -9.767916913881413699e-02
1.990063586854118993e+00 1.072500701805958467e+00 8.391831608952490251e-01
9.927040995539552066e-17 1.169514933257136120e-16 8.928349160949788305e-16
-1.199386902988893308e-15 1.995616300814001014e-16 8.289766529372885988e-16
-7.296596901012981855e-16 2.701784476115466165e-18 2.012914523334043336e-16
5.495473562135101409e-01 5.178432526701977068e-01 2.088906412101853849e-01
2.335544130391829409e-16 -4.460510153734642406e-16 5.628195322447160598e-17
2.073752524227898654e-16 2.075123244373359555e-16 -1.218162079929126447e-15
7.941618522639450894e-01 4.586041602973448539e-01 7.441537119256913524e-02
5.794508138426855654e-16 -1.740522617842876582e-17 -1.556399934669697746e-16
2.164122314763298416e+00 7.977586262158381514e-01 8.867435507130172478e-01
9.158499998766924440e-16 -3.883877629114926213e-16 3.145675166431874225e-17
6.659643988761804190e-01 2.988971158779009096e-01 1.937457905426926974e-01
6.766697305897113601e-01 -9.010581704940201497e-01 1.876303779427554108e+00
4.963137969621527201e-01 1.087165505030498469e-01 -1.619959880641008432e-01
2.469546794183648863e+00 1.050810482841558757e+00 5.306874020076254861e-02
2.566701879716417611e-01 5.513178835044164616e-01 4.835176581255776762e-01
5.224712388833721022e-01 4.997093403223194508e-01 5.943119375518288727e-01
4.525841101567944919e-02 -7.644511158113473370e-02 5.145991459129390516e-02
4.002487403594471099e-16 4.445335484496780890e-16 -6.076841341364132504e-16
-6.998605681063185837e-16 -6.369222366503881228e-16 -1.089694962391703653e-15
1.377713381196798717e-16 -3.296817252334116650e-16 1.309516418498557963e-15
5.958090334585471881e-01 4.730818010284909003e-01 3.765315186444492257e-01
1.690742752378867841e+00 -1.210345768354628149e+00 -1.586909041740713622e-01
8.711791177522168472e-02 -2.797079347781129544e-01 3.666581188797141035e-03
-4.061760478113678830e-16 3.920375610893907809e-16 -3.719914792403492688e-16
8.455421229470576616e-01 7.344489486373928511e-01 1.937512756478003417e-01
-2.789983005921268036e-02 3.745949345642071715e-02 -1.700612871721874086e-01
6.755344299463906799e-01 3.412796672466654746e-01 -1.705198823573647257e-02
6.374583483681418583e-01 -2.781262035332757176e-01 -2.923246483567500942e-01
-8.742658407161980787e-17 -6.871538788161223459e-16 4.270636046422387834e-16
5.349835845191373007e-01 2.584762953352835457e-01 -1.883752787448185126e-02
-6.534847504847694016e-17 -5.901861551233852743e-16 3.792886736825608614e-16
-2.969307876082492992e-16 -5.146390733993377057e-16 6.706669223414015579e-16
1.252109450488859244e+00 1.766673634716566521e-01 2.758444842698778654e+00
2.037484116117512123e+00 3.421338729496324338e-01 6.128708284570942577e-02
1.410829099817707315e-15 3.430328764188762360e-16 -6.147072513001150372e-16
1.925727274602187233e-01 4.987791009792549302e-01 3.479931279724094995e-01
5.491742334303826301e-01 9.966015365561727013e-02 5.424548221241920487e-01
9.068275364766341662e-01 2.909388270219290251e-01 1.040076390999308958e-01
-1.751549519979228376e-16 -1.863719692107395609e-16 4.168748305274234532e-16
2.169542702725101857e-01 4.682797612401444209e-01 7.595873502620817952e-01
5.560094138267347124e-17 -1.741098990348842985e-16 -4.911425747281344316e-16
3.124674803110776833e-01 4.907446966778835629e-01 -2.620801488694317338e-02
4.239056168072525957e-17 1.292829097542537264e-16 1.454036858338648116e-15
-5.932835808853957074e-17 -3.433559752139099706e-17 5.785932192170859351e-16
-2.137344070341775066e-16 -1.155280533411392907e-15 -1.704011744454053709e-16
3.847420719434270648e-16 7.365250198623996514e-16 -8.037761746119497713e-16
3.919299964471607862e-16 -5.973452936363359834e-16 -8.737329325811089670e-16
1.138032024608540471e+00 8.648151531465284592e-01 7.996628036511833626e-01
1.583259125451521809e+00 1.089855265282514862e+00 2.754906089978549910e-01
-6.462415180061072705e-16 2.105895342507116820e-16 8.911457740724992228e-16
3.549483491926947454e-01 2.554524030235018062e-01 3.030687053220334493e-01
7.192568604862844550e-01 2.086121763153227504e-01 -2.047482736391725497e-02
-4.726926267552653268e-16 5.707879262434603732e-16 6.569884514969550118e-17
1.056818395183075068e-15 -7.520669957884322184e-16 1.176717777781487782e-16
5.504118664463010235e-01 4.569032775094386545e-01 1.104933571791615332e+00
1.103146435833762373e+00 7.678349216477309280e-01 -3.690372651410857296e-02
8.896863892634369053e-01 5.043961426654247626e-01 7.192011851392808852e-01
-1.775563218685026128e-16 -1.200578970802761487e-15 2.648200781112218653e-17
7.618388350817362209e-01 -1.228972770886154642e+00 4.891172922391582439e-02
7.441569230004286828e-01 4.484190514492293889e-01 1.741250120740988061e+00
4.239329450473493348e-16 -1.472168213906514681e-16 -8.470360570048549598e-16
-2.544072265271370981e-01 4.274491192085475705e-02 1.225636250916885217e+00
1.010480397584186576e-15 9.291251445102247215e-16 -1.480830217590056760e-15
3.634116461483044618e-16 -4.413588579153305785e-16 2.770847958237964806e-16
5.005311777820319330e-01 6.741396477366614626e-01 2.175465429846616394e-01
1.030328811384142580e-15 2.536996864144149992e-16 -4.773960930476394090e-16
4.420925967728304151e-01 6.015007704173314096e-01 4.573286750182034566e-02
1.354072741235053723e+00 8.732145743362224044e-01 2.589357932544459562e+00
7.717728414056022057e-01 2.772862860573355737e-01 1.969784152062344362e-01
4.686142513940383947e-01 1.403567170218253946e+00 9.647583762357154757e-01
-4.030856240308402582e-16 2.894978191187254879e-16 1.756098222474224071e-16
-1.443379737211877326e-16 -5.460884048596188060e-16 -2.877668037924189478e-16
5.036908151440905299e-17 -1.954077197142793334e-16 -7.681484772372708085e-16
2.672863354431977534e+00 8.148250021159717527e-01 1.401128568739490765e+00
7.695664529949295396e-01 3.138014779872990156e-01 3.840469858026294703e-01
8.436606133344342622e-16 -5.964226947845140838e-17 1.352307244462967784e-16
1.477016390768088661e+00 1.116755512480748669e+00 1.094853433026733658e+00
-2.149183878386570686e-16 3.539684062627211236e-16 -1.385423865595947665e-16
5.589555199001178173e-16 2.865561232004307062e-16 -1.204755294813656792e-15
7.507011896827158193e-01 2.581365392349986854e-01 -1.409896423053981496e-02
-1.047970329724477990e-15 4.642669984931554648e-16 -1.575493366020999175e-16
-1.611320226709514747e-01 8.519160576677195507e-02 -2.622774318208929284e-02
5.400425166206352934e-01 2.181269243568767224e-01 5.081501708238395087e-01
8.049970971914718332e-01 6.390169823972857710e-01 1.743232739106815865e-01
-3.637405942079724211e-16 1.508915626721405549e-16 -5.845452005932363963e-16
1.795475251881371932e-16 -8.481267931063121057e-16 -6.173580754926949989e-16
7.802267900146638846e-01 4.794035082389188074e-01 4.603755853222881167e-01
8.840286563439198665e-17 9.995795228118180307e-16 -7.167430306648295217e-16
9.214266199304521621e-01 6.490324619150739105e-01 7.591590680570508010e-01
7.621907566575281123e-01 1.613290943603283845e+00 -1.769939616540608107e-01
1.393502631832916672e+00 6.588383449580053064e-01 2.436630942433974933e+00
6.991139909956811671e-01 2.796970920295150931e-01 2.650418841338190723e-01
1.836456447903329181e+00 1.060127967454333131e+00 4.695017962453300053e-01
6.286636974997872329e-01 2.719581814927547470e+00 -1.021774281554258090e+00
4.155759574813666403e-16 1.300428592457498904e-15 -1.139075378081852125e-16
4.395455695992103728e-01 -1.136463143995238984e-01 4.399649324956085295e-01
6.611674995982536610e-16 1.412929640882068895e-16 -1.269907114430771221e-16
4.048816415267084690e-01 2.182784923251235021e-01 -5.240272671606045485e-01
-2.789734052194470584e-02 5.227570922225668881e-02 8.773348957703512585e-02
-3.756412862262937351e-16 8.935941764337833201e-16 -9.224320155598572613e-16
-8.641955938751572086e-02 1.612737369576915381e-01 6.087519629909030616e-01
2.572879091857750988e-01 3.879694249329554978e-01 8.642610882877098388e-02
5.195727246107137987e-01 4.705950136345248280e-01 3.224563462048479767e-01
1.268900187558379411e+00 -4.857234188226197680e-01 -8.872682914054055292e-01
5.107285014542750634e-01 2.444391358459563068e-01 -5.076096502429045670e-02
2.884574007519783434e-01 2.945064030306044911e-01 9.196182323875495834e-01
4.016529274151354228e-16 1.653825600814413785e-16 9.956860892194535943e-19
2.415056163770014308e+00 7.747985886023711632e-01 4.645643923304164646e-01
-9.445474411549951168e-16 -2.615964654962906342e-16 8.524319832114029163e-16
1.125354720696865349e-16 -1.374096218597395769e-16 8.948512988756725423e-16
5.734912834807381898e-01 3.649208387274012200e-01 3.872780724393738438e-01
5.667896990105215638e-01 2.144974387818319173e-01 6.340590160493373428e-01
3.253696184965980676e-01 3.660922238968705167e-01 -4.323020756612374060e-01
6.737494834510896480e-01 -2.771414713792256235e-01 1.728966894350182804e+00
-5.870551069824249200e-16 -3.871160474731028644e-17 1.513354874724558307e-15
1.075118693979061386e-15 5.082773172308230455e-16 4.359330254788019991e-16
1.612239472926873807e-01 -2.054300743757947467e-02 3.292530992196653905e-01
-1.082198961289448077e-15 4.275626516072899499e-16 6.780536763010369066e-16
5.648690678828921508e-01 5.454980667000467465e-01 3.380625481703620205e-01
-3.835225206951732280e-16 -3.903113863331215195e-17 -5.050007765051519125e-16
7.606092233691472693e-01 2.276876137844728032e-01 3.689299776186022450e-02
9.510474599862377357e-16 7.927055664139894911e-17 3.877927481627326810e-16
-5.795375126022853816e-16 3.551161105923801086e-16 9.708840425393791208e-16
-1.320379509044346533e-01 3.108180912089894554e-01 1.190863975514500517e+00
-5.549983675028145017e-16 3.917704829711104599e-16 -9.558513511947576185e-17
2.889939630704689844e-01 2.734643943908228181e-01 5.530242855255502743e-01
-5.512910472222902346e-16 6.449667153167780480e-16 8.067192243133493009e-16
7.713619023258289072e-16 2.203779436733095254e-16 -7.084899708016127743e-17
8.642986088276051940e-16 5.721186880899527395e-16 8.714529347534567635e-16
5.217280607383977253e-01 1.166698457752705531e+00 1.751037991413304296e+00
4.453546863723910065e-01 2.084687618857933300e-01 6.439380316769305335e-02
4.761993116555064409e-01 1.174468046027344004e+00 1.087950333969450734e+00
1.968088362776881928e-01 4.440439244166297095e-01 -1.137156818872365679e-02
-1.575175139410331676e-16 1.042382907830763297e-16 2.817555754256940703e-16
-3.537124631973437544e-16 -6.856255690862688912e-16 -7.475261126007112096e-17
-6.407586924460616570e-16 -1.015955945337487303e-15 -8.394859688137109664e-16
7.785589358045082257e-16 -8.110410391886790130e-16 8.572497409211503388e-16
1.221489270312275499e+00 -4.984198084509887661e-01 -7.471946013068123671e-01
2.082570176019515440e+00 1.016183525419702027e+00 1.030804448624424330e+00
