1.110599775477464773e-01
1.407747510367605370e+00
-3.308605987362191886e-02
1.006609123783595683e+00
3.871064007247411176e+00
5.733725392526158732e-02
1.845812509582086758e+00
1.907783169527871303e+00
2.061421456337567903e+00
-6.048649269939760931e-01
4.263709430310971271e+00
6.896138594626375351e+00
-1.035376573858215687e+00
3.475828885742794583e+00
3.395335243678072601e+00
2.109128822038349060e+00
-3.812677296501726931e-01
2.769408385571184184e+00
1.617701686427414742e+00
-9.286245403354693728e-01
-6.559488902615557837e-01
1.599779203544023698e+00
3.735194956953319601e+00
2.431489771229055741e+00
1.379874539747620865e+00
1.470183723324109293e+00
2.612018681534099329e+00
3.101312983594887163e-01
1.744780698306477973e+00
3.665759969316189082e+00
9.197583847079514596e-01
1.906070370024602001e+00
2.098776760383599616e+00
8.718471593449675927e-01
4.102495435465871587e+00
2.175023753972610496e+00
4.494607366966939743e+00
4.267888305750339839e+00
1.682265895550358215e+00
2.647420510468182275e+00
1.880259691550907997e+00
-2.338508034034800509e-01
1.153889562741231112e+00
3.118659816639243409e+00
6.663853587749311913e+00
2.300445912712984153e+00
3.911079924795554663e-01
3.638908923648515703e+00
2.294407196551895844e-01
1.609322292644688623e+00
2.457609181555895361e+00
5.655818892364973260e-01
1.246024475683927601e+00
1.809557057585246875e+00
5.572581903709599160e+00
1.525197242141124621e+00
9.479615363126095429e-02
-5.604020059809429188e-01
1.883514040488150521e+00
2.366727712191831312e+00
1.080624609154552246e-01
6.375168212525959888e+00
1.373302249976230627e+00
2.792574117685003188e+00
