-1.487132533610206136e-05 1.178310075551373838e-05 4.789067928138817837e-06
4.374092437370926149e-05 -2.326002105078590849e-06 -3.232135221743096616e-05
-2.478284062882595931e-05 3.635605858072828319e-05 -5.626480391305860166e-07
4.315083364114093850e-02 -2.200341485843525235e-02 2.966340872498399953e-03
-1.176567767862490489e-05 -1.981677822489077409e-05 -1.754348345726175379e-05
2.798595593579151775e-01 5.060694190681253035e-01 -2.137535813193822132e-01
2.282312062706548983e-04 -4.496269467522935950e-04 1.124723608164469590e-01
4.452311828036258912e-01 1.781130923651173259e-01 -3.246231868369228724e-01
5.134438565077421579e-01 -3.607440236065951877e-01 -1.134080795823849686e-01
2.987146166223269561e-01 3.268367926675322388e-01 -1.230337550307390865e-01
9.834423296623359028e-05 7.747175153592475438e-02 -1.340876849888192931e-04
2.035786199520901198e-05 -2.469345305684748606e-05 9.542759416368731269e-08
2.567560932255977812e-01 2.859721367694322836e-01 2.773852105082744157e-01
3.711694900337787696e-05 4.065072118881561846e-07 -1.027776612196192991e-05
1.943707998081380513e-05 6.884596132310964733e-02 7.134454441351410769e-02
3.005398370151513389e-05 3.255209452724866151e-05 -3.237854189921244744e-05
1.186136799203656167e-01 -3.503552244725710585e-02 -1.843733235595421127e-02
-2.118385300550793340e-02 1.471160537380049489e-02 -7.359713140145111854e-02
-1.498168139757292401e-06 -8.797659024410482621e-07 -6.930475916531684546e-06
-4.559890078479611193e-06 1.733068308150755556e-06 -4.078555343831942746e-06
-3.811913053712915129e-06 -6.209438626315699701e-06 7.861565232084610460e-06
-1.360730951429845008e-05 -1.828760563167810475e-05 -3.012611464274146282e-06
2.246957353751437569e-01 5.507913747918860015e-01 -4.452206378821570443e-01
3.599073259129688673e-01 4.866140006220704417e-01 -4.347873918448876829e-01
1.593767311455182023e-01 -2.176062190775710226e-01 -4.152649544608737475e-01
-6.615696008670478301e-02 -1.111239923393633235e-04 3.186486080999809817e-03
-4.233524065550254526e-05 -1.407172799994104420e-05 5.313265307162786917e-05
-1.012044266971470242e-03 1.165454382520160481e-01 -1.268440934323959990e-01
1.467884123394752049e-01 -4.678621664665603697e-01 -3.216801628994256368e-01
4.318867010730302311e-06 2.309586587626030816e-05 -7.793428671939229061e-05
1.124925024778181681e-01 -6.693132014469438396e-02 -6.051836684492865187e-02
-2.107561918112269895e-05 3.187562770358187735e-05 1.942874392685993781e-05
2.241660880717952498e-01 -1.023607162000602644e-01 -1.438718890539425754e-01
-1.735406804451457841e-01 5.979013497926898707e-02 5.605135492313028100e-01
-1.469259087833344000e-04 -8.514409115075596834e-02 5.456018770703593155e-04
-2.638212221486403997e-01 3.210375032496957659e-01 -1.383368812083896893e-01
7.642515890202641327e-01 -7.543086529383091765e-02 -1.648493057952063467e-01
3.250373100192656964e-05 1.063971315055761917e-05 7.872421632884007541e-06
-5.643816276430076856e-02 -9.460160392783814598e-02 -3.030486709801412729e-02
3.276475784779511041e-02 1.895154909096166962e-01 -7.192358838728760140e-02
-2.718405793148729750e-05 2.108006061245443301e-06 9.430211956398964909e-06
-5.133288525914699604e-05 1.275255212858658734e-07 -4.688667217557415104e-05
1.352233478366719754e-01 -6.454571840368980573e-02 -4.529459024272910507e-04
-1.953515147006398497e-05 -2.919298423725706941e-04 -8.088164755851202925e-03
-1.774828867856714440e-04 9.928768497955095811e-05 -4.792198468845818710e-02
3.355640028938227520e-02 7.718297311566042762e-02 -1.165270006244785023e-01
5.542272544359393843e-02 8.515552799073244916e-02 9.853352122976855032e-02
6.886600516301708552e-01 2.586299220277943900e-01 -8.190765653840189620e-01
-1.343199768153429976e-05 -2.753359958509068566e-05 9.102372132919326790e-06
-1.760710063576246203e-05 2.190991508570170036e-06 8.078573745667511920e-06
1.756025527187991592e-04 2.907245110767784496e-02 1.103233689057055988e-01
1.371862075458932795e-01 7.824575255735409518e-02 -2.072844443905619977e-02
5.280752794074784484e-01 -5.055638582368628953e-01 -3.740165596419894878e-01
1.832899324394224742e-06 -1.335838727838750708e-05 4.077102586815189929e-05
-1.524611407070392676e-05 1.224570966586255243e-06 1.397508636611258775e-05
7.310919124747000675e-01 2.193153311639409742e-01 -6.766619377086614540e-01
5.027187502826753994e-03 2.152282442492012629e-02 -1.496264829496185833e-01
3.989681272392909817e-01 -2.851661882674078607e-01 3.956228828384947271e-02
-4.247333745380948294e-02 7.308017664481365749e-02 -1.928676378061875525e-04
4.262230964271249535e-04 8.687655016962396448e-02 2.566172198214707392e-02
2.854389120803703774e-04 8.898767289829298544e-02 3.359080277681663479e-02
1.142969185364457047e-01 -6.763764667845689749e-02 1.221440001813883097e-03
1.754421650639208905e-05 -2.462507707196151313e-05 -2.900111665395344675e-05
-1.044437870017276004e-01 2.416703873070461168e-05 1.037766739602872940e-01
-1.289154124614289452e-05 7.000277550285588643e-05 5.263862344035231806e-06
8.960128760817684390e-02 7.679072393833622726e-05 -7.037638988786594843e-05
1.100594934018239573e-01 -1.035351729451980674e-01 -4.758338971682884583e-06
1.068030297654176973e-05 2.683375777328960446e-05 -1.596857943751749535e-05
4.101965675877627948e-02 2.067527779082257433e-01 -1.358067587066614512e-01
4.549863155098485268e-02 -8.662750928352008772e-02 -7.820084338142357927e-02
-6.924516415300485237e-06 -1.187424390231839593e-04 -9.951647376858187288e-02
-6.686597400051127115e-05 3.745384379294683551e-06 -7.348736340625140540e-06
1.876586073754445139e-01 6.778709097652531324e-02 -5.712981123549979445e-01
-1.259092387767553056e-01 2.064590963381558453e-01 -1.077854947155263143e-01
2.098802864005423208e-01 -4.715014885440827475e-01 -5.988922493893215071e-01
1.479465177100093218e-02 -3.260792918018566236e-05 -4.180119339804001604e-04
1.722788743136882128e-01 -9.583562139509385625e-02 -5.567498836378894506e-02
6.954398514609858824e-06 4.406132320487650818e-06 -1.667929179877797839e-05
4.935349590918424734e-01 -1.140442774876780085e-01 1.220990146587025427e-01
4.051133532282700069e-04 -2.961182006935927230e-02 6.869405121831670402e-02
2.847768713403064922e-01 9.841308240814232444e-02 -3.164715986379124657e-01
2.984339152948160545e-01 -2.574013514645742337e-02 -2.696053188889147023e-01
1.210167637840293985e-04 -3.066225066462132179e-02 1.119105553061818248e-01
4.324173659670796019e-04 8.329669204529957516e-02 2.508684264641124553e-02
5.146250905114498297e-05 -6.624429125653482672e-06 2.164480122028906570e-06
6.016234768472342870e-02 5.902062153750173290e-02 -6.279844729940119163e-02
2.884066862626638583e-01 5.188529762580442739e-01 -5.249464953566289616e-01
-9.230449541052278273e-02 1.532179517889502018e-01 -6.108108772016883625e-01
-4.270264963934683228e-05 2.109215801967443543e-02 6.071133961112777644e-02
1.308022156183869314e-02 -2.441710611367014366e-02 1.371617112995751099e-02
3.083744302163108849e-05 -3.436669504185728213e-05 1.538960291750460918e-05
2.962133796354152109e-05 3.149972202952455638e-03 -1.469310552432594175e-01
2.553139473397410264e-02 8.496791532124207957e-02 9.307610372042372793e-02
-2.148006034745473961e-05 1.072423966451370725e-01 1.941518423881761005e-02
4.425184233391527000e-02 1.094337759036531910e-01 -3.732709646508398649e-01
-1.057873030654633006e-01 2.802917174646000001e-02 2.245150735663052838e-04
1.034946021192395399e-01 -1.111344145541494355e-01 2.806214094557457801e-04
1.871304530044924034e-04 -9.673667258569682015e-02 5.817866333041927379e-02
-6.197344170979113970e-02 -1.742076423206912084e-06 -4.362594136790136357e-02
8.470965081435382071e-01 -4.108573562509990063e-01 7.096002613153148952e-02
-1.272111654711649503e-05 4.178801702225559439e-05 7.700255177202535028e-06
-2.726489158054591866e-05 -1.000607690693221025e-05 -6.914655325626231457e-06
7.349947152520119875e-01 3.044553829236166381e-02 -4.215361566496934609e-01
-2.811448665062047866e-02 -5.850320848289110309e-02 -1.128169226094450778e-01
4.543904298911659589e-01 1.416194316952096577e-01 -4.219748423950114846e-01
-5.731977181460782162e-06 -3.675679939523317355e-05 -2.247433768649200822e-05
8.677395442729290975e-02 -5.069385941778242755e-01 -6.999517764138884568e-04
4.157726553355360573e-05 -8.693662011516530843e-05 1.423928604737778271e-05
-1.741279990307014082e-05 1.081096363833937809e-05 -2.748839529819107347e-05
-6.657943945937645491e-01 1.824966277883670884e-01 6.862304610788082515e-01
-6.770409642107397263e-02 1.047012576695002112e-01 -2.247636132118327468e-01
1.419827763290298361e-01 8.010830294157725989e-03 -9.518895205721385200e-02
3.877659626478881516e-01 -2.105969825404280585e-03 -5.435582286251827711e-01
2.251935000581924659e-06 1.334213642308952906e-05 7.746775247259277575e-05
3.715057181880556114e-01 -1.453711036539316326e-01 -1.810938273889987349e-01
1.130010795990867259e-05 6.838739035670432181e-06 -5.619810922733839260e-06
8.184437942544164901e-02 -6.363865469951351939e-02 -8.355423245520168796e-02
1.869156567702744687e-01 -2.052442353172126335e-03 -2.002835655516488900e-01
-3.026138353475628549e-05 -4.591456154201490144e-05 1.634805231553713720e-06
2.326686710006369840e-01 9.926668510215301555e-02 -2.784451918858869557e-01
-2.321806991173390609e-06 5.265019569780690505e-06 8.840761610050763947e-06
2.841647009037631677e-01 3.087992240791854331e-02 -2.639751600086622796e-01
8.993313029538574366e-02 -3.918660599025625569e-04 6.335452047288377131e-02
-1.653902677449781123e-04 1.037950625409754940e-01 -8.404011787850473869e-02
5.724372218070620383e-02 -9.655121506018646054e-05 -6.540106288859286188e-02
4.051565845755306094e-01 -5.783789213875875079e-01 2.680948250240769992e-01
6.055613522167991003e-06 2.346924275466977139e-05 3.764673926745176432e-05
4.142072909995338226e-02 -4.881956956142703111e-04 -1.788498952488465077e-01
2.166680079218592445e-02 -2.655978138820242473e-01 -7.929808845127892525e-01
-4.643740745800248315e-03 6.138177031693374530e-02 -3.632857268433543050e-04
1.333585818355227095e-03 4.933204054372560265e-01 -5.124676913344750062e-01
2.779821816685926761e-01 -4.540214879306592732e-01 1.829250745472320652e-02
6.948204662079050520e-01 -1.437283067827399841e-01 -3.115929956083755559e-01
-1.421221777117258056e-01 1.280724344949296101e-01 -1.368609412300571815e-01
3.296665432173355047e-05 6.386628678565188693e-07 -4.518412606710683346e-05
1.490580123105175181e-01 -3.524384946319471658e-04 -4.102369905012345774e-02
1.812137065919328468e-05 2.853112576339524744e-05 2.684629197473606638e-06
-5.966955472588834908e-02 2.078231188574418861e-05 -5.943104491285482183e-02
-8.969265467620372856e-02 6.020153396634886356e-02 8.211451962032197127e-02
9.785285327818055916e-05 -3.997253962284124653e-05 -1.574064850687494532e-05
-6.240903884659068993e-05 1.061980724272471648e-05 2.712450209644854128e-05
-2.959306323116770381e-05 4.313708234070116887e-02 -1.349665134391378751e-01
1.408979031217581258e-02 -7.922862174001595037e-02 6.194707382407951129e-02
1.547560207680042169e-02 8.053978437107738031e-02 -2.467917714041106218e-04
3.944296464589553780e-05 -4.116943955019305550e-05 9.314352727809965371e-05
2.268624067545358191e-05 -3.936879830735279918e-05 -4.104977253660593422e-06
-4.249738793771296735e-02 1.433072190800090302e-02 4.310561119665380636e-02
2.593331511013238278e-04 2.151935660647120996e-02 2.747894938153347399e-02
2.124012750036747763e-02 8.133088710972587176e-02 6.766277262316866699e-05
6.117832184968228226e-01 2.523885627400602738e-01 -1.861757325112864958e-01
8.185099985260212152e-02 1.266521863336091255e-04 3.206809833626475710e-03
3.666721720052924516e-01 -2.742919404148120299e-01 -1.251334824964726034e-01
1.117784467164970319e-01 -4.725093332135837042e-04 1.354416599831833601e-01
2.888486232536271459e-01 -2.942818035162670931e-01 -3.549059703984771552e-01
1.755014878041656901e-01 2.568652168047394491e-01 2.204422509713878722e-02
8.259085955009848323e-02 2.969723372462128509e-05 -6.287863333817292344e-02
7.151019901465555106e-01 -5.805455983401470732e-01 -3.672145845728070901e-01
-1.540366291914527642e-04 2.324982690511241332e-02 9.178240719121487368e-02
-2.084911754863824906e-01 -2.480621746532303273e-01 -7.787689361999604321e-02
2.307364684336220273e-01 4.665602899011936366e-01 2.490321625542392392e-01
5.255803142800707104e-04 8.992287354625067008e-02 3.370426569729906285e-02
4.380716090957270104e-01 -8.681947688056500245e-02 -2.754145789169418213e-01
1.684389099414234891e-05 2.793604624159650113e-05 2.911340740161156188e-05
1.092972401221384837e-01 5.101298789932685596e-01 -4.392006439095596515e-01
-4.403731599915897826e-02 -5.381399088707200691e-03 -2.613567165935325176e-02
3.360006220502343018e-05 1.177956639155507128e-05 4.293230233834358491e-05
3.085945034225884265e-06 1.522202899356312248e-05 -2.334970507396807513e-05
1.255624766468568451e-02 4.087721063222952284e-02 -6.779111891000237922e-01
1.295496620488198181e-05 7.268256692777842428e-05 -1.606483299229558687e-04
1.785672021066810611e-01 -4.399865730788388163e-01 -1.273939564474078634e-01
5.087130179571811572e-01 1.317973060131068797e-01 -1.564230711031140697e-01
2.635629701022649865e-05 3.452620848326189861e-05 3.263849635115317335e-05
8.586799317731150005e-06 -2.758085205008268649e-06 3.773857883146298885e-05
7.385950241171915787e-01 1.613869577103880792e-01 -2.288702161590002726e-01
-2.606310669359116665e-04 -1.035843926821841954e-01 2.313553587768562973e-04
1.700069567159695830e-02 8.038467406378753399e-02 -8.062789233855224835e-02
2.020959919209240063e-01 -7.664209678999617248e-02 -1.212275947056408038e-01
4.223460602887665893e-01 -2.360188923757173540e-01 -5.829739679098133731e-01
