-5.350970723873210710e-01
8.917937967380064057e-01
3.967773997414682230e-02
1.410007265917581631e-01
-8.532416162392126857e-01
5.360885644105576331e-01
-7.117369928008769608e-02
5.744128911323326259e-01
4.268378161846901886e-01
-8.729930462689817761e-01
3.876972845541640234e-01
1.990450091758935169e-01
5.600458897530167235e-01
3.681548514475760925e-01
-3.456627811940212736e-01
-3.548897363202053734e-01
-3.449831357441837110e-01
7.262582934387299405e-01
4.090675577709804167e-01
1.128315818510479546e-01
-6.730660698151837984e-01
6.401788556166833066e-01
5.975669353638678460e-01
8.246337133425813981e-01
1.850038107469350046e-01
2.661738655725077174e-01
-9.082206113256967583e-01
-2.462503291877694289e-01
-2.068019264402099211e-01
-8.828051410084403194e-01
-1.130822840594634560e+00
-5.290906820785934439e-01
3.984149468492129698e-01
2.007155488008935396e-02
-2.751846065074645686e-01
-6.697979487170085955e-01
3.492690467741020321e-01
-3.432066785106163698e-02
-2.425520992853508195e-01
-7.703870008967268479e-01
-6.791050452107218194e-02
8.164008064634202533e-02
-1.231111089114743207e+00
-7.068102126114967909e-01
-5.271252075133586734e-01
6.512253673387108366e-01
6.528777219754692274e-01
-3.542540621744254548e-01
5.048829671525660867e-01
-6.515935761258857817e-02
7.403982105932050972e-01
3.391054933480864286e-01
-3.025297643663577563e-01
5.842617560409325561e-01
9.304621126111106699e-01
3.586163082188462692e-01
-6.424131226413434259e-01
4.861845384712202844e-01
-5.545165786294116161e-01
-1.893035937212702025e-01
5.302000758877286613e-01
-2.440018826466917035e-01
2.075680465459284196e-01
6.926407400501201524e-03
3.473124430169605703e-01
5.408131130572132461e-01
3.269127478493151218e-01
-2.601791097400251718e-01
2.936571288827788950e-01
-6.467969201718634653e-02
-1.387486291974866955e-02
-1.108363597586373039e+00
-5.378168756566211739e-01
2.923093900349808122e-02
4.595620217593365253e-01
8.835653692068996812e-02
6.497990694704637304e-01
-2.755621784510143835e-01
5.401619509318789092e-01
