-5.583059640166516679e-01
9.358749813836432230e-01
4.277240795718961763e-02
1.495772129962794628e-01
-8.933162561899042897e-01
5.612989887281445434e-01
-7.237417402502337171e-02
6.015582053349268765e-01
4.475574536704060025e-01
-9.164607962119452056e-01
4.060372903558812085e-01
2.100026971298793455e-01
5.865914102623727144e-01
3.842716657236835420e-01
-3.592971169423643807e-01
-3.691038535931637221e-01
-3.591884131297363725e-01
7.593512128283771423e-01
4.287946320028456215e-01
1.187744345569547721e-01
-7.036132431488072436e-01
6.723932414612018293e-01
6.274195551214739597e-01
8.659995452332927002e-01
1.944869320255926681e-01
2.784424121974904964e-01
-9.444999565840640487e-01
-2.541360297141251334e-01
-2.131407201687488540e-01
-9.256782069886076991e-01
-1.189107004750700636e+00
-5.501585320271394908e-01
4.189444802052815220e-01
2.403133579167377257e-02
-2.844832723401520824e-01
-6.996588936372143408e-01
3.671139584091918651e-01
-3.352251040623425299e-02
-2.527754310041660513e-01
-8.048455688767255367e-01
-6.736829496749641155e-02
8.751890583215368724e-02
-1.294238875106212161e+00
-7.380992585897925284e-01
-5.498485855551316082e-01
6.822507242747829492e-01
6.828549240067128823e-01
-3.698717992454499948e-01
5.279324174948385462e-01
-6.510489827063523083e-02
7.775929708573238175e-01
3.558687717582814658e-01
-3.148160499280292512e-01
6.133295941915543059e-01
9.730089907916172898e-01
3.758972110589615667e-01
-6.698394912299567849e-01
5.104263984837722479e-01
-5.761234414719628161e-01
-1.952480844812193861e-01
5.555834742422895989e-01
-2.516999371974237842e-01
2.183282274387362276e-01
9.381408363390490376e-03
3.662246277104487802e-01
5.654845541482058646e-01
3.424897894058334114e-01
-2.697826334471002951e-01
3.083909013806270250e-01
-6.528543561194054268e-02
-1.208639035483787504e-02
-1.163918480595602212e+00
-5.606570120241054500e-01
3.269421460977810223e-02
4.828422545870150184e-01
9.532233369861167760e-02
6.828993686121390683e-01
-2.860646561698477197e-01
5.660563374113173341e-01
