-1.615442652347319763e-01
-7.499079752702368651e-02
-8.896460509395730243e-02
2.928713912821566123e-01
2.778560522031004454e-01
-3.349964402772854372e-02
8.238067122912440254e-02
-3.164912539835703087e-01
5.069552285620287924e-02
7.120482678336889082e-01
6.990327710360906555e-02
6.171283218690762906e-01
-1.084603775821188387e+00
-3.495598562775443230e-01
1.452338571421901148e-01
-6.797500602389312530e-01
-4.934034477377817751e-01
-7.673075891461157705e-02
5.059734572334911862e-01
2.598687062226973099e-02
-4.316756532032811622e-01
-2.390896031397934593e-02
3.817717926600291412e-01
-1.533957435750152032e-01
6.836422758076840522e-02
-7.880079602852865239e-01
5.251578175598573539e-01
2.815357011423375022e-01
2.445766306598409212e-01
-1.006066602207749822e-01
1.921704008892612947e-01
-1.119579789537644135e-03
6.424170427272253292e-01
2.692533208372309694e-01
4.535074854016852841e-01
-4.758772766214956484e-01
-1.853535070904691606e-01
7.198669188212952763e-01
-8.382454016308915623e-02
2.437793883249028404e-01
4.524286062282923404e-01
2.812452265149993913e-01
-1.501904963079622179e-01
-5.673753446439074866e-01
-3.655986146636783785e-01
-2.355782635721533624e-01
-4.520229603274253383e-01
-2.889079425729213502e-01
-1.456383304989659067e-01
2.824332326076455651e-02
2.507338628692772908e-01
-6.679076209686890531e-02
1.076555463701206646e-02
2.403993532601845784e-01
-4.121820486606678768e-01
-1.054754316268173425e-01
-5.216198842501965638e-01
-2.122399738649332346e-01
-3.919555306456299487e-02
8.366909171065969875e-02
1.646069465241316310e-01
4.289059978501332804e-01
-4.570780291322543154e-02
5.322814223665712358e-02
1.511791654139692520e-01
-2.021547851077903635e-01
-3.102628533078906070e-01
-2.649974369738139490e-01
-3.733137153084915560e-01
-2.644023634676097578e-01
5.536737714515781450e-01
6.119749539413373851e-01
-1.529662418663787493e-01
5.879238639014004036e-02
-2.099274663811385166e-01
1.985487032778232297e-01
-4.799405157404678657e-01
1.939778446866873285e-01
1.126731825043141844e-01
2.608391764355221798e-01
