-0.000000000000000000e+00 3.477220883524467787e-01 1.212531518767179239e-01 5.430976467670395325e-01 5.988550323137273868e-01 1.252680341472396132e-02 1.776709187784382138e-01 3.767632477598595875e-01 2.313792443478848368e-02 1.912977631529722278e-01
3.086777350524773089e-01 2.325050617467969150e-01 2.051729680491909749e-02 1.264215518253485049e-01 5.320785479282476027e-01 2.128369943634987257e-02 3.969525445881215142e-01 4.137816445586370295e-01 -0.000000000000000000e+00 4.710721121602470807e-01
-0.000000000000000000e+00 3.803115493922749057e-01 2.071789322627514141e-01 3.639151211354381132e-01 5.327128242355292365e-01 3.306708144752944223e-02 -0.000000000000000000e+00 5.675091708361499343e-01 -0.000000000000000000e+00 2.703012320924695899e-01
2.939224197483439327e-01 3.348016683807029104e-01 2.170328819780093788e-01 1.509550812770593664e-01 7.635625844228376494e-03 6.169599219475315616e-02 7.040787324327142382e-01 4.423614752637419212e-01 7.053044040740217256e-03 1.905302224556295054e-01
3.396347343472900238e-01 5.239564076892744282e-01 4.516523487545995863e-01 2.879581340230141090e-02 1.888787239757361638e-02 7.570114209253657467e-02 4.320739590896479076e-01 8.132871257261635456e-02 1.872802449439565087e-01 4.133222915170898237e-01
-0.000000000000000000e+00 7.400741371853443162e-01 4.757262533902309465e-01 1.117335765536464414e-03 2.091380117422365556e-02 3.564146002812285108e-01 1.217357987538623398e-01 6.093476294098951890e-02 -0.000000000000000000e+00 2.827934766916498921e-01
3.426043437487891197e-01 4.544523031563475479e-01 1.329739657124748640e-05 4.006209056865800422e-01 3.190213813122474984e-01 1.870695707457678547e-02 5.378214288847741331e-01 -0.000000000000000000e+00 1.504990229734526341e-01 3.187033421371793240e-01
-0.000000000000000000e+00 5.141818473562977942e-01 5.908250768604261793e-01 -0.000000000000000000e+00 -0.000000000000000000e+00 5.381353888051263468e-01 2.955360189219643011e-02 1.308223490194144745e-01 -0.000000000000000000e+00 2.810073972868545877e-01
1.084623891130790663e-01 1.935140983521107527e-01 1.893809825511714659e-02 1.600096010202993468e-01 1.663448601518928149e-01 5.148999906984605968e-01 1.258530217266369197e-02 4.737515533389786704e-01 5.182188281925880213e-01 3.726716905900654409e-01
4.297624995782364787e-01 3.157571721163427991e-01 -0.000000000000000000e+00 4.742096493244214728e-02 4.862461702046876333e-01 3.577327665518077737e-02 5.744964643828935902e-01 3.788347081450418874e-01 4.166294643256019531e-02 1.844082827944239916e-02
3.033422140380213905e-02 7.184627977025622725e-01 4.333410714718134993e-01 1.461509135676098137e-01 1.901484528257055176e-04 2.690490944515684935e-01 5.497157309861515698e-03 7.028962685561436496e-02 1.936349435845251821e-01 3.986146967030060329e-01
1.205441012578655907e-01 8.187508085689244874e-02 3.552267134455302511e-01 -0.000000000000000000e+00 3.735278090672996543e-01 -0.000000000000000000e+00 2.513183804792474274e-01 4.796149601080841873e-01 3.356850192766863139e-01 5.542388277644402228e-01
2.110420523099235265e-04 -0.000000000000000000e+00 2.159217023575157879e-01 5.686213576776001366e-01 6.151472145651308843e-01 4.061966910684682852e-01 8.290671649226279138e-02 2.785931898454592215e-01 -0.000000000000000000e+00 4.645416036437324814e-02
4.101543046860985390e-04 2.282006606366728252e-01 3.106085547795005633e-02 3.170681138829403722e-01 7.786020856329385342e-01 4.366541975106632556e-01 6.569800764917621549e-02 1.089212136650830618e-03 -0.000000000000000000e+00 2.126542125760322310e-01
2.838918674227440819e-01 2.967135869493429667e-01 4.041641960829819857e-02 2.459823083967698776e-01 1.321920525242813726e-01 5.441737048421776413e-01 4.995038450512672562e-02 2.284974617527308072e-01 5.153098876203831002e-01 3.679340985849202106e-01
1.022490163048782458e-01 2.613664096188039743e-01 2.900508442420577926e-01 2.197987840664207895e-02 4.562927292833288684e-01 1.017747302588316825e-02 5.039630748795486115e-01 3.041855326115907587e-01 5.308539125231068745e-01 -0.000000000000000000e+00
2.239574423665993599e-03 -0.000000000000000000e+00 6.867402823404187284e-01 1.371212850009781957e-02 6.196454315173418603e-01 7.042369389349801244e-05 2.308272167507465032e-03 1.524229291011534870e-01 2.845961672935333753e-01 2.000030620146774907e-01
1.215392496995957861e-01 6.745438573305702068e-01 2.953136979112735427e-01 4.417000948610281807e-01 5.817486363497798100e-05 2.525858093250237142e-03 3.549533743326654389e-01 1.165762462166417546e-01 5.054531751312561229e-05 3.291220690191148379e-01
1.331930317860975099e-01 6.455139568458851951e-01 3.591546842783875926e-01 -0.000000000000000000e+00 2.079715540755458503e-01 3.752056519112783040e-01 1.853540993210098936e-02 4.171133313664148190e-01 2.064193106405319833e-01 1.887108571351185093e-01
-0.000000000000000000e+00 6.006087363431177328e-01 -0.000000000000000000e+00 5.340934668024720500e-01 2.529522115921150061e-01 4.238459405376090450e-01 1.012899173768451871e-01 1.605864874654647778e-01 3.851238604375204280e-03 2.726180708063860592e-01
7.425182166127549666e-01 -0.000000000000000000e+00 2.015868237469370106e-01 -0.000000000000000000e+00 2.436869700394692917e-01 4.574791820070785442e-01 3.345465817032410721e-02 2.574274996607765487e-01 1.816070579313811273e-01 1.974579801567108994e-01
3.072292312407515907e-02 9.470864358918980319e-02 2.268387712397793299e-01 6.355810990743326720e-03 6.023632043428988059e-01 4.032961678066076527e-01 1.657654341453414226e-02 6.165117409378594315e-01 -0.000000000000000000e+00 1.809403573936461118e-01
4.471727622510563993e-01 1.581639071904530555e-02 -0.000000000000000000e+00 1.799400886139938538e-01 3.954623764648177997e-01 1.094679827453061069e-02 5.255919269538002897e-02 5.645067523247647712e-01 7.450787049005083706e-02 5.328375347902027936e-01
3.198095622595850673e-01 3.900694512071273268e-01 5.571224157595562956e-03 9.943869708466467061e-02 2.497862835094125655e-01 1.548953455771792664e-02 3.988494245365933888e-01 6.627310642238370963e-01 4.314043727333692624e-02 2.699278361469371612e-01
4.438352269285161800e-01 5.905859283491401990e-02 4.057206338998915474e-01 -0.000000000000000000e+00 1.872562174340793679e-03 -0.000000000000000000e+00 4.955784403468041499e-01 2.904548882242093399e-01 4.796479459404832113e-01 2.736520601304004985e-01
5.991492258683065453e-01 3.111546066968584046e-01 -0.000000000000000000e+00 4.095949948619952326e-03 6.890772891982477333e-01 2.818884391939734807e-03 4.209495054214644656e-03 8.469574684667735553e-02 6.129596736233632048e-02 2.416660867215703334e-01
-0.000000000000000000e+00 3.711304069833218540e-03 2.483892390125583272e-01 7.663949926988826711e-01 4.454499794545723618e-02 4.109092351333226700e-01 -0.000000000000000000e+00 3.937125631779793133e-01 9.960626197729260944e-02 1.231506440984648787e-01
1.000920993220004440e-01 5.812555932543648218e-01 -0.000000000000000000e+00 3.844606849631644341e-01 3.635216715160813350e-01 1.204324879612756610e-01 2.410420891731954174e-01 4.574218936059601393e-01 1.749763899714890103e-01 2.443536050738795151e-01
3.883001696042593428e-03 2.155793092739879402e-01 7.805306049706498385e-04 3.427093157102316656e-01 5.863000507447767989e-02 1.209873378449659309e-01 -0.000000000000000000e+00 5.277307766928315269e-01 7.010764080222815497e-01 2.190362605599571466e-01
2.667646764978983676e-01 1.745001508403851986e-01 6.120041904149321060e-02 3.155498921268106143e-03 7.684531375344433573e-04 4.325569999907217245e-01 9.036187384155565383e-02 6.527569110214999082e-01 5.227502337156717527e-01 2.179997318026270390e-04
1.841268052938555555e-01 2.796017772730953199e-01 7.113585629050067638e-01 6.940316997330968872e-03 1.223119634453848914e-01 5.275344529738698052e-01 9.953655041405304327e-02 2.777802605865968832e-01 3.730217390148522771e-02 1.128392687569763561e-02
2.375328896111946753e-01 -0.000000000000000000e+00 -0.000000000000000000e+00 5.493897804823642816e-02 4.034410675715966454e-01 1.014773607276281131e-01 4.714165347173610368e-03 5.628514617112394536e-01 2.000874523760849122e-01 6.408108187262955280e-01
1.562982489427379440e-01 1.312454987682198648e-01 3.393060162955299774e-01 1.059674904902553061e-01 5.075690211827172948e-01 2.250405679270397752e-01 6.392336314388578078e-01 1.799703382489767703e-02 3.380250495144631606e-01 2.266634795913435169e-02
6.284549611602925807e-03 8.299568962122751137e-02 5.855606791209604957e-03 1.642456425690648758e-01 1.615978246819656516e-01 4.157948607544961206e-01 4.838684953686657186e-01 3.441263125395702897e-03 1.092362929699060015e-01 7.217956405595852276e-01
1.323339412337823156e-03 7.919259867366225392e-03 5.116746291368836630e-01 2.107101275665541895e-01 3.722813151904383333e-01 1.687146498731399435e-01 2.597002506076624972e-01 1.868424072950925635e-02 4.392684880719542884e-01 5.156720990924287262e-01
3.425174540117508770e-01 8.507989210142914011e-03 1.949404291165974523e-01 4.068612415831303064e-01 1.856279790761400095e-01 -0.000000000000000000e+00 6.134141268777963951e-01 1.501167655376925147e-01 1.233062225893562514e-01 4.802056450275062893e-01
3.807827621574494392e-01 1.339723497853958500e-01 3.005714184249649867e-01 -0.000000000000000000e+00 7.196927504075739668e-02 8.454930608651619606e-01 8.536040820169547849e-02 -0.000000000000000000e+00 1.313972597556347099e-01 4.607589697493878755e-02
7.273816587791136212e-02 7.727989670569729080e-04 5.825403511344521244e-03 1.492199084437122736e-01 3.247042446498850099e-01 2.838141118731718829e-02 4.624502008284012144e-01 7.689609054186542503e-01 2.469918758647304535e-01 1.909334474285597719e-03
-0.000000000000000000e+00 5.712282460888384872e-01 1.214939622361562235e-02 4.698241512436363010e-01 1.585875738298465343e-01 5.422333690873765155e-01 1.964656504001255355e-01 5.107779579541804962e-03 3.949292266517976518e-02 3.057194345879374331e-01
8.780370030458822805e-02 4.926054656207205507e-01 6.575247820864597859e-02 2.277294913888389394e-01 6.320615477760608281e-01 6.436687027153460000e-03 7.680830122361101409e-02 4.608882692735751796e-01 -0.000000000000000000e+00 2.749281957290191092e-01
9.338962038835874058e-02 8.278403210004503521e-03 1.933369823279584843e-01 3.671960583808632217e-01 1.681947130529844736e-01 4.165908579493438069e-01 6.060784591785514097e-01 3.031940716099627009e-01 3.910817363160599691e-01 7.041051180244929653e-02
3.428856158804960419e-01 7.041979889576358009e-02 1.113661289970302171e-01 1.941506807545767543e-01 2.944883465552534108e-01 4.659579747034957586e-01 1.149344794412287263e-01 3.391632847640405624e-01 6.283757877368507661e-01 2.087068431044283162e-02
5.042833896182584708e-01 3.693256274435415265e-01 2.538312934795926012e-01 5.948174209451744660e-03 3.274033987782977717e-01 2.844632965934622004e-01 1.659656332744346430e-01 1.849091978882654308e-01 5.130421403431938421e-01 1.782429360238790561e-01
8.093519188168061401e-03 1.531516855205183603e-01 6.510618201253665083e-01 1.366534588846506637e-01 9.003838345311408059e-03 5.313914860692552783e-02 2.612823158070254337e-01 6.619368134815061255e-01 -0.000000000000000000e+00 1.568112333480325971e-01
1.391548407657157774e-02 4.203656038475528933e-01 1.835635786669489455e-01 3.205517855804450311e-02 4.449213692698731903e-01 3.184382979333506003e-01 4.142044437784112576e-01 5.199574830256891156e-01 3.485749620807114535e-02 2.142005407407625850e-01
3.089888783053515442e-01 5.699505886251755582e-01 3.542329979968682208e-02 2.262681507541995929e-01 5.018961888425379492e-01 -0.000000000000000000e+00 3.836552326877091801e-01 2.097725847585660830e-01 2.900593975987996176e-01 -0.000000000000000000e+00
-0.000000000000000000e+00 -0.000000000000000000e+00 -0.000000000000000000e+00 4.212159431726030245e-01 1.352849825018908048e-01 5.150080145795529751e-03 2.029717183195028085e-01 -0.000000000000000000e+00 1.315827499847199711e-02 8.734288298211037027e-01
-0.000000000000000000e+00 2.508868532355201450e-02 3.826508692400366063e-01 1.206128187812955666e-01 -0.000000000000000000e+00 7.746609386844056644e-01 1.737547401973620620e-01 8.167110790510096830e-04 2.623087903073669236e-01 3.732352742309502092e-01
4.004529657264481179e-01 7.509943516140866748e-01 2.343673538702041037e-01 2.549870394612600011e-01 2.166400437264137946e-01 1.831834652672031938e-01 2.859205328886580202e-02 3.864653105101666097e-02 2.532094729319804838e-01 9.371911054937209773e-02
5.612080777829286937e-01 2.754152587357350801e-01 3.270917396724307841e-03 3.200539158442640142e-01 2.438854162491105038e-01 1.804007241947351570e-01 2.239156629955324149e-02 4.703737164820133154e-01 -0.000000000000000000e+00 4.392828107169908791e-01
1.220019243015558613e-01 8.300953068835735527e-03 3.732496645928242152e-01 4.235514560629902725e-01 6.103726323776378360e-01 -0.000000000000000000e+00 -0.000000000000000000e+00 1.554341663893441250e-01 6.461858014380157667e-02 5.152139218388546160e-01
5.321687583825519541e-01 2.249089691572040139e-01 3.835232009933460806e-01 6.960598651719638319e-01 2.209718633939976307e-03 -0.000000000000000000e+00 9.252901750262575165e-02 1.362093603626794436e-01 8.262022242339035760e-02 2.602678717549834070e-02
1.758581776015384901e-01 1.346885262333297195e-02 7.340341455094040457e-01 2.104398282031393896e-01 8.100286327968742386e-03 4.043494532768551197e-01 1.820517019682267590e-01 2.797416597481648393e-01 1.497735937331066414e-01 2.973331473952853243e-01
3.694533821329879508e-01 4.837616823321994053e-02 3.223736523919943364e-01 2.317110382532315271e-01 1.173175413410449397e-01 3.853519547443102766e-01 2.213350704157911464e-01 1.274708287051049826e-01 6.898611826716185558e-01 1.196479491008064534e-02
6.748107278817836452e-01 4.321318691470108497e-01 3.097729019118658847e-02 3.025274547559887450e-01 2.262581715188847487e-01 6.485962827523404639e-02 3.538004608969119169e-01 2.541667554621711012e-01 7.729865760121754081e-02 1.194150579926466643e-01
2.234626233467036927e-01 5.313509192481489229e-01 2.620286800598695121e-01 9.786673504263668655e-04 1.483651119686630604e-01 6.181330545604515336e-01 4.182118768776178080e-02 -0.000000000000000000e+00 4.392458160638408882e-01 1.685500989449380607e-02
3.674216629626687273e-03 2.431899184491543853e-01 -0.000000000000000000e+00 6.560152179795794014e-01 7.360531619879384386e-04 5.212607386750138794e-01 4.685485517099914343e-01 1.328318622092258539e-01 3.194975308236761707e-02 2.393872110730603173e-02
2.473352744501683409e-01 1.401050185085440658e-01 3.491713686187633559e-01 5.483825121837440641e-02 2.275156474311838262e-01 1.900773755443371793e-02 8.443988823780881545e-03 2.686878681655886503e-01 1.424345988456225121e-01 8.059722185247351067e-01
2.427068412298962613e-02 2.915994244360134435e-01 3.160360810259563169e-01 9.218945847469402904e-03 2.552614957187857025e-01 1.954409574558426954e-01 4.065065640674320746e-01 7.827793916395204069e-03 1.109185701009904185e-01 7.303762912769012905e-01
1.925974327166750932e-01 4.583305696341394841e-01 2.014896544788156389e-03 2.079974726952790731e-01 3.049152947803450697e-01 -0.000000000000000000e+00 3.380302663010716357e-01 6.597450094120925757e-01 2.589636040130859351e-01 2.980909242979072095e-03
8.419922900746946715e-01 1.726179594171255993e-01 7.551154877148022644e-03 7.557458683112129767e-03 2.287104552486423151e-02 4.885511716334268173e-01 1.399638843801418175e-01 1.688764017973545979e-03 7.380306072106369158e-03 4.780529907358209429e-02
3.662347863401738679e-01 3.993846958081970211e-03 2.618921838744271979e-01 6.128607815000730596e-02 5.770242164610396574e-03 6.367139134059079941e-01 1.170319510675539298e-01 1.141976972825382158e-01 6.011051070355465376e-01 3.128346605516311302e-03
2.730407825690942501e-03 7.831854151686969967e-01 2.186107766365692762e-01 1.399939936315112154e-01 5.193150325238344855e-01 4.261877014823906018e-02 -0.000000000000000000e+00 8.732922533114630126e-02 2.813666535403568851e-04 2.002329270806531558e-01
-0.000000000000000000e+00 2.825440315787358745e-03 3.083328366955424005e-01 7.324285518116748772e-01 4.361793095021044286e-01 5.052330431792259602e-02 2.736206859497989918e-01 1.612651493977630968e-01 2.495548495634011821e-01 1.118657666396986328e-01
1.426109797969628279e-01 7.615091142880088260e-01 1.478568325841077835e-01 -0.000000000000000000e+00 5.536693270812578227e-01 9.776153506891066547e-03 1.644808130684155545e-01 7.905222508217527033e-03 2.995605541369816306e-03 2.100800641772646027e-01
-0.000000000000000000e+00 3.201870881736562646e-01 1.301175438660691908e-01 5.334809158419377972e-01 2.452489555293141110e-01 3.028589456476670980e-02 1.480900095056462973e-01 6.177464982214800893e-01 7.111344132132493660e-03 3.623417199055709581e-01
2.521276056281759326e-01 2.853262310070226945e-02 2.678417309242683841e-01 6.228990887744772012e-03 6.490645387657484333e-01 4.381197394099014542e-01 1.002266138437811482e-02 3.709003087998527948e-03 4.329972294768669738e-01 2.510081154537427972e-01
1.568850492883742398e-01 3.171026062401567924e-01 7.871451075197877234e-03 5.217958927316322937e-01 6.121248521562357991e-01 1.000159388241385859e-02 3.152487108007394068e-01 1.708674147280781624e-02 1.200097373102139257e-02 3.576108342013600283e-01
9.978909743846232916e-02 2.971268765915321408e-01 1.829152367478882879e-01 2.938056100644823587e-01 2.625197951500072291e-01 6.725038697052929670e-01 4.964248110778370776e-02 4.859681579104389026e-01 2.630927101178354242e-03 1.488744070499349037e-01
1.097294668900625353e-01 7.474637773863602730e-01 1.409715916940193214e-01 -0.000000000000000000e+00 -0.000000000000000000e+00 1.757574395577523318e-01 4.151613931020249892e-01 3.586704570637592182e-01 2.341364437671440979e-01 1.505666794945980103e-01
1.982347988353945489e-01 -0.000000000000000000e+00 4.841115921759832075e-01 5.275113903105057567e-01 2.374493905187737841e-01 1.706588993104855012e-01 5.155829890103179602e-01 3.078392338973598985e-01 4.442047376235274542e-02 -0.000000000000000000e+00
2.044471701443430905e-02 8.010490521211707793e-02 6.994428706446495503e-02 5.589085392629239597e-03 2.564368377639948404e-01 1.439355335504323430e-01 -0.000000000000000000e+00 5.980749378017513607e-01 7.375850482785920592e-01 6.257178847391783004e-03
1.356863750116923673e-01 5.369921599049953115e-02 1.584010978056641927e-01 1.982346126983018098e-01 6.132862349456280615e-01 8.044193034918633786e-04 3.075858721804142770e-01 4.946028012907365823e-01 4.014403005793341639e-01 1.944267589028077226e-01
4.144620966927645700e-01 1.446181406070801145e-02 5.161124922243380819e-01 3.065068269502921328e-01 3.302303762507657892e-01 8.728121499400376404e-02 5.836875599980609897e-01 -0.000000000000000000e+00 6.658768873883180901e-03 1.014291277345888559e-01
3.681888054021963466e-03 -0.000000000000000000e+00 3.097204787407864535e-01 3.636046763061098752e-01 1.050323885205236424e-01 6.046276508339876177e-01 2.354372965308796362e-01 -0.000000000000000000e+00 4.481795387147635354e-03 5.829186068725639158e-01
1.455049942354318948e-01 4.829913468309361413e-01 -0.000000000000000000e+00 1.000084640219491144e-01 1.905249058899123127e-04 1.893862162120754644e-01 7.317158748507397448e-01 2.651130944490011077e-01 1.925841852998269876e-01 2.385310141000170359e-01
7.190044588676076931e-02 4.900983858917158931e-01 3.685689313781436837e-03 5.819248584451078843e-01 5.522939254938150633e-01 3.178593410953695075e-01 2.641820229799787291e-03 9.949157016403384346e-02 3.881919741108347168e-03 1.045843462372762767e-04
6.048171118482433689e-02 -0.000000000000000000e+00 3.015860016534369775e-03 1.214456138596100437e-01 1.369132459266798364e-02 -0.000000000000000000e+00 1.501487285064216507e-03 9.300849425616317667e-01 2.518645572199350591e-01 2.300007992989195893e-01
1.626297706559923228e-01 4.971857652153704836e-03 1.988227035597409931e-01 6.363392561055712937e-01 1.626383827421804262e-01 3.721469025239371176e-01 3.655089735191548450e-01 4.659407168607513916e-01 1.158678053437060679e-01 1.118816344571074706e-03
1.865345896506915013e-01 2.278790168036499697e-01 5.086051616583002755e-01 4.249719263427936267e-01 3.563627355397427920e-02 8.233977037912593167e-03 2.258195448211899325e-01 2.205083400647385450e-01 5.302809087068171001e-01 3.030539103006613666e-01
4.238256025133344332e-03 2.692241525924540246e-01 2.190110709510254255e-03 8.501360982535763888e-01 2.236291414643532330e-02 9.291169639938938376e-04 8.979033668510098820e-02 2.636221170657904178e-01 3.559347384758095867e-01 3.845035557245723209e-03
5.223758067527293006e-03 2.805859568027204709e-01 5.389868635868299007e-01 9.142922936140608983e-03 4.799137194653639860e-01 1.466349674428252259e-01 4.704740885947273354e-01 9.422449899960901043e-02 1.708890832729206000e-01 3.455540568378635546e-01
2.391573267173480177e-01 5.067620763534190775e-01 1.290129495589160680e-01 2.032896945310939604e-02 3.193931968794489484e-01 -0.000000000000000000e+00 4.494094147088732449e-01 6.762517822964762837e-02 1.545203691049000690e-02 6.001213181327131885e-01
2.005220466497562026e-01 1.889940279739907025e-01 3.880140229571853450e-01 2.807390008290247541e-01 1.248329959111365434e-02 2.343833975725780339e-01 3.961025216468029853e-01 6.103395512112429026e-03 4.672158110797560160e-01 5.141851948069555700e-01
7.942726662617057357e-03 1.272973558757801039e-03 9.679746689782007044e-03 3.191510475533512747e-01 1.862921201685986128e-01 3.362871836425509464e-01 5.785228661846962828e-01 2.586271807939587164e-02 4.893814082954352912e-02 6.422132446073415268e-01
1.275173551043732104e-02 1.020167520990180460e-02 6.302639597024809470e-01 7.039189714411304803e-03 8.502885826335224162e-02 6.835085720925206942e-01 3.056315034065872904e-01 1.846473592474991432e-01 9.779049431408377499e-03 2.088880445942457170e-02
4.651908546744349393e-01 3.836341330653426571e-03 1.040425283409382867e-01 1.631883027674259634e-01 7.630433930883006033e-01 1.083723659628333807e-01 2.737817552763699425e-01 2.151424284641659801e-01 1.408380079155925058e-01 1.052123252636549128e-01
1.102128330068484069e-01 9.731131015852782784e-02 1.136821642782542829e-01 1.472943215241951376e-01 8.448362626204003467e-02 7.206071638113036304e-01 1.558606638620098905e-01 2.053816257665212197e-01 3.326304431177055654e-01 4.901377874173057925e-01
2.133593191956860077e-02 1.516750657457256735e-01 6.386203028572827456e-02 -0.000000000000000000e+00 1.545109272751768459e-01 6.797602864548011325e-01 9.562723072129977742e-02 6.184466709546084656e-03 2.014500226012172837e-02 6.905974108258902122e-01
1.240295086745807178e-02 3.489832234932957467e-01 5.757262462189444846e-02 3.315218340198223812e-01 4.868126585512021487e-01 2.089472176360689382e-01 3.870715134857362072e-01 -0.000000000000000000e+00 2.158947589419309976e-01 5.364281267961353850e-01
1.981356528140077247e-02 -0.000000000000000000e+00 2.683637582914472630e-01 5.226403608301261050e-01 -0.000000000000000000e+00 8.324323493260955831e-02 2.210702819788103179e-01 6.997161042935416964e-01 2.326490209415195132e-01 2.343195890421259919e-01
1.251531720114735236e-01 -0.000000000000000000e+00 1.450451044376811494e-01 -0.000000000000000000e+00 2.235399957229834700e-01 5.280141262420661070e-04 7.332288918402361279e-03 7.150236482153938811e-01 5.959530479490635635e-01 2.164614917244326586e-01
-0.000000000000000000e+00 2.436787477066101187e-02 -0.000000000000000000e+00 -0.000000000000000000e+00 7.313530321589241101e-01 1.081885307764417908e-01 1.242107060752198865e-02 2.518081304025495126e-01 6.129993495994711106e-01 1.161652732029026941e-01
4.597201143029587267e-01 3.064556372608151502e-01 4.318447382957593117e-01 2.517936152926395499e-01 -0.000000000000000000e+00 3.528138864266182062e-01 -0.000000000000000000e+00 3.148861402381424313e-01 4.703310135059494135e-01 3.205333899661368287e-03
5.205633098973763140e-01 1.121859547048445344e-01 7.240452380358700646e-01 3.869803908203944265e-01 2.404286561539144881e-03 1.489029022852207326e-02 5.725809343598087242e-02 6.904753722638667934e-02 1.430128336495154751e-01 1.170751842507602863e-01
-0.000000000000000000e+00 -0.000000000000000000e+00 3.602438302654339397e-01 5.343125557720773688e-01 3.465204009822235864e-01 3.001008270464766148e-01 1.003209413212047679e-01 5.727931900655768294e-01 1.150925302097395853e-01 1.522989180722814362e-01
3.583945229005509880e-02 3.996777937424566551e-01 7.029409771505677404e-03 1.593057846291764668e-01 3.491900391772908563e-01 -0.000000000000000000e+00 -0.000000000000000000e+00 4.225787288162011907e-02 1.730397696099780225e-01 8.123319986821069261e-01
4.350348636357349863e-02 2.937640698825068342e-02 3.035377770942561115e-01 3.546809680336915904e-01 6.807926692385219969e-01 1.077171197168172306e-01 2.060434151105759171e-01 2.484742612356136970e-01 4.272562668615380588e-01 1.322414489846755747e-01
6.166988953523233619e-01 2.154744043362742112e-01 4.411248251109675111e-01 1.834408136628420116e-01 1.034677868154996877e-01 8.378283735618509073e-03 2.759031076985170739e-03 5.571882420819388448e-01 1.528829112801189938e-01 1.990722545967713725e-02
2.133970401134130390e-02 1.401264779064641079e-02 6.342867199885864338e-01 2.968594744507058736e-01 5.852304562178113345e-01 -0.000000000000000000e+00 3.062378140174540353e-01 1.307198247448107444e-03 2.693544107198322934e-01 8.560318276341049790e-03
4.457688818735742187e-01 2.244212145717978668e-01 1.145929789748341421e-02 -0.000000000000000000e+00 1.439992891016126098e-01 4.948596672495150783e-01 6.463764179296535017e-01 1.798234664216048495e-01 5.690502718423542938e-03 1.870847049073983970e-01
1.504372527412755622e-01 3.879075691579774582e-02 5.565110419317700341e-01 7.434365726466306279e-02 1.252693519768791341e-01 4.088243708687074318e-01 2.236721220077411143e-01 3.485270559303691590e-02 5.259578737175343854e-02 6.509933702714106873e-01
5.175248284697707701e-01 2.315995893886182710e-01 2.444064072194499643e-02 1.728909653014170378e-01 9.240661197642220659e-02 2.102400771439813520e-01 5.478988766956188750e-01 2.498496773798359050e-01 2.785084791031748608e-02 4.815677203007713292e-01
3.700909840878287005e-01 4.661475382494716102e-02 3.691941867781274866e-01 1.403417917468491871e-01 1.956871848008676085e-01 1.507474521967649972e-01 6.646671253641532606e-02 3.348279439478917818e-01 6.461762538461091054e-01 3.313155090903475153e-01
2.518230953043337772e-01 3.917247428036016443e-01 3.344374658330317995e-02 1.475532948051868666e-02 5.027930726209159928e-01 4.120385998990945264e-01 8.391414205441402596e-02 5.267192340705334486e-01 2.078529530025125527e-01 1.776130177727948956e-01
2.447726606028958248e-03 1.843382900522897161e-01 1.886591433378113913e-01 6.796784955969659148e-02 3.570216901858906389e-01 7.704477589019718131e-01 2.844236042356325656e-01 3.349764327524067942e-01 7.609464994353062894e-02 7.649100051724326554e-02
-0.000000000000000000e+00 2.494061661405219399e-01 3.956384361656631876e-01 2.769632766459082136e-03 2.434600901748339152e-02 4.193262781715562625e-03 7.420848480973786243e-01 4.089209737188290172e-01 1.503696022572641178e-01 2.003284998199345024e-01
4.453998322166305424e-01 3.334876555516448349e-01 -0.000000000000000000e+00 4.216150812251756586e-01 3.253656034598379487e-01 3.048671686034292727e-01 4.121698584564766343e-01 3.115119037515780565e-01 2.160568498919685776e-01 1.532022024293658996e-02
2.313716665627049973e-01 4.020121703636355126e-01 -0.000000000000000000e+00 2.309000773557127462e-01 2.878868587003933777e-01 3.004092251532614610e-01 1.053406283501699126e-01 3.640994137395158446e-04 6.625464791687041277e-01 3.291646358444975662e-01
3.826655169798447165e-02 2.530208754975912105e-02 4.653978092229743013e-01 1.270967155145352190e-01 1.934113950948470884e-01 6.050119071597671594e-01 -0.000000000000000000e+00 4.795601975752241675e-01 2.200659576564678865e-01 2.886042187622403499e-01
-0.000000000000000000e+00 4.561087855521940744e-03 3.659683919736754585e-03 7.523150952332270380e-01 4.616114610287800485e-04 3.394027962518272323e-01 7.167894678195364799e-02 4.468749328986685865e-01 1.739772275148395581e-02 3.371284201380907453e-01
2.111906318115779752e-02 4.154456823614233740e-01 1.780009464640628924e-01 3.714312951020707493e-02 2.015714993960415757e-01 1.429295566789576255e-01 1.253862945488202485e-01 7.047978528207968774e-01 3.559964060389987361e-01 3.060062357376113762e-01
-0.000000000000000000e+00 3.984716301733682853e-01 2.837113102398843845e-01 2.913170873676265704e-01 7.139584290092493291e-01 1.754616288302110194e-01 -0.000000000000000000e+00 1.023399331052211036e-01 -0.000000000000000000e+00 3.533634439829647644e-01
1.710711260823842214e-02 4.031553199175720303e-01 1.257480945350886448e-01 2.967158967048352976e-03 3.055964350397231133e-01 3.272182866771829457e-01 1.187389324822471920e-01 1.483141062927195997e-01 6.419966538340314832e-01 4.154937393239085952e-01
1.640379588961708365e-02 6.295789934979404423e-01 8.262043115852243935e-02 3.281058420420518984e-01 4.726682680167089701e-01 1.324179924199128944e-01 2.296426218201545466e-01 4.373362126047123377e-01 6.268883140652181662e-02 1.795744460828918587e-03
3.142946843638764753e-01 6.850986447293823389e-02 1.071353929538762934e-01 3.913979881444994841e-03 4.390894706707826889e-01 7.264813848305213574e-03 4.655956384971965956e-01 4.953040710532424229e-01 5.883516472536687997e-02 4.760384432129717291e-01
1.082488198074685465e-01 8.779378644392810127e-01 -0.000000000000000000e+00 3.606921999331540868e-02 1.435997344255541541e-01 3.584040655045410695e-01 -0.000000000000000000e+00 9.221618287557765969e-02 -0.000000000000000000e+00 2.421324601984284064e-01
1.700541268906726466e-01 2.221328759163687938e-01 8.458570784147616522e-05 3.033965405089463722e-03 1.009749948983532375e-01 4.579433524502241060e-01 2.866316861832890819e-02 8.371243236055199155e-01 1.491955791698944440e-02 -0.000000000000000000e+00
8.832512243481137615e-01 -0.000000000000000000e+00 1.392876986561067398e-01 2.369510681504730099e-01 1.014791398294157265e-01 -0.000000000000000000e+00 8.593839022336645372e-03 2.730939240890218334e-01 1.856013429897284961e-01 1.578619118388042419e-01
4.296760196803321996e-01 2.202892225431575882e-02 3.069127678837421658e-01 5.514508457924627294e-01 2.838213069663894292e-02 4.581224984247130871e-01 3.019640306758634707e-01 2.839204420549599761e-01 1.651799516757938568e-01 8.270721673832309717e-02
2.739240456481252806e-01 4.717038506786701002e-01 5.922755107184207723e-01 4.299203979570933622e-03 1.173452881448448920e-01 4.569575637353229941e-02 4.518623155726363416e-01 3.627874855670246146e-01 -0.000000000000000000e+00 -0.000000000000000000e+00
2.029208817530452902e-01 1.276471424518823942e-02 3.895539500386377418e-01 4.185624278303540224e-01 5.444889608146145088e-01 2.297604523664937559e-01 2.718526737881908351e-01 3.906301486142771395e-01 2.365546748552126988e-01 1.180876017424970512e-03
2.961159907630456778e-01 2.673636177069370692e-02 1.672311580210415205e-01 9.908537169513734200e-02 3.318731978769128288e-01 7.670113047472876429e-03 2.710504479695791114e-01 1.242574483009774820e-02 8.269526758204260863e-01 7.838490446380466659e-02
2.539185080618017731e-01 6.269955867564346551e-03 3.046360478125439419e-01 4.065203430884637426e-01 1.288848978353976729e-02 6.800874923217062884e-01 1.263258461570978880e-03 9.702953774439648099e-03 4.630177463286405115e-01 1.605867413606818991e-02
6.360817019716111242e-02 4.795829932305410437e-01 2.963926052103870723e-01 3.180946684010268165e-03 -0.000000000000000000e+00 5.823492043147091568e-01 2.390515618538321674e-01 4.519741880624751906e-01 4.061013197910134931e-02 2.754802424098174995e-01
5.323962803722559478e-01 6.746077152959001344e-01 2.873982089240726956e-01 9.004857549985471887e-02 2.949811919729636300e-01 -0.000000000000000000e+00 -0.000000000000000000e+00 -0.000000000000000000e+00 2.329328588127136390e-01 1.716989642783557091e-01
3.026397786666318659e-02 2.225900492782648954e-01 6.749842493002331523e-01 4.263881049214757342e-04 2.955514803022977199e-01 4.611098356998254988e-01 2.093157037043908986e-01 3.494966471516617323e-01 -0.000000000000000000e+00 1.673317504846391635e-01
4.798441039819624221e-01 1.003565968443170288e-02 6.165013848108576167e-02 1.845983149021228620e-01 8.278963044708758101e-01 2.428548823421928723e-02 5.027910028688208077e-03 7.477362730616134157e-02 1.957373373400960737e-01 4.289624255025329541e-02
1.202179629845947541e-02 2.854726552158191599e-01 1.144121843515891329e-01 5.182425169256096309e-01 1.415970848808809079e-01 5.247240765850054167e-01 6.639882250130303698e-02 5.249126775669203937e-01 1.246797712133340397e-01 2.140633696261532992e-01
6.955814877150825470e-01 -0.000000000000000000e+00 3.349144737270538102e-02 5.491295603679393136e-03 9.662389905356714992e-02 1.245962370529109381e-01 2.072960679124055162e-03 5.605754593831386856e-01 9.892220119609776430e-02 4.075774990102034034e-01
1.151364669018588305e-01 3.078839385906270709e-01 -0.000000000000000000e+00 6.870756696134996400e-01 1.963667298366054276e-02 6.340696861789787801e-03 -0.000000000000000000e+00 2.404268115620757096e-01 3.420649896264524314e-01 4.946097313679040930e-01
1.290096076904079410e-02 3.171286158059069462e-03 3.150229892515609142e-01 3.456207462193212291e-03 3.036129090724545843e-01 7.396622801171837125e-01 5.048846958911527016e-01 2.882523267419900143e-03 7.983812848038293608e-02 -0.000000000000000000e+00
-0.000000000000000000e+00 3.499020632048347595e-02 5.849201241043323618e-01 2.339692720314971164e-01 4.447777758373318013e-01 -0.000000000000000000e+00 3.099548019155565770e-01 4.528264711072547133e-01 2.720773302460183576e-02 3.197048495774984511e-01
2.549625783026003289e-01 5.905955903651216587e-01 5.038288339033938912e-02 3.404555551477405073e-01 2.002650023204419760e-01 5.502204260145578812e-03 3.895293551121276066e-02 5.873423352073013914e-01 4.582830519282755921e-02 2.811006642863059790e-01
-0.000000000000000000e+00 3.763795955603204124e-01 5.757005256508872515e-01 9.868388823876389493e-02 3.101785943757771058e-01 9.867378811157988261e-02 4.507733428749033933e-01 3.645924455675668141e-01 2.643323612069915785e-02 2.727609652436216447e-01
5.934031826133786582e-03 8.631200466203696464e-02 -0.000000000000000000e+00 3.492795839741156816e-01 2.721508411260415428e-01 6.282327783665561105e-01 5.067086865487469005e-01 1.833794766597384718e-01 2.990347189982713871e-01 1.482322655371305087e-01
1.683840716526610881e-01 -0.000000000000000000e+00 -0.000000000000000000e+00 -0.000000000000000000e+00 4.132071568412396326e-03 4.500340501687323247e-01 4.630488195319757416e-01 1.844861402269441231e-01 5.793424630511460061e-01 4.301302702519220200e-01
5.442078680795122692e-01 1.864576048708267014e-02 3.162164806539439210e-01 4.048273951597061715e-01 2.111008348517527666e-02 2.006780295545605164e-01 1.753498439959534083e-01 1.574673210689618704e-03 4.824035526870220636e-01 3.680101998945319308e-01
4.528525460344543507e-01 1.869123980310168076e-01 1.403278620983537117e-01 3.915701561813436649e-01 5.050338507416526346e-01 9.606072686942648819e-02 2.385975100142486705e-01 1.754133139107367512e-01 3.071613511564605381e-01 3.750142385982134785e-01
-0.000000000000000000e+00 3.681582008285374519e-01 -0.000000000000000000e+00 2.132511116199297396e-01 2.749699855413492156e-01 7.728084804199615299e-01 4.335085983508812219e-02 5.880797798872586246e-02 1.184701112658289729e-01 3.560466537000972487e-01
1.012375872908668692e-02 6.139549417052291291e-01 1.245969259431919246e-01 -0.000000000000000000e+00 4.136860366062208305e-01 3.151813497322821789e-01 1.443052124401106862e-01 4.566041275136967226e-01 6.978679354389730194e-02 3.205861894332567852e-01
8.117786834499904902e-01 5.548073934637037102e-02 9.528701924227435394e-02 3.703379034291664484e-01 -0.000000000000000000e+00 4.008062465114875517e-01 -0.000000000000000000e+00 -0.000000000000000000e+00 1.760186283704465171e-01 8.903545886415686200e-03
1.307588824062034527e-01 7.635466506330560420e-03 1.364810901943065702e-01 3.653424787658662853e-01 4.078009671437327760e-02 1.378326013083274182e-01 1.983749122779199792e-01 2.377160000440775578e-01 8.336313658028153828e-01 1.388452402199929214e-01
2.315089758415718024e-03 3.330059959604498854e-01 4.311560660775370923e-02 6.857366464098153536e-01 6.529579953611849841e-04 9.703316012055386575e-02 4.456367073186073835e-02 6.045413274185629932e-02 6.339964194058766989e-01 -0.000000000000000000e+00
2.695853681839169638e-02 7.781145846348431760e-01 1.025404935750004812e-02 4.002965968634013549e-01 3.572909466961224356e-01 1.938929157569597300e-02 3.155595759770302711e-01 -0.000000000000000000e+00 -0.000000000000000000e+00 7.653631995914508823e-02
5.663412427402827465e-01 3.939454413025975099e-01 9.019149967387823930e-02 1.103477287308300969e-01 2.719556548618764502e-01 5.354881594756526475e-01 2.874585021132223389e-02 7.618760060365453550e-03 1.790650322632469649e-01 3.318092160567226445e-01
1.456138279371033085e-03 9.321616067817632689e-02 1.223838555059920952e-01 -0.000000000000000000e+00 -0.000000000000000000e+00 4.450346550802417034e-01 1.818797993280195369e-01 4.397026547742124425e-01 2.386862727507688964e-01 7.034807402623651784e-01
1.390880892731939655e-01 3.673886647905031944e-01 3.533282462752032616e-01 5.782556821214889231e-01 2.192845319166824014e-01 5.093971375234862368e-03 5.145964158376881148e-01 2.709859461262230651e-01 9.575858505411748503e-03 3.658298068654418020e-03
4.835998176050995134e-01 5.803273680819280855e-01 4.336944337809286454e-01 9.696539471234237595e-02 1.099665881636039191e-02 7.567352107501823695e-03 -0.000000000000000000e+00 3.717589787841164561e-01 3.053215873773256206e-01 1.593773054342423681e-02
-0.000000000000000000e+00 -0.000000000000000000e+00 -0.000000000000000000e+00 2.721855539863918816e-01 3.162278245819766798e-01 2.797794796596283357e-02 4.299323994296759266e-01 3.119890450468997267e-01 1.958984796240044179e-01 7.103358184417102317e-01
4.210810292585750458e-01 2.177989584056146954e-01 4.260780416667357684e-02 2.059363181218291372e-01 5.800581575107714993e-01 2.284847008958854897e-01 2.440638658298368013e-01 3.487331342887421970e-01 1.744115467154952817e-02 4.010864001051182570e-01
3.351514795206734110e-03 5.106909428126101165e-03 6.604408938876930035e-01 6.211002025711960250e-01 2.094677260867238988e-01 -0.000000000000000000e+00 1.893273755248499057e-01 1.366177542775708423e-02 5.142697948037937977e-02 3.089693984040015606e-01
4.019494520378413815e-01 2.235427526538094345e-01 2.010685352706972906e-01 2.261737016089677421e-01 4.076797115308851936e-03 2.987518411703508070e-01 8.367189124172469405e-02 3.874300029716575833e-01 6.711946045926286963e-01 2.775584406251391245e-03
8.748042253741187060e-03 4.094931839556636977e-01 4.229577351086999393e-01 8.597975230942968630e-03 5.483525930750303701e-01 2.754580869779525432e-01 4.135281510579794650e-01 7.387720243968770584e-02 3.256122232501011682e-02 3.149290447283628058e-01
-0.000000000000000000e+00 7.199117557773905551e-02 5.243106633105240055e-01 2.365182034726756588e-01 2.693197715706469042e-01 5.319540337997088475e-01 3.734049445981361126e-01 3.703472235276900060e-01 -0.000000000000000000e+00 1.785446340392751186e-01
5.970241515479864924e-01 -0.000000000000000000e+00 3.920194584923618053e-01 5.235884866717010339e-02 6.433506326425008082e-01 1.867797327550837355e-02 1.160717640909129239e-01 7.873079056213096172e-02 -0.000000000000000000e+00 2.306975565304268116e-01
2.165768434376497478e-02 2.593088123673251144e-02 3.028659062645633893e-01 5.734221316753755904e-01 2.067239832875839706e-03 7.741110331305431358e-02 3.771435200317909461e-03 2.090740581248448915e-01 6.922064067655598896e-01 2.223627405082633790e-01
5.222123046397426638e-01 5.259287531479571731e-01 5.502822238797197008e-01 3.575654937388641347e-02 3.432043005770037958e-01 1.665466588345605459e-01 -0.000000000000000000e+00 3.060674664701206957e-02 1.179989339764931679e-02 1.098556293850802947e-03
8.636912656024767557e-03 5.669462433780619870e-01 5.530385700552079564e-01 4.836609700614845075e-01 1.566080145698344750e-01 3.104079888744163962e-01 2.232095065385787409e-03 1.335377245347863506e-01 -0.000000000000000000e+00 1.127396503288704676e-03
2.542883581999591178e-02 3.091912081768854459e-01 1.068813370539896390e-01 1.622863867670114035e-01 6.425347162447848648e-01 3.380023525241795390e-01 4.847547636728130084e-03 4.121143486304063019e-01 -0.000000000000000000e+00 4.111392618053117398e-01
8.506075289747773438e-02 -0.000000000000000000e+00 5.865077802077104385e-01 1.680131440008743038e-01 6.287194607143530289e-01 2.334729733109309341e-02 3.783475854024112017e-01 -0.000000000000000000e+00 2.855953843496627509e-01 -0.000000000000000000e+00
4.683146726062367149e-01 4.905900534080731568e-01 1.283524208278484791e-01 1.131033875876413450e-02 1.152526611911439645e-02 3.544493623092316303e-01 4.040334219114066761e-01 2.673308649730684605e-01 3.824212100414708937e-02 4.018234186996165191e-01
8.725712430132465114e-02 6.559272294160394257e-01 8.972954405762274474e-03 2.675882005026839483e-01 4.463630850231053993e-01 4.360725760067917234e-01 -0.000000000000000000e+00 2.590835478314868628e-02 3.168456516130790379e-01 -0.000000000000000000e+00
2.867627103333508787e-01 5.203607195626469561e-01 6.834424594905702532e-01 -0.000000000000000000e+00 1.104906432047871312e-01 9.132178981969742843e-03 8.266681309344774131e-02 4.079601279149674270e-03 6.633421135317089587e-03 4.008893210421634046e-01
-0.000000000000000000e+00 6.138430741950977598e-01 3.003198346650688411e-01 3.006889437672897181e-01 9.676477570246677304e-03 -0.000000000000000000e+00 4.561865186473987310e-01 2.098513439350921661e-01 1.768973832486167228e-02 4.359364046032424000e-01
-0.000000000000000000e+00 1.233959057841639284e-01 2.349479990675010788e-01 9.882332220377171295e-02 4.837341780580643458e-01 1.606243249036816423e-01 1.251738946077871339e-01 2.167819641660961513e-02 3.611894002194321884e-01 7.165275147991084781e-01
1.990507413850667318e-01 4.176526854545227763e-01 4.203452295015121243e-02 2.126927349176279403e-01 5.498636313568161516e-01 1.469252056327403633e-01 4.298849956495415930e-02 -0.000000000000000000e+00 -0.000000000000000000e+00 6.427712624614762005e-01
2.818128117387081466e-01 2.403072029197695844e-02 3.372915267315497734e-01 7.686568775213785051e-03 1.844855340678209776e-01 3.595765558036945198e-01 5.513227587234877103e-02 6.158716073509776789e-01 3.285317003349000342e-01 3.906132509336026626e-01
1.848318848177471774e-01 2.194701041047091294e-01 -0.000000000000000000e+00 -0.000000000000000000e+00 5.442028338675809068e-02 2.211809415285851121e-01 2.909529105631613460e-02 7.836824460351426991e-02 9.044570783270353687e-01 2.018830041381786955e-01
4.414169066711292611e-01 5.594799703063572105e-01 -0.000000000000000000e+00 1.032652185998892136e-01 3.647211311418686042e-01 3.228035526156122215e-01 4.342890253904776454e-01 -0.000000000000000000e+00 3.784398683953210663e-02 2.328235597211336660e-01
4.328336874877726226e-01 2.490625206624409727e-01 2.305721255268040372e-03 7.565003060836893445e-01 1.582750158336950208e-01 -0.000000000000000000e+00 6.881032447512794303e-02 3.824579077141031236e-03 1.764777622653760092e-01 3.426075903288560709e-01
5.664999622166078802e-02 7.609138503924377239e-02 4.438686277154846316e-01 2.469585913136483901e-01 1.366283667705368507e-02 7.428907486484394654e-03 5.805003187071356985e-01 4.960524722833710709e-01 2.424070083630927297e-01 3.015647190963567370e-01
1.693068594709171426e-01 6.160439481047273041e-02 2.269260215248329327e-01 6.480321841318175125e-01 2.706551037462143205e-01 -0.000000000000000000e+00 6.502549906399515134e-01 3.635508815879993742e-03 -0.000000000000000000e+00 -0.000000000000000000e+00
4.725797139758624033e-01 3.715868633558509250e-03 3.252972382612195901e-01 6.964918024707312865e-04 3.834509826387599296e-01 5.923561914314386945e-01 3.225187498585372348e-01 1.566439122369830961e-01 2.106173190233218695e-01 -0.000000000000000000e+00
1.256023959986549976e-01 4.502183685151823177e-03 5.501947530304195366e-01 3.564365389038233467e-02 2.276361830754615179e-01 -0.000000000000000000e+00 6.482586356159248829e-04 7.228002345160232656e-01 3.236206450205429408e-01 3.506963290720647997e-02
2.684074276290516203e-01 2.341522220091982534e-02 1.923510185717993955e-03 1.095743534271750586e-01 6.607549729633830360e-01 3.849741284765119120e-01 3.347355803582373612e-01 2.748258548475316764e-03 9.219039910304477684e-03 4.673930627112954928e-01
4.234959031081964587e-01 1.474558289814328904e-01 3.352713319567811046e-01 1.151354584942312353e-01 7.128568025397372665e-01 1.816194544399960531e-01 3.372034083916319314e-01 2.412894272260481584e-03 9.410801148803003835e-02 9.760242333583112051e-02
