-3.689134839450126657e-01
-5.942615917630750255e-01
3.197543276151658453e+00
-1.073078834557088523e+00
-5.858890360672239783e-01
-7.284221536982499190e-01
1.634764335357937970e+00
-1.934444529924194800e+00
1.888583824520557730e+00
4.187241923078365069e+00
3.236887633259434516e+00
3.109596992085794098e-01
-7.613238466435562346e-01
1.140447058148048809e+00
1.788458735263827315e-01
3.782630449980926013e-01
3.024340057682720406e+00
1.370886909381376917e+00
-1.316777450328463772e-01
2.346454843320417538e+00
1.854537317078575942e+00
1.222170087423979368e+00
-9.159895868735082880e-01
2.784205801157016769e+00
2.866948596611611499e+00
1.902245910486147551e+00
1.427875398370145876e-01
-3.027375026789133616e-01
2.704080713170037953e+00
3.089463382680154524e+00
7.375972739472604900e-01
3.459029389660228215e+00
3.404939869782407924e-01
3.301836249369697107e+00
2.057471808936420121e+00
2.630046191968587355e+00
2.836965121617415764e-01
1.795798950459509324e+00
1.476705694469621077e+00
1.910116433931661639e+00
1.203561180590024593e+00
1.857684255071309742e+00
1.181458636449944422e+00
1.288203744961993191e+00
1.649481605184552668e+00
2.665700966393128368e+00
-9.367925687479282670e-01
3.006762736415914627e+00
3.779612289927246405e+00
1.554306527895829237e+00
9.892721415942433705e-01
2.701033164029428946e+00
2.217468730115566000e+00
4.302135872264504002e+00
1.562944533573573214e+00
3.015671043650760108e+00
-9.274682410689840673e-01
2.099397731521910782e+00
-1.569637432855634840e+00
7.224993976640826654e-01
2.381265228174003212e+00
2.311794142857010570e+00
4.517500046908931921e+00
3.243736916007053050e+00
2.528133255530069956e+00
4.172504719007524621e+00
