-0.000000000000000000e+00 -0.000000000000000000e+00 1.000000000000000000e+00
-0.000000000000000000e+00 -0.000000000000000000e+00 1.000000000000000000e+00
7.122826500814385398e-01 7.014207679210133772e-01 2.573582565333942113e-02
-0.000000000000000000e+00 -0.000000000000000000e+00 1.000000000000000000e+00
-0.000000000000000000e+00 -0.000000000000000000e+00 1.000000000000000000e+00
-0.000000000000000000e+00 -0.000000000000000000e+00 1.000000000000000000e+00
-0.000000000000000000e+00 1.000000000000000000e+00 -0.000000000000000000e+00
1.000000000000000000e+00 -0.000000000000000000e+00 -0.000000000000000000e+00
9.509710091943851529e-01 3.092800343892447845e-01 -0.000000000000000000e+00
7.261686921021169860e-01 -0.000000000000000000e+00 6.875165675172496549e-01
-0.000000000000000000e+00 8.913014860746228951e-01 4.534111389469482889e-01
-0.000000000000000000e+00 1.000000000000000000e+00 -0.000000000000000000e+00
-0.000000000000000000e+00 -0.000000000000000000e+00 1.000000000000000000e+00
-0.000000000000000000e+00 -0.000000000000000000e+00 1.000000000000000000e+00
-0.000000000000000000e+00 -0.000000000000000000e+00 1.000000000000000000e+00
4.222218580073355820e-01 -0.000000000000000000e+00 9.064925276144495392e-01
-0.000000000000000000e+00 1.000000000000000000e+00 -0.000000000000000000e+00
3.273344952776866545e-01 9.449085290128892423e-01 -0.000000000000000000e+00
-0.000000000000000000e+00 1.000000000000000000e+00 -0.000000000000000000e+00
9.975085975152511164e-01 -0.000000000000000000e+00 7.054500608233553460e-02
-0.000000000000000000e+00 4.669170692235498077e-01 8.843011084849383696e-01
-0.000000000000000000e+00 -0.000000000000000000e+00 1.000000000000000000e+00
1.000000000000000000e+00 -0.000000000000000000e+00 -0.000000000000000000e+00
8.926603980888017098e-01 4.497879608772947790e-01 2.912394090413185366e-02
4.062586500814045487e-01 9.137581240317563802e-01 -0.000000000000000000e+00
1.000000000000000000e+00 -0.000000000000000000e+00 -0.000000000000000000e+00
4.518357786204161841e-01 8.921011316877039965e-01 -0.000000000000000000e+00
-0.000000000000000000e+00 1.000000000000000000e+00 -0.000000000000000000e+00
-0.000000000000000000e+00 5.936276613354947163e-01 8.047398335470608011e-01
9.978962239315115612e-01 6.483152214185965156e-02 -0.000000000000000000e+00
-0.000000000000000000e+00 8.700503048553931418e-01 4.929629469047723256e-01
6.591334590962518725e-01 -0.000000000000000000e+00 7.520259856546246402e-01
1.000000000000000000e+00 -0.000000000000000000e+00 -0.000000000000000000e+00
8.029361086108524059e-01 5.960651017203251190e-01 -0.000000000000000000e+00
6.045218994829294479e-01 -0.000000000000000000e+00 7.965885217887279657e-01
-0.000000000000000000e+00 6.606624403042617999e-01 7.506831155495757857e-01
-0.000000000000000000e+00 1.000000000000000000e+00 -0.000000000000000000e+00
-0.000000000000000000e+00 6.006790644050525874e-01 7.994902510884486224e-01
1.000000000000000000e+00 -0.000000000000000000e+00 -0.000000000000000000e+00
-0.000000000000000000e+00 1.000000000000000000e+00 -0.000000000000000000e+00
9.631733707430479852e-01 -0.000000000000000000e+00 2.688811222296478842e-01
3.625009420973840379e-01 -0.000000000000000000e+00 9.319834048836432849e-01
5.410500204833917914e-01 8.409904133430544659e-01 -0.000000000000000000e+00
9.932043836793204017e-01 1.163832128796125215e-01 -0.000000000000000000e+00
9.891525540204346711e-01 -0.000000000000000000e+00 1.468918815825137336e-01
-0.000000000000000000e+00 9.895336607251242755e-01 1.443022324565168824e-01
-0.000000000000000000e+00 -0.000000000000000000e+00 1.000000000000000000e+00
-0.000000000000000000e+00 6.947036824846651859e-01 7.192960402659293040e-01
5.202061117938849844e-01 1.148604109156936420e-01 8.462816831626250869e-01
4.896700085060609088e-03 9.999880110922715337e-01 -0.000000000000000000e+00
3.079800649636932897e-01 -0.000000000000000000e+00 9.513928103496258615e-01
4.873830146394059759e-01 3.754635619194133800e-01 7.883431427441931483e-01
5.589472558669970198e-02 7.074072305012751860e-01 7.045926410956214747e-01
4.438356956770725947e-01 7.164786892972643262e-01 5.382082896293245433e-01
9.986380976757439631e-01 -0.000000000000000000e+00 5.217230942340115446e-02
4.952778628590146504e-01 -0.000000000000000000e+00 8.687346191799927286e-01
-0.000000000000000000e+00 -0.000000000000000000e+00 1.000000000000000000e+00
9.744867406770921781e-01 2.244450762314415537e-01 -0.000000000000000000e+00
-0.000000000000000000e+00 1.000000000000000000e+00 -0.000000000000000000e+00
1.818009008582772701e-01 -0.000000000000000000e+00 9.833353611292126040e-01
8.089371195089313238e-01 5.878951749084123657e-01 -0.000000000000000000e+00
9.344903890823352821e-01 4.735944030709707264e-02 3.528240299732208762e-01
8.442411087857957241e-01 4.689187130952625071e-01 2.595615355656789580e-01
-0.000000000000000000e+00 1.000000000000000000e+00 -0.000000000000000000e+00
4.712761724978027922e-01 -0.000000000000000000e+00 8.819856967297267092e-01
2.133801805262691975e-01 8.620852394253649686e-01 4.596497998732165802e-01
