6.208449880371232944e-03 1.407630772222082062e-03
8.565942378809610069e-02 3.579543126374690187e-02
3.931296600428602767e-02 1.527565018345773164e-02
-1.379710782086815413e-02 -6.968055370451435061e-03
-1.106434481461443346e-02 -5.200480983157139414e-03
1.042375062201063574e-01 4.181061372087938738e-02
5.113525470762879041e-03 2.167388065255005519e-03
1.519631125348885337e-01 6.531002984045240767e-02
1.781474778690800981e-02 7.545270735059334336e-03
3.171759888444688341e-02 1.477996627568988613e-02
-1.284549814848657406e-02 -4.567721622996542656e-03
2.128569813717801334e-03 9.191466937330733996e-04
1.135121682648436957e-02 5.919440749268334648e-03
1.029319374264976109e-03 7.702310833912435822e-04
3.531356527074383522e-02 1.412794302995237089e-02
-9.557287063758374696e-03 -3.604781465580111401e-03
4.475286128153335707e-01 1.878576025529965221e-01
3.461041000420553293e-02 1.478363631494768703e-02
1.134796460386953976e-02 4.338190245424355766e-03
6.394812606777977408e-03 3.072440822414955214e-03
3.144623816761980828e-02 1.336662467904003310e-02
1.577442574263495864e-02 7.498964976169362681e-03
1.277369119630605973e-03 3.864041213679878396e-04
-8.766016294690218147e-02 -3.928290687560045957e-02
-3.506647158998286648e-04 -1.609941046468316974e-04
4.343158566444935142e-02 1.822007023420736671e-02
2.840278338948174636e-02 1.015124417854753811e-02
-1.890723371566651809e-02 -4.796128255869553172e-03
1.288037259264807922e-02 5.314807368495958959e-03
-8.009480341064658098e-04 7.828991908848396053e-04
8.395677865573035817e-03 5.399438920837661658e-03
-2.266760083103491197e-01 -8.016507675319574366e-02
6.407450929404651108e-02 2.737460884344989145e-02
-4.862939469901252781e-02 -1.886095671330252285e-02
2.866421403976697826e-02 1.248973422046254465e-02
1.007897490659809096e-02 7.417055356253527201e-03
9.364656425521682842e-03 3.884689145944264684e-03
1.333205130496503167e-02 6.095336318152780840e-03
2.552688335437678924e-01 9.946170251094865744e-02
1.751795853219028642e-01 6.082854009803405348e-02
6.857186312279074485e-03 2.153752084964284403e-03
3.074847360529438939e-02 1.383451150423749450e-02
5.255815352965444998e-01 2.136748532618543139e-01
2.251149988206445698e-02 9.264029209075604065e-03
1.040119194741316866e-01 5.246251631775173535e-02
5.920343328471568828e-02 2.659411628302475392e-02
1.657803553730689827e-02 7.475030574263421233e-03
2.823266660242705964e-02 1.372018063875081288e-02
6.286415681049817294e-02 2.565663751065133669e-02
1.126924452785025080e-02 5.405613550079471641e-03
4.991371236805688394e-01 2.081155653385599047e-01
4.519773470503005153e-01 1.870537522632567395e-01
2.402069116643183733e-02 9.547916739486902310e-03
1.252100306684084986e-02 5.322863676971064002e-03
5.380869151465646899e-02 2.243938618480324429e-02
3.620894235842314068e-01 1.350457121872230548e-01
1.270391467460534884e-01 5.185607531795115299e-02
2.135568138585036690e-02 7.784525285378895466e-03
3.207915686554158041e-01 1.307449584328898851e-01
6.360542020556901599e-02 2.755189841860480535e-02
2.487421187930571875e-01 8.272879667866964160e-02
3.150398019958498830e-02 1.365819915512378989e-02
-9.598029127036400389e-04 3.071575070310153858e-04
-1.828877823523442428e-02 -8.436473494566595899e-03
2.553901557798780517e-02 1.075177262928810051e-02
1.016929304665879497e-01 3.530792901068068729e-02
-4.246373009231272505e-02 -2.889116085963398112e-02
2.951616864079183861e-02 1.374509839155446320e-02
6.099974140312394710e-02 2.659752657073189905e-02
4.061990768613154001e-01 1.567463464038159615e-01
5.171010008772331662e-02 2.130375836782556070e-02
1.737828610266214241e-02 8.970399293842089977e-03
3.088810269320995880e-02 1.293647840885621923e-02
3.450778776704784279e-01 1.407066507000069577e-01
1.716964338711549631e-01 7.557166567340850571e-02
1.829598713312959729e-02 6.485213619588924526e-03
7.697215009505872785e-02 3.629626815868601530e-02
-1.256582919487496917e-02 -4.388925833692768584e-03
-1.379890291832760324e-02 -5.268963574927425751e-03
-5.869197325162229216e-03 -1.490753913974627578e-04
1.774498204963351547e-02 7.508165540772060616e-03
3.726332120891226736e-06 1.841331664728241803e-06
6.804654532098135256e-02 2.949498534506835370e-02
1.347470430606905953e-02 5.119875059427365233e-03
3.678248484198352597e-01 1.516223584123410906e-01
3.109748275276977281e-02 1.367212188285337957e-02
2.643163326547152969e-02 1.297310049554109036e-02
1.517772417308514352e-02 6.051735196721069916e-03
3.837034573210860759e-22 -2.603125829982259151e-21
1.219842801205455601e-01 6.885886235042780468e-02
4.036849516525626291e-01 1.646143032355958102e-01
6.285587494701766476e-02 2.605498237987163498e-02
2.019688348432869401e-02 8.441118461193731701e-03
6.319484726326420054e-02 2.670738162717132408e-02
-5.967622997216637942e-03 -2.961065898696207434e-03
1.699112203669025933e-02 8.416584580245058123e-03
3.183181906150315019e-23 7.729468118291993267e-22
-5.052054072279359154e-02 -2.236438529998819105e-02
2.650168975119309572e-04 -3.255665700607595628e-04
3.503395945971259084e-02 1.272434280677057182e-02
2.539918897632328573e-02 1.136735181822566554e-02
4.257470629092485748e-02 2.037398255106757927e-02
2.946624078125702484e-01 1.142134559668411264e-01
1.436785836206724842e-01 6.447126097539729317e-02
5.670370253911738434e-01 2.292367608173293547e-01
1.779182487919350741e-02 7.059467124929648049e-03
3.418052153941233268e-02 1.542172291527116670e-02
2.201814534210585345e-02 9.282179163608813774e-03
-5.698902222706383330e-02 -2.002720115764501999e-02
2.093351875992725541e-01 8.905736148124551721e-02
1.965150506544075665e-02 8.509655086639183325e-03
5.352269576467937745e-02 2.349109239292711607e-02
1.112161174700070955e-02 3.736564097756312538e-03
4.527765271345692288e-01 2.044819034430583882e-01
2.052870381787160470e-01 8.498849623413069765e-02
-1.137985385833175517e-03 -1.893501895182195856e-03
2.016121060193375083e-03 8.064311807866441500e-04
3.496042573071365123e-01 1.442332716937616555e-01
-1.166344746718469931e-02 -4.347514009664825603e-03
1.305306028640456500e-02 4.871613844737695924e-03
1.844778453519016134e-02 8.592162391870753271e-03
1.951969087807463032e-01 8.320702221057325876e-02
1.419446499702687638e-02 6.476937247216657187e-03
1.656361905117581523e-02 7.062371424251649883e-03
1.778595438435126019e-01 6.789602168071343091e-02
7.096222494992908414e-02 3.103561416691575162e-02
-2.915911704639265883e-02 -1.166318789019950633e-02
5.286755553672500135e-02 2.160964633141111355e-02
-3.304127712138305809e-03 -4.243845752967129723e-04
2.369470002495395813e-02 8.690954453405582911e-03
1.702585752804560565e-02 7.682570554178988834e-03
-1.031144414914596658e-01 -4.276791568172876035e-02
1.324661221287850854e-01 4.945478325545449305e-02
-2.646140365325895180e-02 -9.862264504518700181e-03
1.850935727770498004e-04 9.742537962923817079e-05
3.292908537717111062e-02 1.474257973849055735e-02
5.309590606601695406e-02 2.392884774876469223e-02
1.234762644114581649e-02 6.219633516085257448e-03
-1.566912807101648875e-01 -6.024391424049160143e-02
7.872309432603474821e-01 3.118248018804609667e-01
6.833060091460640972e-02 3.033789405051056515e-02
-2.216946705279024613e-02 -8.523686939961180875e-03
-1.545764412264354244e-02 -7.245069495028933458e-03
7.768253023036025481e-03 4.315198669922217650e-03
3.484043395650822383e-02 1.440661830090193135e-02
2.333627312985175895e-01 8.493242217351466838e-02
5.197425812546799806e-01 2.167081448849969560e-01
3.072907765731063279e-01 1.307622237205735560e-01
-1.857252154335304814e-02 -8.186392686540405056e-03
-2.105407365865864452e-02 -7.906314326343864482e-03
3.129281634816249991e-02 1.381945135484125529e-02
2.866814118615845439e-02 1.157134901308974964e-02
2.731367929542032336e-01 1.143399096055839337e-01
-4.510740669514842933e-03 -2.554222763301357106e-03
7.501646877221048240e-03 2.474690612031097553e-03
1.314488599127706658e-01 5.151328579423596066e-02
3.809901318045214036e-02 1.608484603065012120e-02
7.645476312929131435e-01 3.052778001381235007e-01
-5.765423743772310483e-02 -2.411633696041590169e-02
3.804770945459184928e-02 1.545372834321902256e-02
1.034236196253724566e-01 3.868013199400605062e-02
2.948382610247794397e-02 1.189335879208365705e-02
2.756743119693260205e-02 1.179403568858873770e-02
-4.105521247021372971e-03 -5.625180955905605563e-04
3.861637535279877076e-02 1.692757986497436806e-02
-6.379044522319118025e-03 -2.273058440997820402e-03
-1.056287072230408311e-02 -4.729487380970180850e-03
-1.485240408654762284e-02 -5.371861306523070291e-03
9.273655295540349230e-02 3.858556745948324429e-02
9.478122874831654832e-01 3.718569884624264299e-01
2.737608653111021917e-02 1.105037939573075452e-02
4.896543384950208591e-03 1.947073118752692261e-03
4.246286653896964164e-02 1.945380710171509125e-02
7.566266086252525398e-03 4.519540466526495229e-03
-5.978712592523519574e-03 -1.613649891479976631e-03
5.207990994985656902e-02 2.258420428334676280e-02
3.869255355167103890e-03 9.520712503978738485e-04
3.302732690686437933e-01 1.124848805645516231e-01
-6.749954292987369459e-03 -2.803031006991133899e-03
9.404115219886894500e-03 4.048341991450160257e-03
4.934672347191527975e-02 2.253104836273778916e-02
5.995021099238939666e-02 2.366977709025770704e-02
7.941394542047232677e-03 4.386063838343693885e-03
2.526598628392786455e-02 9.797518190695547746e-03
8.939913350876252385e-03 4.487060699967205038e-03
-4.981559074076644979e-03 -2.546765316254751433e-03
-3.562879068976049918e-02 -1.589331936303856052e-02
2.890236225068279832e-02 1.328814938384137966e-02
8.163463918644897621e-02 3.431417427017190158e-02
6.319902330870872387e-01 2.567046021610588369e-01
-1.525692087854852927e-02 -5.945404011528346473e-03
2.910491175611033474e-02 1.276993739887748343e-02
1.907100342304441504e-02 7.569738595934132237e-03
1.087386889457201029e-02 3.984532097057355039e-03
1.861402499925101381e-03 2.914157545402006663e-03
3.096872697492182580e-02 1.376521089481777191e-02
6.187709116850155858e-03 2.689974851520620432e-03
9.563182852815455340e-03 3.274386270277590029e-03
1.424142157249187052e-02 5.730065942208973501e-03
-5.315651790614316086e-02 -2.337070891696840791e-02
1.164987717835082037e-01 5.804649257878311680e-02
3.978285477876349341e-01 1.598779994978797303e-01
4.612823989329643826e-02 1.901189781626577702e-02
3.376435045558029424e-02 1.724028948230085442e-02
1.384865509822399698e-01 6.198399523330567346e-02
6.267450841450601662e-02 2.516761114347332295e-02
-2.935779154276605199e-02 -1.376442803758975639e-02
1.859724940779867650e-02 8.664118622613833920e-03
6.028731906344344258e-04 1.118494035535940335e-03
1.729175966767011463e-01 7.953579884696375391e-02
-1.825864326151687422e-01 -8.272796098530439679e-02
6.784930554208111753e-01 2.850310902666581825e-01
-1.655797741243897683e-02 -6.238050373355238411e-03
-6.360906778289763641e-22 7.864270268255836163e-23
-3.261590696601473355e-02 -1.173774922848157092e-02
-7.126488172122569936e-03 -2.982546214662591504e-03
2.612224625996251159e-01 1.058428961992493311e-01
