1.972039638227258140e-01
-1.644133556490622594e-01
2.852497154933587575e-01
-1.563154415843533096e+00
-5.781690972775536119e-01
-5.682762523870066307e-01
4.976364109367512056e-01
-1.272531848323949166e+00
-8.069065382225121263e-01
8.288226217768716042e-01
-3.836026241950910021e-01
3.159376218807142256e-01
-4.153059400816572211e-01
-4.277564780010774670e-01
1.846817582744646469e-01
-3.010987267371451614e-01
-1.815783199091212941e-01
3.719742430639777497e-01
5.979053892511694557e-02
5.159923609628148666e-01
-6.863150223093928970e-01
-2.248251821734766676e+00
1.752936667836076934e-01
-1.907459448785117986e-02
-1.104969097885596802e-01
-1.152172509506556919e+00
1.422955714025647966e-01
-1.078534107007901754e+00
-9.142338752113265965e-01
-6.978921950261315343e-01
-7.306241193527687194e-01
-1.378055489094972996e+00
3.698286944109293040e-01
2.263924851841209174e-01
-4.186321239636618396e-01
8.775636942839390997e-01
-7.146324762331003611e-02
-1.020168482339419924e+00
1.113306394133119825e+00
-1.417603107505061022e-01
1.248983724531377959e+00
-6.282949981446424026e-01
-3.683617060400186730e-03
-5.370758863248692450e-01
3.598193514073717153e-02
3.884744538457834406e-01
2.636999505581972825e-01
1.022596147248440390e+00
9.663383125113783612e-01
-1.226862413769317595e+00
6.389474258341443225e-01
1.774711903111348743e+00
-1.233533215611143374e+00
4.762783753707498097e-02
-3.273019974990623027e-01
-1.301796362178577082e+00
6.196668991631250067e-01
4.824118013990352227e-01
-9.392122978236722153e-01
-1.145967214386412192e-01
-1.283269025358396043e+00
2.033361495347689729e-01
-2.265410461442551038e-01
5.107330271649774822e-01
1.776139099588138981e+00
-1.269380848844471055e-01
7.540525650650483636e-01
1.444504783734773090e+00
-1.319305174484023402e+00
1.193006331087476529e-01
4.804000899008878389e-01
-9.508874772751896298e-02
4.064647671750515889e-01
1.533488612380717209e+00
4.966675202803220723e-01
-1.168144262056533683e-01
-1.704625593989349264e-01
9.820087469560675464e-01
-3.548427126774971740e-01
5.990306829845000181e-01
