-5.422483579263368547e-01
-1.544424424384891192e-01
9.163780691226807162e-01
3.895273395306003694e-01
9.497860272061439124e-01
-5.712278810852025046e-01
8.386701931371666197e-01
1.436613356431329647e-01
1.850067940283086909e-01
-1.459236620955460251e-01
2.856962306746198554e-01
1.086622800661524835e+00
6.355979783535067318e-01
-2.917009647285803697e-01
1.028590408628576452e-01
-1.703675123482384923e-01
3.718607422618146474e-01
4.319691711030184678e-01
2.038902588734536336e-01
6.052871705647837608e-01
7.552276951564471652e-01
-2.072296223451931818e-01
8.313043433360098669e-03
-1.852477702397079540e-01
7.897385155323675132e-01
8.915182007815299903e-01
-1.329746687139827577e+00
-5.675724966729485121e-01
2.757834555186606251e-01
-8.086291326503683985e-01
-8.519788533249662565e-01
3.977476965221224958e-01
4.575385924276799132e-01
5.875125328678454384e-01
7.349543221598360265e-01
-3.725789407065706604e-01
7.238256382799780619e-02
2.877420886754050722e-01
1.017867949696482782e-01
-3.923276557082200355e-01
-7.095761209983962869e-01
5.900014126555290783e-01
-1.706138224790343660e-01
2.225121644269275611e-01
-5.701803134592404732e-01
4.948782009338098531e-01
-8.618014430883268462e-01
-1.259858807468784980e-01
9.082004161108707396e-02
-1.063718068471113831e+00
5.942874782871117312e-02
-6.160622142183103112e-01
7.391526041802305713e-02
-5.123296182517109720e-01
4.162009791130413250e-01
8.088338579952837337e-01
2.953239598990761716e-01
-1.234561807249101140e+00
-4.509340254991797692e-02
4.077090408015948131e-01
-4.771864613514038012e-01
5.132199371183168157e-01
1.904137594086494911e-01
3.598220574696555096e-01
-1.422970755636306039e+00
-9.005238041194025822e-01
4.357193520127231601e-01
1.103660261126766101e-01
-1.083864199335948131e+00
-4.336328126663130389e-02
5.420505561388281324e-01
4.239653133910018523e-01
8.797428761161743549e-02
1.413857954838782516e-01
-2.431334737833527881e-01
1.826151113675068272e-01
-1.631311441997080891e+00
-1.554722951113776952e-01
-8.585853209382929840e-01
7.165867597160300306e-01
1.704783625507373945e-01
