4.699746819001861531e-01 1.556997726910722829e-02 -7.878724801246016485e-01
1.380646601300672405e+00 -8.558303745728088052e-02 -1.096187609530951734e+00
-8.753468013045813123e-01 1.203040064617117100e+00 -2.070219691818182828e-02
-9.368235393601298533e-01 8.925368999621796640e-01 -6.415876437172396418e-01
-1.349620502218365159e+00 2.713814000774754653e-01 -1.095324895277421495e+00
1.209891344135805236e+00 7.455987920765887456e-01 -2.638698812108291936e+00
8.155945666692649976e-01 1.194668036103540887e+00 4.777023472558361572e-01
1.069131275669191750e+00 6.696066746673783321e-01 7.554622564035178289e-01
1.318750381333189337e+00 -2.502424823407956911e+00 1.871723396816133533e+00
7.311001229333632390e-01 -7.787870641755992862e-01 2.282803643574752961e+00
4.361946252214515263e-01 -8.255693371066999756e-03 9.582664932891010734e-01
7.323732319610746222e-01 -8.725551787837926287e-01 3.511184150554287446e-03
1.762850529054937221e+00 2.745980054990970406e-02 1.876001200577379346e-01
4.684353424380988118e-01 -1.124221170964035732e+00 -4.430080618104385581e-01
-1.309250593432186305e-01 -8.091924651654248679e-01 -1.728689064906175077e-01
1.032761604723799520e+00 1.102502564373626814e+00 -1.097755148612454379e+00
1.285439820573108571e+00 -1.947114765118210522e-01 -1.691103865523418959e+00
-7.078016079556150031e-02 -4.280280952272741968e-01 -1.700054326176786645e+00
-5.512388777708482346e-02 -3.237029943774870355e-02 -2.549040282453689521e-01
-1.716076313392512487e-01 -8.855182018458719329e-01 3.195408052570748447e-01
-1.402515787583346607e-01 -2.284154418099827721e-01 2.890764732225976075e-01
-8.144392635600438135e-01 -1.524901354319401436e+00 2.674901567840704333e-02
6.441522895901081736e-01 3.725859267485498449e-01 1.163678672678838399e+00
-3.393215722898098363e+00 5.862521777473856943e-01 3.316400355760928953e-02
-5.170046864766087991e-01 -1.179987559400850428e+00 -8.953197311570567640e-01
-1.090184640309727948e+00 -8.492577169800217263e-01 -3.315412566641975367e-01
-1.594485606959244794e+00 -5.999769874628337885e-01 1.583467286806975460e+00
1.062334378540078506e+00 -2.743034020503863912e-01 -5.461571792239178214e-01
-2.383650383101560077e+00 4.720824533561169267e-01 4.907751177874304926e-01
2.230589687427686485e-01 6.222933309118330314e-01 -2.395251765713680925e+00
-2.463196199959285071e+00 -6.136028049985906563e-01 5.242195931077413551e-01
-1.447260462359933220e+00 1.008233316756104614e+00 8.177673642577744095e-01
1.177797782338476429e+00 -4.608807869448847683e-01 -1.718176280917169008e+00
-1.264917453416799287e+00 -9.559388256430588482e-02 2.926759272474262374e+00
-1.095025768746317629e+00 7.249626590477332710e-01 1.628207834315094082e+00
-7.668735174444417657e-01 8.663939025043243536e-01 2.763514823539324095e+00
-8.746578183970642462e-01 -2.144587589599810329e+00 5.522537059144219107e-01
1.101181057850609157e+00 3.906496726816201526e-01 2.894746483765463507e-01
-7.676196486069269964e-02 8.948603075550428665e-01 1.292396520020702377e+00
6.451763967768402441e-01 -4.862721492625699526e-01 1.169206009700250348e+00
-1.430962087285482021e+00 -5.840251374082320313e-01 7.040608415173706947e-01
-1.542727267501355026e+00 4.692202428881866137e-03 -1.450088644771497570e+00
7.615116081370688628e-01 -1.913243829523990636e+00 -1.549829799715030765e+00
-3.450094454820486906e-02 1.093718301835137297e+00 1.810523214032628392e+00
2.076627551244778491e+00 -2.304851498618693206e+00 -3.804610532575199988e-01
1.675156291937393016e-01 1.278852056352992150e+00 -1.717937901510025123e+00
9.740530481011788755e-01 1.428771334357640699e+00 -5.838279049131331888e-01
-2.657498973133573639e+00 -1.139558212343972032e+00 -8.460667280516580568e-01
1.315360045573856496e-01 -9.816357766890106973e-01 1.167036527259463830e+00
-7.444377287336386706e-01 6.582687755731049251e-01 1.237470910526020651e+00
6.578735982332051258e-01 -2.298613578818523351e+00 4.154922227318323946e-01
-8.803208740469407045e-01 -7.171117404385062011e-02 -1.672251459305401922e-01
1.147427307469158553e+00 -2.050820085843201745e+00 2.769455632702029657e+00
-7.093174323351755794e-02 -8.262846059870274651e-01 1.574615248985539617e+00
-7.411157512364859867e-01 -9.342852248458372033e-01 8.845332761294891766e-01
1.638149111302310335e+00 -3.177483130523434340e+00 6.840862914393563976e-01
1.503849857350135100e+00 1.854035320638832918e+00 -5.986187447456881722e-02
4.763412327126889667e-01 -2.221557731156242443e+00 -2.659802370974189145e+00
-5.844915244847179725e-01 -5.603454308823259122e-01 -1.216582964462268768e+00
1.361253045510855131e-01 1.919565832901982017e+00 -8.104910245888369280e-02
1.887012441224473092e+00 7.198595963051633850e-01 8.281364961542769798e-01
-1.376974533149971425e+00 1.660950297021872302e-01 5.732968029396871001e-01
6.367281928187330520e-01 -8.704170144169701695e-01 -1.002445869283721924e+00
-2.395490982662908386e-01 -1.379858892971613571e+00 1.941735878943097182e+00
-4.722200565961145458e-01 1.875678942699618545e+00 1.936553583067788242e-01
-3.463750459445512075e-01 1.156527750058886861e+00 -1.511843764806484192e+00
-2.134977308725806155e-01 1.096383445740422902e+00 4.932894504865235064e-01
3.921274176005608569e-01 9.382768755501822433e-01 -5.817867881474615421e-01
1.420181609431714564e+00 -6.095549307948976425e-01 2.374950353109623435e+00
8.258244549757068897e-01 1.609910488328374356e+00 -3.137850778544353236e-01
9.064067613294719550e-01 -2.293737233793311514e+00 -2.647077811360353250e-01
-1.825046830226580319e+00 1.378041144849959376e-01 -2.702601653712556895e-01
-2.826760094117381605e+00 -2.399266865984734043e+00 2.837080006213401617e-01
-1.935085768307966303e+00 -1.154257218511621497e-02 1.682224121479877210e+00
-8.273804960002554276e-01 1.452806936171594288e+00 -4.014133469865546200e-01
-1.456419580108481826e+00 -4.397668315401674632e-02 -6.818035916027490040e-02
-6.099286368783601864e-01 -8.897442427466122350e-01 -8.958268482254445886e-02
9.147305791364914729e-01 -8.967833209369427405e-02 -7.174307952775279551e-01
5.075480781059048541e-01 -1.995361028032509587e+00 2.688512628645756575e+00
5.176393620051260580e-01 -1.513980528348015664e+00 -7.588898108723087788e-01
-9.043855776781789535e-01 5.253120967873663449e-01 3.971596294711678521e+00
1.591843455748052749e+00 1.490064250752821673e+00 1.658692665178168379e+00
-1.485131386875472581e-01 1.803166482616009203e+00 -2.508834315509704815e-01
-5.858017185812006700e-01 6.715090263714051932e-01 1.480105845743627357e+00
1.878374931298089523e+00 2.270204230726069125e-02 -9.523958061031685407e-01
-1.071320767013636877e+00 -4.343575844823646115e-01 -1.941111709303600108e+00
-2.149069545300402062e+00 -1.344593325191069999e+00 -8.078701265243559693e-01
1.509356476863516372e+00 4.920158016988610550e-01 -1.181355318501463580e+00
-4.918063941352893154e-02 8.287486420191010339e-01 -3.061427655574959217e-01
-2.898899346671830912e+00 -1.732022652011037778e+00 3.458122190509078098e-01
1.054962139453019088e+00 -1.151289160770390341e+00 5.613814409825902407e-01
-1.209473634304665701e+00 -1.648247503310704243e+00 4.384941396759458598e-01
3.822041056621752197e-01 -1.735751043906208269e+00 9.029167067053186502e-01
-6.123675824977727888e-01 -1.185473151225788779e+00 3.205558134057587827e-01
-1.080628596744362957e+00 -1.100229702107611951e+00 -2.798421001293259214e-01
1.550933611416937641e+00 -8.941232664117721995e-01 -2.737433993627045314e-01
6.463813355770534619e-01 1.154490512112729350e+00 -6.770618735126696652e-01
8.175687292452498145e-01 9.410382945523583509e-02 1.513732335764336412e+00
-1.077223657359039688e+00 1.685473296002236998e-01 -2.795992348970694485e-01
-9.473999142479233582e-01 -1.826265501831383364e+00 3.341812012863952575e+00
1.148551978739834334e-01 1.308994725301467099e+00 1.339716775315116903e+00
-8.548509082570016071e-01 2.258426515198830864e-01 -1.091185156149249824e+00
-2.205963199508480077e+00 1.690130133571053628e-01 2.537626820777338033e+00
-9.849757118471483830e-01 -1.333740523582995219e-01 2.180663681332600801e-01
-9.916094872169314289e-01 -2.776550915734968594e+00 1.253591508943189714e+00
-2.108662126219740529e-01 -1.213252289734447098e+00 -8.019579277906752068e-01
-7.167174182875286903e-02 -7.252904642998558860e-01 3.869873621773053385e-01
1.368687865873950971e+00 -2.171093371713630038e+00 5.592162698789910902e-01
-1.251115716426437485e+00 -2.457082569879806833e-01 -7.854783825550835097e-01
-9.006091666437631149e-01 -3.818450669542936687e-02 1.917335796710143647e+00
8.416681317325003242e-01 3.533383245081724855e-01 -1.178033216246660686e+00
-1.176174693633182722e+00 4.887972603878584232e-01 -5.311979680366182288e-01
-1.205292348055205937e-01 9.211799626083000403e-01 1.843153599866618475e-01
8.285785611192333922e-02 4.884219352422195515e-01 1.989215669791607022e+00
-8.719225336752831623e-01 -1.909910988697680390e+00 -1.568935726869170821e+00
9.556498018553790663e-01 7.345439307909271687e-01 3.891476152088921836e-01
-8.610333441798626586e-01 -1.171672086618153141e+00 -2.456431801910098911e-01
-8.883425557458307642e-01 -7.094765010181451892e-01 -6.482173637289175838e-01
-1.038668158780275297e+00 -1.428991879694580858e+00 6.015131903745656039e-02
1.231793908083677502e+00 6.107344551840343527e-01 6.080516630924622801e-01
-8.542868512323111008e-02 1.936979105235617504e-01 3.249581007006585587e-01
-1.051375369223276568e+00 -1.807725198323441917e+00 -5.734137653045101590e-01
3.225433626730241782e-02 -4.075832522310464112e-01 1.397453405424787132e+00
5.872873867087183841e-01 -2.081873787465851056e+00 8.686641632716008976e-01
-7.396569116456988002e-01 9.282239232948639174e-01 -2.071618879968817772e+00
-1.172977324105495711e+00 -1.109056890230800008e+00 -1.461762180710689252e-01
2.227622206015611450e-01 8.339147305203665761e-01 1.235682724503601726e+00
1.486370866818007341e+00 -7.080236555596202130e-01 7.142399634882840020e-01
1.902038508248860449e+00 -1.953991091543042957e+00 1.583365932396471276e+00
2.579449107373361083e-01 -5.344823117708588089e-01 1.135477153834770769e+00
-2.667087427920793008e+00 -1.435756169010538263e+00 2.828407122988692457e+00
8.592661957792899763e-01 -1.737226049316686227e+00 2.938274944103566710e+00
1.049393339981085305e+00 -3.369660479433729261e+00 9.919532011201617205e-01
5.443635528563757209e-01 -3.178942889254167681e-01 1.555146411813082441e+00
1.113784544720116232e+00 2.349910316161464910e-02 -1.412929485886071701e+00
3.156689279644883772e+00 1.742726891139352530e+00 -2.950460033375983948e-01
1.429548149136760371e-01 1.644379784770894526e+00 1.102551177356673462e-01
1.726451500992856936e+00 3.853402832563765368e-01 -5.925790253954617282e-02
-9.404921595370228093e-01 -3.536212538327118127e-01 1.230488989125377186e+00
2.044524913511162278e+00 1.777323682958684148e-01 -5.778946413147789674e-01
-1.749760038542065299e+00 3.899248792656509477e-01 9.470238909063549704e-01
2.023811676395119719e-01 -1.818953167960343231e-01 -4.267608724167584189e-01
1.641477175756548057e+00 -9.742884588980527116e-01 7.308686964147629306e-01
6.489448835629886281e-01 4.701392791557896245e-01 -9.784233065952964159e-01
2.498277743552328900e+00 -5.105255489811035829e-01 1.221399611685084041e+00
8.088055178353240615e-01 -1.278138503273389848e+00 -1.510324817397396269e-01
1.088031246050059186e+00 5.001061447674591820e-01 1.026981779948128004e+00
-1.522668373672119435e-01 -1.849815107751344723e-01 1.270471418948994957e+00
7.855713102285630800e-01 -2.165055321008444722e-01 9.654818178510863325e-01
2.079527353896036823e-01 -2.028710568155241756e+00 2.012403214567657805e+00
-5.691810139303634664e-01 -5.564172129972058123e-01 5.753080917889673573e-01
8.642293504751058508e-01 -8.084891622153386193e-01 1.911809955703414943e+00
-5.091748466358578806e-01 -1.043412481471320818e+00 -1.352922151103274961e+00
-9.459817851272528388e-01 -9.039756651924779618e-01 4.505638472473079137e-01
-1.851363192007417613e+00 -3.555770415482822910e-01 2.139105391412858381e+00
-1.883923316923793445e+00 3.846715927638369448e-02 -2.436138119362271925e-01
-8.160860117934506386e-01 -2.296649096145847224e+00 2.059276311573463136e+00
-1.211395184481719456e+00 -1.112211198424773589e-01 -1.156158441364132150e+00
-2.267772466048994406e+00 -2.686073165886990299e+00 -7.809060757073451597e-01
1.299450354117358264e-01 3.410001470269223400e+00 2.962869113861211101e+00
1.327674559112568708e+00 8.229350176516906368e-01 -3.070281243367071200e-01
6.992864413219767039e-01 -2.615693300001051380e+00 -1.125457630335661152e+00
1.706948227466122958e+00 6.362740647328549715e-01 1.057416143200667069e-01
1.333904628535973691e+00 -1.160347390505034326e+00 2.658973363965841941e+00
8.330665577498096441e-01 -3.637332026014236663e-01 1.556609094337594090e+00
8.602511778126407105e-01 6.623327415306976551e-01 2.037268486112829180e+00
-5.869947639606495349e-01 -7.571334046144990726e-01 -2.162973652400148883e-01
-8.825313282627116340e-01 3.403931016603761517e+00 -7.422905632385987662e-01
4.391254873962947003e-01 1.842939435085893640e+00 -2.781291268820544893e-01
1.295219552216100523e+00 -2.672701771618248845e+00 1.230224895306794020e+00
2.686972742233984413e+00 -2.586810711463650492e+00 7.756822045459252912e-01
7.481760596654353224e-01 1.214154992956527401e+00 1.714965721368012508e+00
1.365362097791003038e+00 3.405709906746964138e-02 1.340700803694172327e+00
-1.097520357885179015e-01 -1.284894155720726627e-01 1.424881882000030409e+00
-1.367212588353169944e-01 -8.046134441877595966e-01 -1.602666277519665394e+00
9.041978552953070514e-01 1.850756100161295770e+00 6.503583050941470489e-01
1.642330630740360009e+00 4.688698005750818187e-01 1.159024111797669065e-01
-2.651402416093440184e-01 -2.519587321976826111e+00 -1.228098186925885349e+00
1.493058563897550206e-01 4.035729754150650384e-01 -5.066405132432596492e-01
-1.223278214064251301e+00 5.250380028085243067e-01 -1.217265420729213066e+00
-1.455203479819916268e+00 -1.202437952929309883e+00 1.115169323535321055e+00
-1.161694965320877682e+00 1.227881814093110258e+00 -9.518857352176356423e-01
6.321016778608459230e-01 1.559077455936259904e+00 2.136537643307624634e+00
