1.724047189534551605e-01 1.681417117158982497e-02 1.063975323747705891e-02
3.332168267152616492e-01 2.615339291775389385e-04 7.205143417604416983e-03
1.309015051529169860e+00 1.191941459494922029e+00 1.715498180491275226e+00
1.043159851811030991e+00 5.595686983546930282e-01 1.003035050866962763e-02
4.858806717940321145e-03 1.887333582361159501e-01 1.737312367507860278e-01
3.668857703362356400e-03 2.063255184442213952e-01 -0.000000000000000000e+00
9.553939462806427807e-01 1.610227159282382692e+00 4.977455082252924511e-03
-0.000000000000000000e+00 -0.000000000000000000e+00 -0.000000000000000000e+00
1.574789058572234390e+00 1.282077709715014925e-02 2.402843426653376163e-02
2.320816780649452404e+00 7.228896373609337012e-01 8.569140493639245681e-01
9.159053423841859720e-01 7.639418679655396449e-01 1.868645976387732999e+00
1.309645110243167487e-01 6.261709247471223261e-01 4.840413507689184658e-01
4.135934577658999522e-01 -0.000000000000000000e+00 7.268519621721895516e-03
9.144595445568929337e-01 2.078323125020623330e+00 1.866563238264005650e-02
-0.000000000000000000e+00 1.011064047424433454e+00 7.412674694983876211e-01
3.714906643522828955e-01 1.333773266002358238e-01 1.322183780974526490e+00
4.188230716653496347e-03 2.268083393709308559e+00 9.124397478546507623e-01
8.308972760681087033e-01 4.526017459797025966e-01 6.233167723673864284e-03
2.322016450266081028e-02 4.046462776905357557e-03 3.015891050406874219e-01
1.275245695302449356e+00 1.223125259589765923e+00 2.251980783071676206e-02
9.597240284706199942e-01 4.478195593763812342e-03 3.607302688927726229e-03
1.537454259485749875e+00 4.572245318323491792e-01 -0.000000000000000000e+00
9.052974252454900825e-03 -0.000000000000000000e+00 7.365730364734285329e-03
1.728783143590839400e+00 1.020125148474711585e+00 2.295893652031493620e-02
5.842822231945670186e-01 9.689862028582272302e-01 1.482435170632519172e+00
1.547854375706762646e-02 1.902415915159413551e+00 1.281652984601824974e+00
6.343495129116158981e-01 3.507705619130252472e-01 8.606642071894682333e-01
-0.000000000000000000e+00 -0.000000000000000000e+00 -0.000000000000000000e+00
1.102972410479686305e+00 3.351716309300246666e-01 1.769446273863422237e+00
1.649893698008758181e+00 5.981655515001496060e-01 8.229281291815933042e-01
2.764455659748827898e-01 6.623092686589615585e-01 7.201749374218429089e-01
1.146386128543822380e+00 1.453157495018421452e-01 1.658296816828485731e+00
2.658266357175007727e-02 2.768806080226361432e-01 2.111779428760942462e-02
9.239848208339741520e-01 1.311254923618299317e+00 8.104110162484312596e-01
2.337356358146467361e-01 9.154485688446580838e-01 1.743981555085036383e+00
1.801483574195514192e+00 9.064307761959073950e-01 7.864097501607805185e-01
3.928307922750695069e-01 2.071398975345964399e-01 1.233563294996569359e+00
1.102752084414186484e+00 5.499419663535130010e-01 1.115926919934241868e+00
1.122587179915433442e+00 5.798884315310840476e-01 2.164692940694797341e-01
7.913553453237918145e-01 4.096221063431693676e-01 1.406007146901980587e+00
1.018279154524161845e+00 6.366629854374736708e-04 5.518074058369576429e-01
1.032885597079411744e+00 1.204150433328657170e-02 5.440925024231005880e-01
6.962002540917684446e-01 1.234908678912861157e+00 3.994968246851736682e-01
1.583639197706928403e+00 7.929229002132431869e-01 8.028297669893431632e-01
4.419336880085458219e-01 2.945783693710627427e-01 1.143349720321265695e+00
1.055645298929511977e+00 4.691140383186345186e-01 1.157053515601716320e+00
3.457038388953158625e-01 -0.000000000000000000e+00 2.135701348960837923e-02
9.568885208805805176e-01 6.580809744833165942e-01 1.377269893149254854e+00
1.976399606462094782e+00 4.558034829819969658e-01 9.392897276922199667e-01
1.031041055366150427e+00 7.350648703010799201e-01 4.256232304187758109e-01
1.386619801229158899e-01 1.279850571595901432e+00 1.056338859979907285e+00
8.161772727571848796e-01 8.347504645560708259e-01 1.831466348286026280e+00
1.633425276717867414e+00 3.361956735700884907e-03 4.970458927363435864e-01
1.438897306369440132e+00 7.794959499657251323e-01 1.276721687016325157e+00
9.129352894210858160e-01 1.391423880789066647e-01 1.838252720262991247e+00
1.249161922218330778e+00 3.445310615100941609e-01 2.145712377917820657e+00
2.669762265177868274e-04 2.267424424106981307e-02 4.071815752241332853e-01
1.805145301561997595e+00 2.240994035764884151e-01 1.335002436209086207e+00
-0.000000000000000000e+00 6.608491087435859959e-03 1.296327587047501435e-03
-0.000000000000000000e+00 2.074336213763909420e+00 9.344244060260237586e-03
5.578563846246313851e-01 2.295006838728031795e+00 2.876708188042167436e-01
1.254877356760047302e+00 2.969278569928952005e-01 2.051073384152809709e+00
1.124717593585634168e+00 1.206158332825688767e-01 2.138228499330030452e+00
1.985714734303779760e+00 6.187167951899343876e-01 8.406053026399358252e-01
1.668911424041832792e+00 9.633790209662644877e-01 1.126434945605060189e+00
1.323974633911497500e+00 2.126824559068906106e-01 1.250581295457721565e+00
