-5.110461548419101829e-01
-9.114987624011675615e-01
2.246308083265312061e-01
-6.536922012700732143e-01
3.901939366278768251e-01
2.512894508130263937e-01
5.213310757801999928e-01
-1.585797539815443358e+00
-1.378171631861716095e+00
1.073146759375374737e+00
7.273381015447348830e-01
1.446490858216560982e+00
-9.537264322857667009e-01
-1.051576704669411333e+00
-5.192751950940193151e-01
-3.838984447913537656e-01
-8.875830823768827704e-01
-4.165512480987968447e-01
4.374382468599523621e-01
3.131467112810228937e-01
-1.291020584099597190e+00
4.691179067215170417e-01
7.927776497600227609e-03
-1.939187780064363931e-01
9.506389416152143113e-02
-1.210177810767917084e+00
2.128584489251915013e+00
1.948444422732019052e-02
6.729955230055401083e-02
9.735556848055346157e-02
5.023693912890107027e-01
3.066496205786030660e-01
-4.942105819069351758e-01
3.505652466021524361e-01
7.507116190896135910e-01
-9.579185397116105616e-01
-3.543308502689366257e-01
1.357649965709144757e+00
-6.044363769724403479e-01
4.860816657319017575e-01
1.468693031672645644e+00
1.587986434549321091e+00
1.191229889600887271e+00
1.987400802960040680e-01
1.870937427641830852e-01
-5.781963303955460765e-01
-1.354919180754391661e+00
-8.664117773166849501e-01
-6.068899884583092708e-02
1.387620980344526911e-01
6.490044827881781275e-01
8.716814172238500358e-02
-1.582048594199424174e-01
-2.787980853288851701e-01
-1.562900097065138549e+00
6.191962537979417425e-01
-7.037755468325858077e-01
2.004798891931633409e-01
-1.039356534422075373e-01
-4.470423393687108504e-01
-7.802449936019482946e-02
1.038540084197695501e+00
5.208947080186315803e-01
1.048019283454497685e+00
1.160722244528665570e+00
-3.102291225578260314e-01
