2.554730126286383074e-01
4.593406209871996326e-01
2.650349759350774992e+00
5.054512478941212139e-01
-8.120099507763026137e-02
-1.090674664521806392e+00
5.417074806235002704e-01
-1.789844688315191057e+00
1.938709046337894204e+00
4.026749044033223868e+00
3.357537166030783116e+00
-1.773835831711044475e-01
-3.987705597685851089e-01
1.531653333001418593e+00
6.990587096416606139e-01
2.036888523144357865e+00
9.870227495590910838e-01
7.048501731272778237e-01
-3.527405812851461264e-02
2.020289402969662085e+00
4.013966183742698757e-01
2.333373032644824985e+00
-1.203153272597789369e+00
2.253051964146956188e+00
1.149694170156651651e+00
1.065302473987739695e+00
1.081712954894211043e+00
-9.209342464669635353e-01
3.061836111501541335e+00
2.587852593940150658e+00
1.014965413056083010e+00
2.558931846782668718e+00
1.468230953695514873e-01
1.965641677545267862e+00
1.370204250928550138e+00
2.926015653110304093e+00
1.251264033093418604e+00
2.447034484853440883e+00
1.348843226283708896e+00
2.108287488537849974e+00
9.573232119117215388e-01
1.151627772091071256e+00
1.394413377387294872e+00
2.300525345566007296e+00
2.993883993998824877e-01
2.845231809724130922e+00
4.204228934593199907e-01
3.070586178449231873e+00
2.526262963974071241e+00
1.584319839552548626e+00
9.299628981211237599e-01
2.797851786786680783e+00
1.351414541175075312e+00
3.030463118266915501e+00
2.268187616086942082e+00
3.314310018938683822e+00
-6.603015331667950738e-01
3.415913309252483820e+00
-1.392626370904887612e+00
4.112353016385700832e-01
1.654589994126812458e-01
3.214312500901792991e+00
2.948803331711133069e+00
2.319763159314837342e+00
3.185370293325945124e+00
2.968560982109157642e+00
