-6.178986786929320241e-01
-1.044819882787565879e+00
-6.612283274179189818e-02
-1.545798760510594949e+00
6.035082950239545330e-01
4.244888619462135887e-02
2.224005400577458158e-01
1.365092993106092889e-01
-2.258373131911268761e-01
9.720713569237340868e-02
6.145159603612813104e-01
7.556499879949278853e-01
-8.191683534267347744e-01
5.414036591260505960e-01
-4.094591324796209020e-01
5.867031639844174640e-01
1.674942777765002222e-01
-2.232211965570576884e-02
-2.876649841098843363e-01
-2.659462152239271127e-02
4.590164714941243340e-01
2.374854134176645343e-02
4.416889792865239667e-02
-7.614998191500984559e-01
-2.837829292374592915e-01
4.409685075344826344e-01
-3.402118336426454004e-01
-7.520944132798296211e-01
4.243893454742835858e-01
-9.302139021613328174e-01
2.179266098864456602e-01
-5.449147945835099982e-01
3.773894459541556889e-01
-1.840447139002018839e-01
3.116746887146710221e-01
-1.780322765433688670e-01
-3.774361127825701656e-01
-2.990198115131168510e-01
-7.963876804017392397e-01
-2.925591029196165649e-01
-1.453647557829483183e+00
-3.164785696673175219e-01
1.112321122616097835e+00
9.772054070583198471e-02
-4.076692400885228995e-01
-1.169876549717147052e+00
-3.890387859433095952e-01
2.012728993230372340e-02
7.149049510098647309e-01
-2.509081656581348962e-01
-1.146516993729797124e-01
6.917956647410287152e-01
2.007035423870275614e-01
4.460036082095296117e-01
-7.341569547452805877e-02
4.874760309519994839e-01
2.321701396544891827e-01
-4.508962856395633545e-01
3.768185576646719270e-01
-4.177677566592023772e-02
8.937861058246688861e-01
2.363454886673883037e-01
7.360939566425960257e-01
-4.891737104963310157e-01
1.137605768595864042e-01
3.697438945161159451e-01
7.899483684923925830e-01
-6.213483356397961344e-02
2.046404071989782469e-01
-2.635921679598117184e-01
-3.512176123669064065e-02
7.040199853284628828e-01
2.601193309806434373e-01
1.291379937077772044e-01
3.472887345440038853e-01
-1.598739025064436492e-01
-2.399374657713970738e-01
-4.189056871289057460e-01
9.995429939217110871e-01
2.493660342892327006e-02
5.417750653918175230e-01
