1.001172923783497232e-01 6.420042420583886855e-01 7.855663702709927282e-03
-1.982480164703203929e-01 -6.876346885408425591e-02 -4.249979395589053022e-01
-9.079289881673563434e-02 5.424192275981758460e-01 5.790480451708998055e-01
-5.765546434984993862e-01 3.737549680614285497e-01 -1.187766928178460579e-01
-4.608777102979252915e-01 -3.717462040852501093e-02 -2.248056765063237705e-01
-8.928896372834318473e-01 -2.895175117674132423e-02 -1.700128370208811926e-02
-1.338787645779064006e-01 -8.811267815765419509e-02 3.349112097772592722e-02
-7.881365633412681926e-02 -7.366187279789987441e-02 -1.199666296964532614e-01
1.518265574754097680e-01 -2.615212935233393043e-01 -3.478600832704926704e-01
-5.821729065939158093e-02 3.448117669468566682e-01 -5.751806560945534053e-02
-2.075081209063487364e-01 -6.025986840994138616e-01 -3.734183696965717725e-01
-6.358293213994028470e-01 2.394394469654596569e-01 -3.080234886358412250e-01
6.756036148473704150e-01 -2.106337218655452148e-01 -5.552315731830275158e-01
1.923718937600026324e-01 -7.082392779636451641e-01 -2.702489198157105310e-01
8.290707579200257138e-01 8.594357246475189602e-03 8.603265942822384549e-01
4.308121707673081419e-02 -3.529298263389412105e-01 1.971572284647755691e-01
-7.335147420064663804e-02 8.345644480452352187e-02 4.317138137418456978e-01
-1.048330346418479886e+00 -1.254695669992947016e+00 -2.087930100760069380e-02
8.572675659208791807e-03 -3.971709770370448478e-01 5.692865370725956886e-01
3.682615125815743018e-01 7.534782395064614224e-01 1.387693071355169394e-01
-5.423152813339712219e-01 -1.619491752436537091e-01 1.267122455713020623e-01
8.940119607032182003e-01 -9.123071582742262597e-01 -3.341008748810514462e-01
2.079759567354500238e-01 -4.165379174233559967e-01 2.757737842473899081e-01
1.457148138131644233e-01 -2.909037270707641731e-01 -2.415599142978122615e-01
-1.965929791622597067e-01 5.783539735454351627e-01 2.051740644014921067e-01
1.520356840158802458e-01 3.834999567943815357e-01 3.557654764321263596e-01
2.833290139675136987e-01 3.388546629591014381e-01 -2.553961775676354962e-01
6.140815223357262154e-01 -4.983269556612650031e-01 4.073663117810412404e-02
1.819970081437971843e-01 -8.102595178238940488e-01 2.464403050562501661e-03
-7.616045653107099689e-01 1.994843543469706770e-01 -5.881181724744003469e-01
-6.306994543040550516e-01 -6.752325963006157172e-01 5.867162144434711069e-01
1.130784477188648829e+00 -2.791790111765394267e-01 -9.725533842175249077e-01
7.468001118770009605e-02 8.798129102968922644e-02 6.716689861380709115e-01
-9.022823124112808735e-01 1.501279660440924257e-01 6.236293411748413673e-01
-5.489145253465547158e-01 2.032522027611523893e-03 1.514292918235442542e-01
-1.212648654758609723e+00 -2.582193151996850511e-01 -5.038144449242487610e-01
1.757003533355085412e-01 -3.355591342037347324e-01 4.234027943266983202e-02
1.560060660420475309e-01 1.561091837731506671e-01 -9.164064259855221328e-01
1.029257204865022535e-01 4.292152639660252178e-01 1.296180956090302594e-01
1.824555996124670232e+00 -3.836638545676376300e-01 -1.826516896643149424e-01
3.609485510390045837e-01 3.542031807275744515e-02 -2.568317043250371023e-01
6.889828835631405246e-01 -2.921797290610350095e-01 2.366455993815787251e-02
2.684351881178625998e-01 8.709256494650233771e-01 1.295408516799704569e-02
2.387731292021811669e+00 1.730877428207761026e+00 1.766722475716632879e+00
1.284759352369627128e-02 -3.257259804737779874e-01 -2.626406451709902279e-01
-7.780154222111752838e-02 -3.069822140041694736e-01 -2.943003855993087670e-01
-6.389644867294432817e-01 7.149470228659483839e-02 1.008179796259532912e+00
-4.256799623566682317e-02 8.110370271270017639e-01 5.235306530648438095e-01
6.301482963286643424e-02 -7.232041276249535633e-01 8.723517451612665397e-02
3.011026071420894734e-01 3.344175612740172832e-01 -4.571538331865520610e-01
-5.264970270333372282e-01 -4.791493028191093906e-01 -8.197634317920295954e-01
1.036438257180393729e-01 -2.480158438591317238e-01 9.851298588504895370e-01
1.285693931383031785e-01 -1.393296291339038429e-01 5.471304568231841969e+00
-7.940391195943031777e-01 2.614178704016708807e-02 2.467535869280100547e-01
-2.267538878671635783e-01 2.059501944005034113e-01 4.927946748778086472e-01
-3.055616528707914004e-01 2.949254306320432950e-01 -2.798449915146871136e-01
1.106746684141842962e+00 2.954535025257122305e-01 2.986723136563851910e-01
-2.736361867804033010e-01 4.760560951733122659e-01 -1.204699236820099939e+00
-1.390278174671008560e-01 -9.585372471308661879e-01 7.237643413478632437e-02
-1.419439986890315974e-01 -4.818102959408531172e-01 -5.442455511476221308e-02
-6.577003439220981129e-02 -5.169379449763126244e-01 3.212751229666657715e-01
-2.883837447279583369e-02 -2.216097719610591044e-01 4.761583381762239386e-01
-4.916092167226072951e-02 -4.439903137695252466e-01 2.853345878625530019e-01
-2.233776842078556979e-01 -3.871571363527931409e-01 5.045350137763938703e-01
6.875506911866696713e-01 1.343401678064459481e-01 8.514232757621387204e-02
1.270892477838975854e+00 1.559909794510989212e+00 -3.463684519929498551e-01
8.190775813076194289e-01 2.484417182914616939e-01 -5.172851122180298356e-02
2.346761806913475024e+00 -8.290023378981141444e-02 -2.685281066761247892e+00
2.254961889837339140e+00 1.387266339477820631e+00 1.950912044102757203e+00
-3.866853790357174248e-01 -7.800094677979997615e-02 9.470454178820282287e-01
-1.317670972134739327e-01 -1.402055328448339466e-01 3.136102248288406558e-01
4.054188136603991688e-01 8.116306592482139814e-01 -1.279748901073824718e-01
4.182796189523880354e-02 -1.309809156464993296e-01 -3.694809937741792005e-01
-8.772870702218474870e-01 -1.014902354730038425e+00 -4.171893475132932849e-01
3.188994205157056477e-02 9.725807668924249527e-02 1.093847744772989072e+00
-4.463205549612863504e-02 -2.583028324819667751e-02 4.352690865274455034e-01
-1.607899863550826536e-01 -8.691020953342120103e-01 -1.281908839318996740e-01
2.894371172791235236e-01 5.540792239927148088e-01 -6.046713709778970269e-01
2.948445109779166406e-01 -4.493760478593970542e-01 -6.572988476557313220e-01
2.051835393288493625e-01 2.599759260433878172e-01 -8.278899914332454868e-01
-1.824554356048848858e+00 -2.241825189840118415e-01 5.941934733707117111e-01
-4.861600840106704013e-01 1.584241340203969839e-01 6.703982699266614054e-01
-3.839953006614297282e-01 6.691694849280322988e-01 9.839938371082575241e-02
-5.139472606662096599e-01 3.394875117878153326e-01 6.063527604240614988e-01
-3.556013114922111917e-01 4.293972574870856262e-01 4.942450115270130562e-02
7.950310204603330266e-01 -5.657712494892245259e-01 8.852315290905196643e-02
-1.468489940970957308e-01 -2.402094343378777253e-01 3.442772274639128993e-02
5.416785199801502637e-01 -5.989698201045113857e-01 1.349072384062914409e+00
1.487188197347856511e-01 -4.995988828255820691e-01 -1.930433467199415554e-01
-1.335736207046152313e-01 -9.031790767760129457e-01 1.992211617449268779e-02
4.507341452568437434e-01 -5.173214834735246903e-01 -7.004971043144984921e-02
1.145311675481204966e-01 1.073778988389011146e-01 1.223978818325463166e-02
3.189199636087799994e-01 -1.107495563651717529e-01 -6.372151750457292207e-01
-4.211982706748204630e-01 -2.279529525439125126e-01 6.472455269243262976e-02
7.601717814165942499e-01 6.989695685554300209e-01 -1.114003329622625271e+00
2.733904806242712926e-01 -3.320292780499024543e-01 2.084477689057615268e-01
-5.031066217959937470e-01 -3.611104627306558901e-01 6.240026038505829681e-03
7.751033917666252382e-01 1.908554151725032344e-01 -3.591396748196740152e-01
-6.191697995015903455e-01 -6.177415615961628914e-01 2.567223973124658776e-01
-2.789917759035880906e-01 5.634599394504296033e-01 7.584682393465081995e-01
4.842058309708464903e-02 4.351797614100366002e-02 2.565252718814798882e-01
1.044760751550772859e+00 -4.375013071333163639e-01 -2.568553843838828343e-01
-3.032367623482706276e-01 2.177859460525894408e-01 1.321092909760219758e-01
-1.085838316986126040e-01 -4.108160997187484398e-01 -2.164837227894894911e-01
2.198367323755404001e+00 1.355467851329788420e+00 -1.385349439399947979e-01
1.456095519171910629e-02 -5.455214231031046968e-01 -7.505242828232203678e-01
3.159222057696161462e-02 1.324712916604158797e-01 -4.004029191466791926e-01
6.346758769342484285e-01 -4.486820749874779329e-02 1.017325506744731628e-01
1.706720342555824443e-01 8.897546893208346797e-03 3.463759008294234332e-01
-1.616806817636361193e-01 2.662864385250497401e-01 -1.042238767725711529e-01
4.204958784697400143e-01 2.155729414643289543e-01 -9.063208258771473513e-01
2.889985061502419947e-02 -6.695660821393202289e-01 2.218195961102007452e-01
-7.883747850307890603e-01 3.492628086021672962e-01 -1.185225911400694387e-01
-4.388285886985004297e-02 1.169974876405315140e-01 4.379823803684487205e-01
6.489959176239427086e-01 7.806604379477569688e-01 -3.718628240741110869e-01
3.751277062229739778e-01 2.072173293361495028e-01 -4.229544505443149638e-01
-2.736379445112729902e-01 1.135140228280913377e-01 -4.397466911179293003e-01
1.350715805213529019e-01 -6.380357202167977748e-01 -4.644314223783929663e-01
1.224167100588996887e-01 3.500637067458158003e-02 -3.420070012103446633e-01
6.650448001447348267e-02 7.519712420911351947e-01 -5.391974886125331379e-01
-5.241373110217206754e-01 4.780428251809191176e-01 -2.583489660106302321e-01
3.200394644601223249e-02 5.849734812526905525e-01 1.234202112853114396e-02
-7.420881145049925687e-01 1.566428419758512991e+00 7.708471436071633320e-01
-2.660647699191426852e-01 3.448642114899145850e-01 5.192950396464462992e-01
5.187944386136373459e-02 9.067537602337818470e-01 2.023855070822092872e-01
-3.112298712508728554e-02 -4.884408664726367366e-01 -1.088206144723553453e-01
3.126330974914142136e-01 9.782933487464143818e-01 -8.569135758467222308e-02
-2.430764477381247846e-01 -9.189956926240250290e-01 2.047933938906153217e-01
4.973887159441811034e-01 1.062931052583963309e-01 -9.553368172299801786e-02
-2.241401153360279286e-01 6.715800919495470422e-01 -4.672058298918063124e-01
3.875251496096032144e-01 1.215063167996759397e-01 1.718712665850513910e-01
-2.825906997891071692e-01 6.722401662885720830e-01 -6.939344320806302147e-01
3.336975876720151835e+00 1.020520021723777537e+00 1.235165124850294394e+00
-7.932413707101608480e-02 6.564093462958202618e-01 2.786457111892774452e-01
1.582988386167989980e-01 5.960672847657845219e-01 -1.170005518519890014e-01
1.653085324570186532e-01 1.727051011431452454e-01 -4.633581301571112337e-02
2.040304605183134723e-01 4.544140208621106347e-01 2.208703066447113839e-01
5.483353779934311278e-01 -2.989409436105502360e-01 -2.922372367519429637e-01
7.798475078478307454e-01 7.034783910694567544e-01 4.349971631216039136e-01
3.526184311164812790e-01 -2.674249588562308544e-01 -5.480132002678685943e-01
-7.105715183799644619e-01 -1.967960729275691489e-01 6.412744529974127028e-01
8.465916798611901328e-02 -1.033717106508552086e-01 6.731858806008405027e-01
2.116092033016231111e-01 -9.894599061475966018e-01 2.020343028724730025e-02
-1.279490026218949583e-01 -4.314395891430586882e-01 -1.285096315213562490e-01
5.160460854630912753e-01 -6.362398003295772764e-01 -5.841471486818315684e-02
3.371478733648752835e-02 -6.442814766874527255e-02 -1.168168206695121558e-01
-4.416348637055053095e-01 -2.912230419151520117e-02 1.138470264707713842e+00
8.087979884570883904e-01 3.823712613668258098e-01 3.279474865833797437e-01
-9.073714652743214426e-01 3.584564410023345360e+00 -1.992444379717267511e-01
-8.141243367139973097e-01 3.216505502812722073e-01 5.100919766620304330e-01
2.051150903429219685e+00 1.131505446309182039e+00 5.292613283361474047e-02
2.881540273113167849e+00 1.310829139129360055e+00 -9.253644499582911465e-01
-7.551527066706507918e-02 5.939446802817918147e-01 2.269195581751375368e-01
3.492205070798091171e+00 -8.248402785677306781e-01 1.373288380251446728e-01
-4.359794671878710615e-01 2.671498434603899463e-01 7.303841157933752548e-01
-3.900485337854505130e-01 -6.493471013105606149e-02 7.561221722481270557e-01
-4.175189595045128432e-01 2.947245108082817144e-01 -7.190762044232879013e-02
2.446846046439475342e-01 7.783705363929699361e-01 -1.939114477189554098e-01
-4.147299862303172047e-01 4.852010655973135189e-01 6.068853868524903827e-01
5.802865522707526535e-01 1.657878440515033747e-01 -5.329890243661315058e-02
6.502015438568569117e-01 4.303983738104606993e-01 6.555836387589235592e-01
1.130077031761564238e-01 -6.409993434594128958e-01 1.661271342805962503e-01
1.897275718624915827e-02 6.078424627656348056e-01 6.449765046028151927e-01
4.671952517677226968e-01 7.827910709764716035e-01 1.404387734663210263e-01
-6.075504405704454935e-01 1.567127608974706321e-01 1.352214142070477104e-02
5.734427454552978309e-01 -2.697554783162745551e+00 1.700303537715767366e+00
