1.292079628127950963e+00
2.627034741714043609e+00
1.544533300927059871e+00
1.838335302828015383e+00
2.839327536531523144e+00
3.094272522252584645e-01
2.206292657611216013e-01
2.605464058707319008e+00
9.742643214992284806e-01
2.275726979577319398e+00
4.509808537114864957e-01
8.957087374636878430e-01
7.624693433049538616e-01
2.055455668435810068e+00
1.433114572125352426e+00
2.133032276902145696e+00
1.728884941411508835e+00
7.270116938032965548e-01
1.159201630006563510e+00
1.019781678222707377e+00
1.729048718698024789e+00
1.994709850296189968e+00
-3.422838140354972913e-01
1.802627295879556169e+00
2.061047889967319691e+00
1.655042728264005447e+00
2.011222097784028051e+00
4.707933499007659339e-01
1.738593744346933256e+00
1.692020394999166566e+00
3.065643508218534596e-01
1.476091467304445848e+00
2.033430576588873606e+00
1.035025714404654185e+00
1.911496108053269083e+00
3.238797853053451803e+00
2.100768627585555492e+00
9.882519742391777662e-01
1.027281812902959057e+00
2.083271548449923571e+00
1.941554282009483323e+00
1.053960353710305942e+00
-7.028227027668297947e-03
3.092814307810970664e+00
1.970643542146909954e+00
1.070208057779958200e+00
1.680772505954618801e+00
2.292332698562614457e+00
1.837050163966925442e+00
9.044810385998827140e-01
-3.018471638459680473e-01
5.114243289822978378e-01
8.004794220916592318e-01
-5.009934217415548119e-01
2.479754308633363546e+00
2.974997202203067292e+00
-1.069162775370151724e-01
2.141828338798385634e+00
1.226296449496815821e+00
1.752490112058807670e+00
1.856861321336354287e+00
2.499353751630115195e+00
1.221802961994399972e+00
1.640579057657081341e+00
-1.794794599217934272e-01
2.310829860429941096e+00
7.887165890202129104e-01
1.794766827593927028e+00
1.316401721586037965e+00
3.208832857193272936e+00
1.318338294966151070e+00
4.863367211054837047e-01
1.961108336094681048e+00
3.514510949728362754e-01
2.022316391199581620e+00
2.919059487516149076e+00
1.846947650878663083e+00
6.282344093853639011e-01
1.054397677586316195e+00
2.873484052853882087e+00
