-3.298685401835996789e-01
-5.951018439458435338e-01
-2.753817866774436497e-03
-4.986051424123477682e-01
6.753822537142309956e-01
5.698398367977443035e-01
5.642767902540759550e-01
-1.048191856136809763e+00
-1.461307006426405763e+00
7.064572975181941938e-01
4.082136472104693214e-01
1.628758345118606732e+00
-5.388971010600038802e-01
-1.111515090222918278e+00
-4.723351698060671011e-01
-3.344176971230347073e-01
-9.286196356828099185e-01
-2.548890847770312607e-01
6.873997472450280588e-01
3.614942172368754841e-02
-1.049747764394529437e+00
4.867624831752963011e-01
3.160461265817810506e-01
-2.817914977398395249e-01
7.531178282000056123e-02
-1.232511758362458076e+00
2.170202750087062871e+00
1.954478054076214943e-01
-1.855424877833464770e-01
-1.057208634684630583e-01
6.540859991079476243e-01
1.452595019821322497e-01
-2.489969270122242007e-01
2.122396705230151781e-01
5.797292117481187557e-01
-1.236464786251545878e+00
-1.867432822429439532e-01
1.437595548257888156e+00
-4.087818560736388163e-01
4.230379986268282266e-01
1.498895840275440650e+00
1.742981310434827735e+00
1.123125047734213622e+00
6.448845516769188997e-03
1.658578928135337194e-01
-4.417670813236025951e-01
-1.082879403829468457e+00
-9.400957904879581051e-01
-3.068599149815368632e-01
5.150899743688761717e-02
5.051776710612949639e-01
-5.097460569891514720e-02
-1.455839219289206399e-01
-3.867933065844182949e-01
-1.689420126694151980e+00
1.300276111141663027e-01
-1.349391643367924831e-01
-1.175253684310431906e-03
1.844540217323603903e-01
-4.497647295813665402e-01
-1.732286319853836853e-01
8.961066951253329194e-01
9.124599272179879927e-02
8.739366145439074751e-01
9.936395618068560864e-01
-5.866073933507599536e-01
4.952257879539403440e-01
-1.528476155589249819e-01
-7.907832760722416365e-01
-8.332097302801633187e-01
2.321947979006052099e-01
3.059768898099619050e-01
-1.126037829292675152e+00
7.274199872541433631e-01
-1.524501879310312044e-02
-2.967266969485441441e-01
-1.016021724571603280e-01
1.829477045828936319e-02
3.768791369141768488e-01
2.528269744297134691e-01
