-3.975641027879219802e-01
-8.961704104192871334e-01
-1.597788109327348549e-02
1.352927484787844747e-01
-6.752973784697717807e-01
-1.184790891918357847e+00
4.395853327556840662e-01
2.118404608503816344e-01
-6.388590148357601306e-01
1.477265893323866097e-01
-2.464515048984659840e-01
-8.147227090789792570e-01
6.044175067887871400e-01
1.491656803967059908e+00
-4.158700450359461565e-01
-2.986237840319756476e-01
3.140778240454331072e-01
-8.694128863530070639e-02
-9.266561135296464968e-01
2.628459101524626140e-01
-1.385908040150671372e+00
4.687666114514363325e-01
5.816140655107657764e-01
-3.964298940805848770e-01
1.032618987706459102e+00
4.606507764766776952e-02
-5.683938421757728232e-01
-2.937750841113479616e+00
-6.775927792123165316e-01
2.481297860509550923e-01
7.793688625968664407e-01
1.634219866811346955e-01
-5.891368799937799494e-01
-1.298393974695091768e-01
1.633245517945406677e-01
7.641078590058840436e-02
-3.716162016571785132e-01
-1.261718898227794261e+00
-6.669279357708646216e-01
-8.374635396922273101e-01
1.188577352584224256e+00
1.480369277187088273e-01
-6.835274466266169080e-01
-4.415962819245355941e-01
-4.381788180492151019e-01
-5.753443519993057809e-01
-2.318026632460293002e-01
-5.126783707620755637e-01
9.470896889009124964e-01
-3.409306202887568693e-02
-9.215588985696085977e-01
1.847257339285507671e-01
4.116944635600636171e-01
1.935063497519395326e-01
5.888865941506835067e-02
8.446302964649958778e-01
6.522235307423680517e-01
2.628926463941064218e-01
-1.717122539026411099e-01
1.155727926697864144e-01
-6.086342453436887068e-01
-5.896477395470056670e-01
1.717203289007564748e-01
-8.152912361272300901e-01
1.503676569771029113e-02
4.669464063542529964e-01
