4.898070725617689192e-01 3.375316839403068037e-01 -0.000000000000000000e+00
7.748681690818119971e-01 1.483562177453449649e-01 7.892072883148970163e-04
1.543622852538396872e-02 -0.000000000000000000e+00 1.454239252898393599e-03
8.140281702533879241e-03 6.974131026332552191e-03 2.082918477100466625e-01
1.570771963713614439e-02 1.143879267274980898e-05 -0.000000000000000000e+00
3.550440208942916565e-01 4.741461740936387392e-01 8.250541915064978776e-03
2.193040437827247779e-01 -0.000000000000000000e+00 1.175617255669876224e-02
2.332373694909347858e-02 1.150548953887259168e-01 1.053105813992873674e-01
5.906646935306692110e-03 1.423187607402004364e-03 3.728540399448755926e-01
3.626473913869757704e-01 2.595670002171189539e-02 4.594088285652450990e-03
2.373336828780795923e-03 2.181324710751700868e-01 5.250661608279177939e-01
1.415249472708777490e-01 1.773665191064900237e-03 -0.000000000000000000e+00
3.706336858236161658e-02 2.099090666032002103e-02 4.633659475327726873e-02
2.761600152087964055e-01 1.177010130144279416e-02 2.325536953361954495e-03
9.806664856880560957e-03 -0.000000000000000000e+00 1.170424882293155666e-02
9.417939713700668181e-03 1.842634857381542784e-02 3.802883829181625402e-02
-0.000000000000000000e+00 2.392128149717569381e-03 5.836075657427907126e-01
3.122947568344014695e-03 4.936744178681928483e-03 4.191772342363445092e-01
4.900938405505153410e-03 2.800944246050255521e-02 5.956147302465860660e-01
-0.000000000000000000e+00 7.590166618693461667e-03 5.468203306922504447e-01
7.316643719685961278e-03 7.109884491409739415e-04 1.666139572594357021e-01
3.468089536739095272e-04 2.326565835921678704e-01 5.641320384005399369e-01
6.178375525194408635e-03 1.776625908063331205e-01 3.436232801348628740e-01
6.967153891747798755e-02 1.517106943114367168e-01 -0.000000000000000000e+00
5.106694021493089156e-04 -0.000000000000000000e+00 9.660127529320107487e-02
1.320893845123232054e-02 2.218413535437366128e-03 1.257049785566310236e-03
1.361079328200782111e-02 9.982967836417764307e-01 3.073330087655066767e-01
1.345031236757158154e-02 7.044873230622100690e-01 9.757452238845313111e-03
1.743571469388153772e-01 1.296893990164240881e-03 2.614964406528133643e-03
4.341279466287470412e-01 7.721939305083683758e-01 3.126179336774056864e-04
5.129880037998041376e-01 7.968484431440969740e-01 -0.000000000000000000e+00
-0.000000000000000000e+00 6.586453710251322091e-02 3.662692380435907391e-01
1.708466601831027110e-01 8.948327209075394861e-03 2.227720187448127553e-02
9.948778573025948008e-03 -0.000000000000000000e+00 4.969888396961416425e-03
-0.000000000000000000e+00 3.660438018649801121e-03 6.135474628403268793e-02
2.657253453801594056e-01 1.780164175375238411e-01 1.579739879269877190e-02
1.797742742178270190e-03 2.107187678596308678e-01 6.168861533435775479e-01
1.280299820761490563e-02 3.346681819971222827e-02 3.383532921258152193e-01
5.787726330554550103e-01 2.428232059313506219e-01 -0.000000000000000000e+00
1.931038355598843070e-01 1.170776817947562776e-01 5.414414880692005640e-03
4.223252368769113141e-01 4.723184582778668372e-01 9.692610404314946915e-03
1.211209039332802710e-02 1.030946409717841718e-02 1.437402274179504225e-02
4.849439400609696360e-01 2.106773524622452751e-02 -0.000000000000000000e+00
7.829954210693421679e-01 3.307478484918812984e-03 2.377988637104601864e-03
5.455054945980686125e-03 4.136998488770574633e-01 7.463243078738468483e-01
1.536327866105382601e-03 8.247147041781896547e-04 2.374416343455396927e-01
5.037003930886724268e-01 6.499319616418177681e-01 2.495787553060987811e-03
4.388448533266473819e-04 4.527064086182147618e-01 4.230586639522159187e-01
8.636691279800220444e-01 -0.000000000000000000e+00 -0.000000000000000000e+00
3.895856843050218288e-01 7.778891025244588642e-01 3.898760418268508183e-03
4.213702023693310060e-03 7.008214802871864935e-02 3.879214170438330389e-02
4.783451375842759923e-01 5.626214978234865827e-01 -0.000000000000000000e+00
2.120524653559994477e-01 9.903943365953198422e-03 3.863323212893936525e-03
1.470096260912354645e-02 6.458931260273833574e-01 1.939802992095457645e-01
5.582128404907590186e-02 7.629739646728560427e-03 -0.000000000000000000e+00
7.408860926294238980e-02 9.485765052743360196e-03 9.256466287289421072e-03
3.355674273729051041e-03 -0.000000000000000000e+00 3.995732431611933588e-01
3.873886783695174585e-01 1.106619103562294315e+00 6.345376234367696919e-03
8.240091068060240165e-01 -0.000000000000000000e+00 1.498549071671776865e-03
9.919220539080472396e-03 4.774459771575028690e-03 3.967661600489382767e-01
1.704749050198064164e-01 5.001909868621808863e-01 1.735169057018325078e-02
6.857915605605554634e-06 1.297718011514659431e-01 5.130241533458849146e-01
-0.000000000000000000e+00 5.177753425263394993e-01 4.880118682118286810e-01
5.660504224489223413e-01 4.936648989686460466e-03 -0.000000000000000000e+00
1.423003102148755472e-01 1.098112928969624313e+00 1.690193540975791497e-01
5.828472452694155592e-01 7.229589091108704624e-01 4.385997978941942252e-03
1.142636690561328258e-02 2.962589611129468493e-03 1.192452946789517021e-01
8.131082650575278681e-01 4.738955086165070295e-03 -0.000000000000000000e+00
1.774502720411564108e-02 9.397403628593230529e-01 2.369934405311621695e-01
-0.000000000000000000e+00 2.265863451514070828e-02 7.074339895032301095e-01
-0.000000000000000000e+00 1.620827366768653132e-04 4.053445304264143290e-01
4.516542784872691618e-02 1.639778105557086404e-02 1.494340959359550278e-04
7.711989104889638291e-01 -0.000000000000000000e+00 1.136546340093339989e-03
1.045691969870748833e-01 2.803061013093104403e-01 1.465579431828772580e-02
-0.000000000000000000e+00 3.618139983399535353e-01 8.740120836964178075e-01
5.318636931312382098e-03 2.712746755315706415e-01 6.066951496297233737e-01
1.863460089186590521e-02 8.770654489551368282e-01 1.961407423102856651e-01
1.908839709715812738e-01 6.806495166780688298e-03 1.001025705862942754e-03
2.601145960309671559e-02 7.820597601201192406e-01 1.506007459501623458e-01
-0.000000000000000000e+00 9.027079315717342380e-04 2.396606436379343230e-01
2.394540401276108177e-01 4.209889013492734700e-01 1.409996313375614374e-01
