4.630225657301678122e-01 2.314047702210267343e-01 8.556061804028803897e-01
6.487552504190218228e-01 3.361752804001781336e-01 6.827172225025629482e-01
1.597252294466506573e-01 4.406181714032271213e-01 8.833705214164049302e-01
3.443938107137958227e-01 8.330187105983184459e-01 4.329812131434172540e-01
4.149278971058552529e-04 7.943153463968962713e-01 6.075055212203579469e-01
7.129984840508265531e-01 2.001889697887092867e-01 6.719803108098916233e-01
1.342374345242667855e-01 6.212368753149017514e-02 9.889999790797939783e-01
3.734221270796336811e-01 8.477996963066077862e-01 3.765522406648851850e-01
4.205359620535535914e-01 1.730332470188881977e-01 8.906228158125034655e-01
3.967532371709506789e-01 8.671424436750123643e-01 3.010827978674627814e-01
7.624680324647949980e-01 6.394251279204458127e-01 9.888379671708531771e-02
3.577840201270083842e-01 7.093987224042506146e-01 6.072429889203939668e-01
9.094370692744576656e-01 2.458254125104128718e-01 3.354013768510360483e-01
9.731821646006979520e-01 1.586404107839060190e-02 2.294881406603905272e-01
6.543533960240194292e-01 3.579732548551716187e-01 6.660906709452003582e-01
8.328618248946969560e-01 2.714850380060727653e-01 4.823246362896221884e-01
2.758039247712176789e-01 5.442076805885649460e-01 7.923195034007474158e-01
4.388789080708285772e-01 6.163320220111059289e-01 6.538502448529470712e-01
8.706743281400107504e-03 9.816238824397559570e-01 1.906272437122565333e-01
8.281881183579307137e-01 1.777474322698034959e-01 5.315169714432851356e-01
9.721653489526433517e-03 6.985037787171176349e-02 9.975101072994743134e-01
7.228490284521881248e-01 2.448036640165763833e-01 6.461891736556618637e-01
2.517848665718347423e-01 5.635761284444010810e-01 7.867568419867878582e-01
7.631197188088006955e-01 6.342142410469193692e-01 1.241796731291286565e-01
4.532282558249512983e-01 5.896459234206484767e-01 6.685071675870674079e-01
5.840719668623544081e-01 8.060221005879263378e-01 9.585567739767723860e-02
8.810176009432550970e-01 4.372023080497277059e-01 1.807266683812390196e-01
7.126877593785635456e-01 5.388108982666853786e-01 4.491758826350880640e-01
3.310550341795381879e-01 6.409105754644199848e-01 6.925577222168929348e-01
5.419323019568373923e-01 6.958585622502416745e-01 4.712645132394224223e-01
1.875435951357374564e-01 8.836174906349444358e-01 4.290076108503979579e-01
6.842519432464085893e-01 4.381150233885009598e-02 7.279284514472055267e-01
6.306163155774086038e-01 5.416935931160798967e-01 5.557797348811535088e-01
5.460008114150942671e-01 8.125548168536782523e-01 2.040533840492338713e-01
5.750404479848053585e-01 7.968742886099835498e-01 1.852561775859772331e-01
3.257228143795357633e-01 8.539488224812636918e-01 4.058029777805206018e-01
6.197555676712824813e-01 2.383649238508435408e-01 7.477200006807548371e-01
2.972672657134540763e-01 7.533925107861213499e-01 5.865423236447909749e-01
3.120187916734857292e-01 4.537174611727188833e-01 8.347363290702042304e-01
6.923469444893537439e-01 6.474505569351097778e-01 3.185333338611078813e-01
5.005578500791274532e-01 7.054105049959362717e-01 5.018344928017004491e-01
7.579987575770117392e-01 2.166048543138537896e-01 6.152399699299296865e-01
7.954482176672412752e-01 2.942804670649565302e-01 5.297746121833701860e-01
1.023572008105665815e-01 5.812826742684620296e-01 8.072381656224700830e-01
7.128399451228240036e-01 3.555361308048263225e-01 6.045273131378124942e-01
6.427963469073131320e-01 4.283984996369473719e-01 6.350492751837651939e-01
5.421607169367358425e-01 8.245476105247229182e-01 1.618116033806434595e-01
8.316345137183488168e-02 9.960133166587685771e-01 3.226938788269980568e-02
4.232759812706561875e-01 8.854462715043871501e-01 1.918914900623330255e-01
3.967719692927903496e-01 6.802101009703622747e-01 6.163491079910886628e-01
9.147002183608887727e-02 8.778376247704415825e-01 4.701428927918562262e-01
6.139089452283127413e-01 5.419379993191347084e-02 7.875143421027964719e-01
5.930527947718629012e-01 3.899628250591841844e-02 8.042186721060393673e-01
3.238165710082769322e-01 1.430505912758853367e-02 9.460117301724106920e-01
5.079048643728352186e-01 6.691219021819124757e-01 5.425021002418987104e-01
3.417138730450109407e-01 4.319550350710718578e-01 8.346535069388537620e-01
6.806316950575250213e-02 1.222434724126281319e-01 9.901635917409477017e-01
2.635892585371916730e-01 5.609406381537416220e-01 7.847714974764862239e-01
3.404974988657524793e-01 8.874287317630068506e-01 3.106955089917912138e-01
4.853183065352294490e-01 6.490158854414727063e-01 5.858707381209597997e-01
1.966161329121181994e-02 1.318341806851967835e-01 9.910767728919136488e-01
8.148657593883857908e-01 5.471958022427438895e-01 1.912342756524296195e-01
8.571718220053539117e-01 3.754426689150949237e-01 3.525610158794251769e-01
5.998246124148656211e-01 3.050878716453207518e-01 7.396835978418641044e-01
1.078354479384500547e-01 9.934116384956718226e-01 3.879217278341993980e-02
3.102188998340760784e-01 5.018002601255994177e-01 8.074408542572121261e-01
5.565588992259278278e-01 8.134260383622737844e-01 1.690570075645497772e-01
2.993526939406636680e-02 9.242753285727941526e-01 3.805509120182977156e-01
5.818003181905923027e-01 3.369670896228502133e-01 7.402442639186281870e-01
4.118856140253269182e-01 5.334232993309889759e-01 7.387894319018252220e-01
6.878244074897718052e-01 2.840581061800739326e-01 6.679884555699553417e-01
1.511550610421334984e-01 3.732239708384737509e-01 9.153447520540612947e-01
6.753600114721434178e-01 4.182639593272452494e-01 6.074077009984668596e-01
2.311851393809812305e-01 9.706773166841896616e-01 6.587092077827395864e-02
2.226255795999147573e-03 9.937372343265864494e-01 1.117199753762856268e-01
2.827209245848475438e-01 9.559373090515853599e-01 7.907426866625348605e-02
5.948317398046896187e-01 3.525012431567067783e-01 7.224389765882669456e-01
5.701733721634081320e-01 6.514583461088795380e-01 5.005040948492741615e-01
9.872838110442023751e-01 1.267818446766509899e-01 9.590120077674428589e-02
1.962924001755181058e-01 8.724237020796863362e-01 4.476004665803075544e-01
7.188379525687353944e-01 6.437701389615357872e-01 2.623585449880246889e-01
5.767880080370966223e-01 8.134279713642076359e-01 7.517000190839423501e-02
8.019035301237785740e-01 5.749846366229975914e-01 1.623064879249798975e-01
6.109889260296083036e-01 7.221392792803134064e-01 3.243568923110707325e-01
2.305905151894926397e-01 8.535453302959291610e-01 4.672134238596506450e-01
6.610990051321510297e-01 6.813545216533016813e-01 3.141721203988042666e-01
5.945611425021018331e-02 8.906280777655677383e-01 4.508287896462201960e-01
4.809858404914472141e-01 7.692951863129644519e-01 4.205205554576815774e-01
2.554754308292532250e-01 2.529991345366580102e-01 9.331257911805403982e-01
5.346209128646849384e-01 8.441984222509509861e-01 3.885232807356558959e-02
7.665459149891565849e-01 3.934160478644369574e-01 5.075738108848446561e-01
7.082582715420444597e-01 5.971894240498075712e-01 3.764771076643767533e-01
8.231980680586154994e-03 8.290155162756221996e-01 5.591650098748474074e-01
6.168929575167058088e-01 7.862112499632484264e-01 3.626223100580349551e-02
6.550838586801213115e-01 1.253854437672868687e-02 7.554521315091220490e-01
8.498941210722715800e-01 4.478859483002212705e-01 2.776295378413519699e-01
4.326190381824266962e-01 8.506661362425885775e-01 2.986769031114022699e-01
7.623708223835441444e-01 5.699830323753523054e-01 3.064475028164477810e-01
7.440285551551005794e-01 6.259333476270653174e-01 2.337283753466593283e-01
6.653186372320044617e-01 7.148596968685582143e-01 2.152364391657264064e-01
5.946029406348714019e-01 1.026500968694704780e-01 7.974398413680194864e-01
1.279135826569387513e-01 5.091017517166789297e-01 8.511483547366319735e-01
4.965620421565807296e-01 8.677986269750465054e-01 1.875316798597364415e-02
8.763097308274930830e-01 4.514477661238996964e-01 1.681551965262673420e-01
4.982759589508016229e-01 6.600452798472550286e-01 5.621932917449460332e-01
6.969368728491852627e-01 2.481984993055281474e-01 6.728123811328700077e-01
3.862846006918839170e-01 6.719257879564380920e-01 6.319018458173957242e-01
9.346449944874762883e-01 2.666189230340359484e-01 2.352723616570298881e-01
1.937370649061273820e-01 9.810514611972682708e-01 1.995034902925566043e-03
4.242826874539239179e-02 9.421615711735508158e-01 3.324626532635728271e-01
5.121700406819509332e-01 7.540883075384299250e-01 4.111358338331447260e-01
1.391259403175093001e-01 5.745351888042151689e-01 8.065688374568371621e-01
1.887561032516058002e-02 9.822742686779396548e-01 1.864965748427339920e-01
7.771629729942077791e-01 4.616988426429192716e-01 4.276118474843666473e-01
6.068306437299514355e-01 9.837047344925484160e-02 7.887203685614200266e-01
5.737120797886726686e-01 1.544584192061161654e-02 8.189113965942342865e-01
6.658128522635647917e-01 4.167345140496433453e-01 6.188906127583969630e-01
3.403036047602773229e-01 8.762207550734422146e-01 3.412193502216541718e-01
3.093075997750298067e-01 1.551206258179408659e-01 9.382251329863533496e-01
6.264043600006504731e-01 3.532090079561734930e-01 6.948819860025092776e-01
8.359646098731481345e-01 5.471659630159743104e-01 4.210201843661290355e-02
4.778428309764483350e-02 8.121055347924571732e-01 5.815507395303537441e-01
5.166298975220227074e-01 8.410293864695821409e-01 1.605089408132231166e-01
4.726413468825191866e-01 1.699055379416127554e-01 8.647209176340361347e-01
3.456384078437513829e-01 7.472471191416858449e-01 5.675877323882959624e-01
8.392071481221627383e-02 7.929798882828273943e-01 6.034403122135290065e-01
5.786652107904827202e-01 1.534835803555683886e-01 8.009927367848237445e-01
1.550803363670447688e-01 3.288278463597801848e-01 9.315698238622123206e-01
1.689820120311812390e-01 8.369250394170265617e-01 5.205780998147178096e-01
6.574515954251718419e-01 1.763938892855867469e-01 7.325589365338466274e-01
7.248012982190520370e-01 5.271000655950922598e-01 4.436536925909964624e-01
3.737145063511306264e-01 2.129941359324598604e-01 9.027574235646670386e-01
1.681126766748916590e-01 2.123389655988288383e-01 9.626267665246083238e-01
8.981274394525652349e-01 4.324298738581101031e-01 7.982171820649992811e-02
5.756340122164030904e-01 3.347539931100438904e-01 7.460464114762074272e-01
1.882276401825804246e-01 8.514400547032355826e-01 4.895101518030534060e-01
3.188591394585670868e-01 8.024836789875486875e-01 5.043300448539140834e-01
7.494487030436055575e-01 3.774191938442616329e-02 6.609857706694124424e-01
7.601936294966540331e-01 6.494806804792230270e-01 1.674787619219969548e-02
4.528045096683970261e-01 8.477237228440070993e-01 2.762834880181218589e-01
6.688657232258583551e-01 2.523150307205528353e-01 6.992537233122437801e-01
5.662479169433185522e-01 7.073400065281700844e-01 4.231234001116943033e-01
4.297407112247294547e-01 8.421707598125982575e-01 3.256859414109467554e-01
1.572141752568964879e-01 8.503465472226686694e-01 5.021896581220880451e-01
6.721928202366806993e-01 7.351320387628522690e-01 8.796418593171818900e-02
7.144829177155943567e-01 4.871235023932701802e-01 5.022199256388826250e-01
6.016580524191812440e-01 7.609367616320021899e-01 2.428638152466503775e-01
1.555654316015913641e-01 6.974220196123184223e-01 6.995726717436050457e-01
1.285675357687077747e-01 9.725136965389928889e-01 1.941326834678430424e-01
1.890606746106460734e-01 9.547365817505698571e-01 2.296391098724359647e-01
9.703190557805910776e-01 5.964503568457511784e-02 2.343574187160461508e-01
9.725335989553096638e-01 2.075448732495734430e-02 2.318353945343787914e-01
9.530117964357837090e-01 3.991335216965354038e-02 3.002922579302064743e-01
2.703317795258817213e-01 7.267908884678274672e-01 6.314235768630406254e-01
9.354870193939369971e-02 5.073708119810074191e-01 8.566349861610765837e-01
8.569570300565162446e-01 3.590093959735352058e-01 3.697795319368453737e-01
4.273141694480474262e-02 9.965106553437772519e-01 7.169755778410356883e-02
4.573602233000535477e-01 7.580540579566998893e-01 4.649469554242779967e-01
5.064940612517865315e-01 4.344683099235002732e-01 7.447825545680355486e-01
5.743324817571057173e-01 5.067682454473363407e-01 6.429060163079454160e-01
1.173612020692534619e-01 8.011637023196822582e-01 5.868245652103186716e-01
3.747611018124605287e-01 8.516798454734297863e-01 3.663271180006542616e-01
1.533718380122568170e-01 7.543568051935066743e-01 6.382968664837607164e-01
9.662268811542749913e-02 5.364284810225660172e-01 8.383964103508383392e-01
1.074069478355377597e-02 9.477890759034108825e-01 3.187169670314479730e-01
1.426289081132743053e-01 6.484048437922553809e-01 7.478155876398646651e-01
5.700691928684313847e-01 1.047540457755656435e-01 8.148912229469562618e-01
5.679186716337381036e-01 8.155588767167099018e-01 1.110499933289008784e-01
7.090234226152134500e-01 3.631386456132353335e-01 6.044965758754912155e-01
5.793428695984320642e-01 6.384795572045498524e-01 5.066613212761916785e-01
2.032350923930479891e-01 6.130270235951337243e-01 7.634745349794455072e-01
3.157980805792455770e-01 5.232915857744513399e-01 7.914780404787770118e-01
2.114069843854599617e-01 3.537263498376930770e-01 9.111447505108878353e-01
3.311019597075577914e-01 2.636358027639641114e-03 9.435913002429414664e-01
6.470055546091646459e-01 6.027182838603422077e-01 4.670272825064199496e-01
7.759236575393049229e-01 5.973383606997713091e-01 2.028037487507013403e-01
1.794471840457848300e-01 5.825676797710508392e-01 7.927254295304351217e-01
8.656379480336005017e-01 4.637741227853792170e-01 1.886385590456776395e-01
5.878028644952987269e-01 7.068561561136693649e-01 3.934998946065034753e-01
4.304496482603888952e-01 6.446940295524536957e-01 6.317299332562353875e-01
5.823754989392456727e-01 4.413586952907858629e-01 6.826721616753388400e-01
7.953670322197486930e-01 4.072734552504992944e-01 4.489093635760660339e-01
1.615265880202673143e-01 4.333020221980602438e-01 8.866558063429137437e-01
2.654000828265299372e-01 7.228893820757066324e-01 6.379606079671957808e-01
8.123965639921062465e-01 4.922213187244957044e-01 3.126179716633994965e-01
6.936453680883718498e-01 3.882178484647950123e-01 6.067478928376370817e-01
1.689285131624841951e-01 6.781946266147741431e-01 7.152029123763127272e-01
9.187478272249107736e-01 2.441253747129316642e-01 3.103308418297742732e-01
2.444409238910491252e-04 9.612228033515592962e-01 2.757728459540647048e-01
8.316966731336349339e-01 2.683773725819007042e-02 5.545812652418977695e-01
8.247980484394992207e-01 4.892928865402363520e-02 5.633064033030379392e-01
7.973856636676909804e-02 4.881342399200447879e-01 8.691183606687022944e-01
4.696869793867514686e-01 3.467813454968767806e-01 8.118724282853342356e-01
8.414091483416447081e-01 5.267287398398691201e-01 1.207786393104824940e-01
7.643296815564956104e-01 6.238026071980614651e-01 1.633108849545774066e-01
3.913470823714319535e-01 7.924131553591795551e-01 4.678983354673068584e-01
4.988226770439964097e-01 6.993642615940807161e-01 5.119233990272638035e-01
4.999117570530992732e-02 6.744513433826632154e-01 7.366249166033699280e-01
1.887375989015709632e-01 9.149136250417189142e-01 3.568069190387019862e-01
3.367990341936915044e-01 5.617666806057105555e-01 7.556352341754838386e-01
4.852385542661338258e-01 8.742692411344507031e-01 1.402994867788521539e-02
6.580465724744348766e-01 6.652487917650287130e-01 3.527304261186122725e-01
7.084851390222731693e-01 4.720149193117527120e-01 5.246434253201975872e-01
7.743756739605285322e-01 5.338149295032984520e-01 3.396821111238651492e-01
7.944179441583291146e-01 5.726521439210852105e-01 2.024096145489106546e-01
7.107170340714082934e-01 4.368518648941370208e-01 5.513998056032078932e-01
6.049599807170717991e-01 4.703825193118008618e-01 6.424668919537283029e-01
9.509208557495538727e-01 3.089012958939896247e-01 1.815256168010710019e-02
8.940936573332172177e-01 1.998520674243308981e-01 4.008187658565051104e-01
1.866532752116924487e-01 3.275906241595487600e-01 9.261991890600561605e-01
8.515619734206207880e-01 3.087189562541045040e-01 4.237154841085631340e-01
