1.702797906406803730e+00 1.293328035409028853e+00 2.605705673629095109e-01
6.809249551193216066e-01 8.985851278289384153e-03 5.500419290403973926e-01
6.726034815164518843e-01 7.459666353782199930e-03 1.683187664246051929e+00
8.035979267949596716e-01 2.418945799640963984e-02 1.983717529856964701e+00
2.946467495779623302e-01 1.289140871140005196e+00 2.027531570580029197e+00
1.527530051049393434e+00 5.055660576581217924e-01 -0.000000000000000000e+00
1.477150543796311097e-02 3.579000870881707957e-02 9.272065984588316878e-01
1.227869648582703421e+00 9.333964235172461654e-01 1.200722654654828636e+00
1.234533403539355735e-02 8.532398792908471030e-01 6.875268869604147515e-01
7.053174346844273135e-01 7.596250127446287914e-01 1.036418514819326342e+00
9.138392549930841602e-01 1.415496745362719924e-02 1.676429061527263675e+00
2.119450499490229678e+00 1.102088425663973359e+00 8.887726494785667120e-01
2.674187411686777538e-01 1.759792546486497189e+00 2.224665969562978241e+00
1.102691419681393947e+00 6.527061319351822322e-01 3.411630156797026969e-01
1.643420872805494981e-01 2.123968380551191970e+00 4.753984862189875593e-01
1.121374125363266527e+00 4.196644764529613991e-01 1.704498238128087095e+00
8.403748977998675151e-01 1.006963622109295908e+00 6.878304102759227323e-01
1.612208519421719499e+00 1.178669973196101006e+00 7.419956463515197109e-01
2.501312726031556730e-02 3.669788098564065737e-01 2.032731359825013240e-01
2.514434173016769414e+00 2.911871366618443147e-01 8.177521672346128520e-03
4.490436194097010558e-01 1.138521911299868572e+00 1.557243950058045945e+00
1.124893689417823639e+00 1.803257847965382410e-02 4.400165374855591338e-01
2.436324213262341942e-01 2.342055285297961476e-03 8.641930341059510523e-01
1.445857201196287540e-03 1.769767268761531120e+00 1.422279297805790987e+00
4.055827231908900742e-04 1.988804149738441884e+00 1.921121409806967901e-03
6.596572965392265564e-01 1.530197149510595711e+00 5.134677531736754341e-01
3.394201748135704522e-01 1.219142929270427445e+00 1.486154030544297289e+00
2.136209144879396504e+00 3.677540621989373870e-02 1.963018772934294331e-01
1.263242804837254152e+00 5.667784288474430054e-01 1.234708139976955499e+00
1.021709741648857195e+00 1.982299230260501852e-02 6.146972166636831617e-03
9.476042204870054331e-01 -0.000000000000000000e+00 4.897472016608616641e-01
8.454287546621463978e-01 3.012474221374976113e-01 4.172437880726348469e-01
3.117667724943315455e-01 3.628603315108571148e-01 1.060926277975997589e+00
1.236981477479283331e+00 8.550288031795508781e-01 1.652937471520475321e-01
8.386530191075031171e-01 3.508655313258918652e-03 1.406355883014785313e+00
1.382016489678921323e+00 4.345836965617649872e-01 6.781071419908892839e-01
6.920614850900100867e-01 1.384903404369271174e+00 1.349587542832444864e+00
2.898439879482741510e+00 2.811434505363927361e+00 1.195840857396414769e+00
1.225515878526278524e+00 6.378601905394667426e-01 1.168872531493340805e+00
6.802749669673699984e-01 2.134404851231428216e-02 2.049757064927739680e-01
1.776339348728622758e+00 4.088924660502439856e-01 6.297235747382002868e-01
8.450731575521929217e-01 1.013933935538542525e-01 8.313406352808694333e-01
1.741568300602899244e+00 1.708168939437760381e+00 6.225923864976113699e-03
1.203836470074542975e+00 2.209298922162691303e-01 1.563371561468543391e-02
1.202798471803652181e+00 9.726641873966827001e-01 4.430522431283715479e-01
1.560062077519097201e+00 5.186699942017125586e-01 1.649406620533117596e-01
2.968592333261060173e-03 7.819733150710914682e-01 3.454529781651079490e-01
1.213368390937016539e+00 2.401799734285527510e+00 3.012431254257007307e+00
2.556653433663743646e-01 2.394990940826557946e-01 5.566237373992909410e-01
8.963287875979008001e-01 1.331345865803527984e+00 1.405906911114844678e-02
1.628093943075097139e+00 1.204290858144584142e+00 9.751215768554735153e-01
1.187948142056908463e+00 6.190800407908988445e-01 1.016744810906812235e+00
1.442336996035997077e+00 4.969619066218025072e-01 1.648814756628794287e+00
1.742578463346299705e-02 1.274052881044562824e+00 1.353781162354414369e-02
2.544033856234597213e+00 1.136007124849741784e-01 8.991819879186946363e-01
7.672995163729550150e-01 1.272005440748839866e-01 6.491924783556072276e-01
2.637994804411198935e-01 4.525405838056085206e-01 7.212453760547963277e-01
1.070843516697681075e+00 4.616431283318175871e-01 8.476149256360695494e-01
9.397787737230743899e-01 1.069481064186979413e+00 1.758710415981418890e-02
1.030288877697787209e+00 4.892517456358434491e-01 1.176850189352572906e+00
4.953304812240595378e-01 2.244100723507231054e-01 3.252847995994879726e-01
2.658376816360570327e-01 1.397225486753563173e+00 1.507062433376912258e+00
1.477829088647436562e+00 3.606718556186891966e-01 5.413911125524399903e-01
8.786370157124909763e-01 1.490208931833202133e+00 2.423585586670232161e-01
1.095898860782106743e+00 -0.000000000000000000e+00 6.937139969953697305e-01
6.920987504959801306e-01 1.760043980991190526e+00 5.158809284848406979e-02
1.733613267846008110e+00 5.627363941219091226e-01 8.423614126042571204e-01
1.399776538404101434e+00 9.413903958767328994e-01 2.164581037380541029e-01
1.303245867827520277e+00 6.094903006447555116e-01 1.543395858102944614e-02
1.937008425261868907e-02 7.859706390009985055e-01 1.075884157920961037e+00
7.732319771456643842e-01 1.087558138174423261e+00 1.517650784092272782e-02
1.809170730356489010e+00 1.725665408574360127e+00 9.739914887741701888e-01
1.399228042043458853e+00 1.113528275035460480e+00 2.352335054033250217e-01
1.060226310115983450e+00 3.226089965329081433e-01 2.240919194194549657e+00
7.577399463090287446e-01 3.606809511480297825e-01 1.070450485601709190e+00
6.173758573077633427e-01 6.684783445373778665e-01 8.800278491164532646e-01
1.022776204753769624e+00 7.585542968936284103e-01 1.116399316732384461e+00
1.974901956468256836e-01 8.403679698368415885e-01 1.240510106461450102e+00
1.084981272957183940e+00 1.733982634781071064e-01 4.435217577804227984e-01
1.869097137442932599e+00 1.544749183738415521e+00 7.940193069734700904e-02
1.617012598833783565e-02 1.184392516515196947e+00 1.082593138870237004e+00
