-5.436637017612486744e-01 2.568085557217797063e-02 6.621668825793260993e-01
-1.222673778697766223e-01 5.418974661755519007e-01 -8.049572840323544753e-02
-2.028417586704733544e-01 -4.607738559323161232e-01 -6.536883301606843943e-01
8.599650107390354181e-01 -4.258768251542267153e-02 5.399192546443011276e-01
-1.873988822186955505e-01 -3.919179184763468826e-01 -9.310290056106340639e-01
-1.738549986251985979e-01 -6.380137101534886224e-01 5.840409246105979779e-01
-2.550569744395281835e-01 -1.672143256970801684e-01 -3.026048642551451007e-01
-3.264877458870356630e-01 -2.435544431223644501e+00 -1.044190860303664481e+00
-9.588329950665394064e-01 -6.173400503773464054e-01 8.072445606663003481e-01
-5.324563995204041333e-01 -2.823722210748549344e-01 8.604454964819819862e-01
3.197687080737678378e-01 7.833774625075834441e-01 -2.065141946074659784e-01
-7.077199896953750846e-01 9.582850125126204932e-03 -9.800828474633952458e-01
4.788404430457789129e-02 1.017763518896599884e+00 5.547978785902408783e-01
4.620085961215663617e-01 2.838922596232818507e-01 -7.341441729615645340e-01
4.769967753351968542e-01 -2.192543729097044258e-01 -2.270028330329910693e-01
-6.747316773485664276e-01 -5.690300655325978424e-02 1.800850651821643167e+00
-1.651936179482993872e+00 -4.270460494997557532e+00 8.942040845966300333e-01
6.852060516167747528e-02 1.751870594495890110e-01 9.365855992911961136e-01
-1.840963359615056250e-01 1.143186537258880781e-01 -2.390234398746532707e-01
7.324248842183972430e-01 2.969001305887045139e-01 -5.002953201641430203e-01
-1.495352174911333432e+00 7.048106672559464325e-01 -5.334671704350211208e-01
-2.479061996541252755e-01 6.930815139300057215e-01 5.796871482778742646e-01
-1.299359725630584439e-01 1.892785823335540185e-01 2.536321150214644327e-01
-2.667219742049288245e-01 8.702093542860089848e-01 -4.006212167821991965e-01
2.109853581133633860e-01 3.148168858635417289e-01 3.903309363982143676e-01
3.415880606616933379e-01 4.454670834978290417e-01 4.082431001101129442e-01
3.522605816251481725e-01 -1.338438817056845309e+00 -2.154264940624878999e-01
-9.566000756649385428e-01 -1.265151920787248141e+00 -8.188793296108057840e-01
-8.153987019541903969e-01 -1.719826923898355897e+00 -6.823973172081209126e-01
7.099155350072033910e-01 8.149878146187923278e-01 -8.273575367499025335e-01
-4.251140236891817054e-02 8.646891770924858278e-01 4.268028114834537812e-01
2.181153759508549228e-01 -2.157902938385233560e-01 7.078315954943535937e-01
7.686117509623507926e-01 1.813702790177808277e-01 2.875657638163020557e-02
1.606643907513491731e+00 -1.619182433125642417e-01 -6.204690116099148556e-01
-8.001535429810150424e-01 2.993700741778139093e-02 -4.784843783335636092e-01
-2.020267683930827562e-01 -8.555814263832378641e-01 5.813317550878660533e-01
5.707017566832272015e-01 4.655723873875278196e-02 5.578421655268839263e-01
9.844955285676881829e-01 -2.122489796184518163e+00 2.941221248675351396e-01
4.302876498158294538e-01 -5.455806947703584209e-02 1.157984965449366660e-01
-8.192468385746651816e-01 7.276606824264826578e-02 -1.199052187135086489e-01
4.348989514138838497e-01 -2.235163980362864233e+00 1.879576921878026496e+00
-1.502994538970448823e-01 -3.015528059256969429e-01 3.779920114093780759e-02
-4.518285794310097359e-01 6.604244792027595956e-01 1.155636506729824875e+00
-8.879196964372140233e-01 -2.518930533087855306e+00 -4.223536232009134639e-01
-1.329885968431948395e+00 1.781924232000886565e-01 -1.063291116940178055e-01
1.160133203414084324e-01 9.890749488059462358e-02 -8.331704502316747973e-01
-1.714861356990525151e-02 -7.955660091553977686e-01 5.929141859594883046e-01
9.915446722409062552e-01 -7.005804678069775804e-01 3.753734074689109024e-01
4.475194841888386899e-01 2.501765722580493595e-02 -7.394292730548354120e-01
3.271388753792000559e-01 -5.994465739184892117e-01 6.476332789498782105e-01
1.485840117449442888e-01 -1.067011830884242451e+00 4.927408965497813709e-01
-7.455068132811197845e-01 -4.913797111949417817e-01 -4.540605860802367222e-02
-4.493753712477074891e-01 8.058388473861066714e-01 2.597001533071343071e-01
5.548141923967574857e-02 8.019878112718714647e-01 1.302953967787183476e-01
-4.120441874965432016e-01 6.274571406581483934e-01 -3.659545046097265053e-01
3.731041928725993273e-01 6.590518366161876584e-02 8.213275588709255670e-01
2.429474684029493681e-01 9.870865183409213706e-02 -2.907957074405411180e-01
5.930926939189863356e-01 -1.581358534072813959e-01 -7.244020352201817614e-01
-1.174290994236119046e+00 1.903679391427554879e-01 -9.192447364664435572e-01
-8.713879594171004828e-02 -1.990867027466777239e-01 1.019099079287552501e+00
-3.121902098895387723e-01 -3.142374961494143887e-02 -1.261565801849627300e-01
8.771356005002505229e-01 1.180103585301776337e-01 -3.893811873535205775e-02
-9.006588589824786606e-01 -1.489621602864360794e-01 2.827662023472081176e-01
3.811245013044547991e-01 3.047299842984821372e-01 -1.065642257889409361e+00
-6.252717739050133172e-01 1.199655388541666312e+00 5.083862564332666117e-02
-6.153903156207484182e-01 -8.283029139245864370e-01 4.847793980927260216e-01
1.086142222051139639e+00 2.407024777647257252e-01 -5.541728814095139288e-01
7.069750430125006924e-01 -6.935910943102234771e-01 -2.961160225230296053e-02
2.741670477388600258e-01 -3.056756241245275341e-01 -1.617312939621943224e-01
1.008498512427093541e+00 -7.775151056320338538e-01 6.935082284995089941e-01
-8.855451881014019255e-01 -1.262292836990911216e+00 -7.867570429290092759e-01
2.006353989886426881e+00 -9.121233785525199034e-01 -2.578102582779357999e+00
-1.696100489186473104e-01 4.698402995061757431e-02 1.272090201272412513e-01
8.839737404354053307e-02 -1.085734442749279438e+00 -1.268349996594799467e-01
5.019813773487754816e+00 -2.680133965015211839e+00 -1.181335443281491537e+00
-6.967719381794965638e-01 -6.344864939341322563e-01 3.335184518639442430e-01
4.286864733308390907e-01 9.712700949190259392e-01 6.256120496932260355e-02
-4.268111722834451449e-02 -5.182917530247727056e-01 8.295957429734776567e-02
-2.772350653907064144e-01 1.865581386917597451e-01 8.595658556883556400e-01
-8.988983791369099807e-02 9.626388521036922941e-02 1.322368504131330065e-02
-5.648361213828272387e-01 -1.996759178252051348e-01 8.978713662283775987e-01
2.445794347185817896e-01 7.194805458221299466e-01 3.763410690101582912e-01
5.458960890428488089e-01 -5.013527417183105683e-01 5.590051191961664667e-01
2.149860943006894412e-02 1.083096415286832898e-01 6.937508458891665786e-01
-6.425916659037697598e-02 -6.095156142850629427e-02 1.281439477366003166e-01
-5.528196768118588400e-01 5.002978761871300639e-01 -4.467575765743539984e-01
9.532725956393035549e-01 4.620514488434079164e-02 -6.337400448835314171e-01
-1.591108417787747142e-01 6.237709321234334858e-01 1.877053161409855120e-01
6.736171886950971001e-03 -5.892539493015793717e-01 -6.182993757784350786e-01
-5.568073067533355625e-01 -3.931833577544874836e-01 1.966528755569077191e-01
1.554389920433138783e-01 4.363020974291279552e-01 1.996347243215740308e-01
-9.132081785356505055e-01 -1.357618748031364786e-01 3.935556981362008377e-01
-4.187108799757630617e-01 -2.537071348383733160e-01 -2.036616251011411360e-01
-2.614556064369589206e-01 6.714713714360956431e-02 2.407658673666596139e-01
1.944011678642179608e-01 6.475574844907663330e-01 7.013054082346836804e-02
-7.968300101835626981e-01 8.664899017901478429e-01 -4.304931288752051888e-01
-2.522823344800531054e-01 -4.740389463668198133e-01 -2.174411294856599397e-01
-1.455041757542568648e-01 -6.465041757529853550e-01 3.618539553245902259e-03
-5.965288143622619055e-01 7.759127226818440803e-01 -5.893143202852407780e-01
-2.643283571005727306e-01 3.490995965344991236e-01 6.815632504224438115e-01
6.582884425720730848e-01 2.170234053872438229e-01 1.922924415626624250e-01
5.360112172835774791e-01 -1.118627731398165182e+00 1.922173552765154281e-01
3.196290667915655526e-01 -4.139961269495089358e-01 -2.110777932028850001e-01
-2.386577560829137301e-01 -2.187943478546078568e-01 4.467707682746047126e-01
9.804151747753098167e-02 1.376623198233164258e+00 -3.541675922921365682e-01
-1.308047471470498602e+00 -2.488005112558679954e+00 1.707288278793270164e+00
1.008954464739784340e+00 -1.480666942276708031e+00 -3.477581501091496774e-01
-8.216219274323463551e-02 1.394566451227943205e-01 -1.101539045397719407e+00
-1.937301912459706288e-01 4.481445622687036390e-01 1.285884712851963763e-01
3.075738178324805561e-01 1.287702584163006106e-02 7.033864141196944919e-01
4.361300443993064713e-01 -9.633750611420328624e-01 -3.758253363966384542e-01
-3.233686114566765579e-01 -6.084246059136719786e-01 -7.090682474860537932e-01
9.501775413555163530e-01 8.037592983795895929e-01 8.283159306284597623e-01
3.212098906058578618e-01 -3.501948742926574987e-01 -2.575046569556064813e-01
6.997712945136345120e-01 6.914255684058251417e-01 1.162681857360080978e-01
-4.202074296669185971e-01 -1.936316377274905076e-01 -4.985521107472498659e-01
2.409196595876220148e-01 -2.076399882045796286e-01 5.270472768621121684e-01
-8.154132188546031612e-01 4.144002711003338946e-02 2.348409188919513002e-01
-1.022115545770927170e-01 -3.922094082250277558e-01 7.573974661757607585e-01
6.150693309517925034e-01 -5.911242212687002340e-01 -6.166253622916997301e-01
2.823500125119496329e-02 -2.359476874047251038e-01 5.242790551020217946e-03
-3.355100751049964747e-01 3.288173576579422192e-02 7.179911650158116165e-01
-8.220528246646889858e-01 -1.844005028416797920e+00 2.121997970408393108e+00
4.427521816872760363e-01 4.827653871313516420e-01 2.390937165945120901e-01
1.779381682231676864e-01 -3.572558196242884287e-01 -1.590010379239926053e+00
2.485398873594314995e-01 -4.168458064363902288e-02 2.393127486379605928e-01
2.060935849636018891e-01 -5.200613090023902263e-01 -4.122424944774201183e-01
4.396646307928131492e-02 3.136643789338102728e-01 -1.201627480922782709e+00
4.452557833910489316e-01 -1.029199749501028771e+00 -6.104569974486769857e-01
-8.300961389784397015e-01 -4.304788631655158682e-01 2.240922337446412949e-01
-4.492101340231985929e-01 8.181708619220450229e-01 3.402463729859115382e-01
1.319833925862988311e+00 -5.721365990924495160e-01 1.395457238060402005e+00
-5.150207925736683887e-03 -1.944489870099609385e-01 1.332491709649521683e+00
3.311670558163151701e-01 5.404478497978285612e-01 1.161994209756442992e-01
-3.394810313559593062e-01 -7.492194330518340273e-01 6.224161152736381597e-01
3.078941181478033751e-01 -7.257120616953874892e-01 3.189353674999245714e-01
3.607784607922819298e-01 -6.278875161704831065e-01 -8.405007694916025729e-01
2.621490271694002557e-03 -5.537293159431051492e-01 -1.102963383406258435e+00
1.428197456312745861e-01 -9.139506625660732686e-01 3.166976236835484237e-01
3.342533911162435256e-01 -1.185323875890783141e+00 -3.445172225571597746e-01
-1.966016992898912685e-01 1.346980420015986800e-02 -1.096450690363656832e+00
7.377605054783146210e-01 -2.047021766005164833e-01 -4.269486221364876544e-01
-1.651988736573111460e-01 -2.049231181551883552e+00 -5.043667860312314177e-01
-5.172811475192750086e-01 -3.657102435315726097e-02 -5.510076626929178989e-01
4.399071203266079894e-02 -5.410885141871203396e-01 1.729468399658178612e-01
-2.894652731099309761e-01 -3.765034831866524989e-01 1.338276287957333999e+00
2.667601229223527937e-01 2.122244452849476881e-01 -4.353383734167772801e-01
-5.637522076121646020e-01 8.355817017004691927e-01 -2.000798978436776066e-01
4.528266915564328754e-02 -1.418946837848192866e-01 -4.599785491374556723e-01
1.471250797651080910e+00 -2.680471385487436020e+00 6.622437426838628793e-01
9.348674727170307452e-01 -1.556224795488905799e-01 3.680102779919057210e-01
6.671693447000522081e-02 -6.028452608531328361e-01 1.499297272731315578e-01
2.633603836537183884e-01 4.748888898071425002e-01 -3.209871532722672338e-01
-5.640500805119955663e-01 -5.523376120439370263e-02 2.356436695588064734e-01
5.411904336272469473e-01 4.620702200075519350e-01 1.057579133558816942e+00
-1.102828618186702803e-01 -5.309161772238998322e-01 -1.183890373156782694e+00
8.079919339534297196e-01 4.171048660277474340e-01 5.715082200090050302e-01
-7.499758504150181304e-01 -7.032759024796724212e-01 7.798568678100432638e-01
6.671495428795544413e-02 2.198032307845505795e-01 1.987128597502808569e-01
-9.436361307928784470e-01 1.991846707074021450e-01 7.788338192130208615e-01
-7.505048849147485934e-02 -1.138852128612594938e-01 2.381610855079071332e+00
9.234472559034020978e-02 2.350214108981138750e-01 1.075689542094760531e+00
2.998252523819641135e-01 9.041810047023405295e-01 3.883186475620227784e-01
4.892129048659182855e-02 -6.210328111567531284e-01 3.339674560956008564e-01
1.116786103887105752e-01 -3.740611085018276383e-02 -3.409226589174198518e-01
2.044153111129963507e-01 -1.298987457802053047e+00 -5.459736541452935299e-01
-8.567366221436063523e-01 -6.782890872173571450e-01 -7.336097375186225733e-01
7.844828888155024327e-01 -3.173064476518455690e-01 1.426290755283130540e-01
-4.803890273186640636e-01 9.879815239978598784e-01 -2.041605753744130669e-01
1.460938293608554872e+00 -3.205449226245049021e-01 7.044954644966738844e-01
-6.627222273636481642e-01 2.254371553419225530e-02 1.988821658118870572e-01
3.802588275901159776e-01 -9.349831434879211089e-01 1.302473296293187033e-01
4.264342305111197551e-02 -6.714803778419990710e-02 6.066863052104162213e-01
5.082167644673870610e-01 9.104140636817137366e-02 2.509643533025539275e-02
2.872369235795466658e-01 -1.305264633111205885e+00 5.300044753847630297e-01
9.745793458575428003e-01 1.804325564289448736e-01 5.538039160397095761e-01
-2.816508930505834396e-01 -5.194333065708896247e-02 -4.150251990159590232e-01
-3.857586036930609752e-01 7.885193955412848066e-01 -1.880146206761656169e-01
-7.770867829155239104e-01 6.888825247024252252e-02 7.326415480019808912e-01
-4.071529873307809244e-01 1.417670167620508348e-01 6.065507973410178000e-01
2.811193698006568820e-01 -1.472611795921352495e-01 -6.694845401172102584e-01
-3.854524206325017910e-01 3.094438052568284636e-01 -1.979632834308782952e-01
-1.111282043015819204e-01 1.655041126660174167e-01 3.173032983270311358e-01
2.458128796337282762e-01 7.986369263729821144e-01 9.010529362299957157e-01
2.431494762024593859e-01 -3.704604514196998544e-01 2.828373641397582405e-01
2.116811421906121260e-01 2.675356703852936890e-01 -5.098811388004327594e-02
3.825812939198097729e-01 3.213965090870110619e-01 1.152637523117346019e+00
-3.456975590899121764e-01 6.925744677727668774e-01 -7.747183907667603009e-01
-7.482787469559879501e-01 -1.453952246760110423e-01 1.007366767649489958e+00
-6.969566992983540210e-01 4.317729402028332997e-01 -7.039160831976262189e-01
2.795295543819787398e-01 1.560207233532082405e-01 1.509490334118266663e-01
-5.251836458322897139e-01 -3.911580277222759805e-01 -3.005974817062208038e-01
1.907960622723279542e-01 1.224095396365069588e+00 5.336237507745356101e-01
-1.425368341607816244e-03 -3.140104060237244310e-01 -1.374444219677304790e+00
-1.579977465001989045e-01 2.328524790320819424e-02 -3.098343632896200309e-02
5.292063885393010203e-01 -1.099626321981871935e-01 6.380390101253530233e-01
-2.960751095552084378e-01 8.220741540901295163e-01 -5.272322256533825691e-01
-6.955714450980868824e-01 -2.454182706001008629e+00 -1.686419905574720324e-01
-1.560303724865251818e-01 -2.866718705079544099e-02 2.533303712701317489e-01
1.263792985334313057e+00 -1.205498263201347564e+00 -1.510546491820285331e+00
1.110412651280161950e-01 -5.381805814659353926e-01 -4.608235745162158614e-01
6.132443100175725137e-01 -6.148621831951298633e-01 1.025276985734581814e+00
-1.123696025934618925e+00 -2.404752051293389814e-01 4.813515371144560517e-01
-3.932815530797466597e-01 -8.180943213972581285e-01 9.105432862694073926e-01
-5.376519604817591169e-01 5.363650036861732362e-01 -1.205381296803121005e+00
1.749690641766476484e-01 -1.205092995256126454e+00 1.950176192825029131e-01
-1.771964125005414947e-01 -1.865789219101244428e-02 4.276208398266402866e-01
5.754251812646695718e-01 -4.636132563659129402e-01 7.487790050628707617e-01
