-1.817257885382685210e-03 1.414225201757943542e-03
1.965098060986971307e-03 1.083068899885397673e-02
-7.891965769307696891e-04 3.612884126747077613e-05
-1.915284664002686122e-03 4.769992950800773859e-03
5.297992467878288479e-04 -2.338580672610270691e-03
6.396222181809421703e-03 -4.421801884742249458e-03
5.464876726170768504e-04 -7.309272508977779532e-03
-1.653731525865612006e+00 -5.506791319241129967e-01
8.217836165583343108e-03 7.346705491929023807e-03
-1.807693541485549515e-03 -2.247144628727481934e-03
-1.960100141493260461e-03 -1.899658312184001338e-03
2.174079579649638820e-03 1.965809020915564205e-03
-1.856739793057733462e-03 -7.553714348777723284e-03
-2.639700759435232181e-03 2.100874600541935595e-03
8.565009163094558856e-04 6.711468715924956419e-03
-4.160276524113813408e-04 -5.328679518955569717e-03
-3.891654859533285382e+00 1.694317186783496743e+00
-1.006354371166958680e-04 -3.477629629522685159e-03
2.690704280668132324e-03 -2.804537995895690309e-03
-2.097806067066972004e-03 -3.472025513701483372e-03
-3.095075985767484217e-03 -7.069624885041786216e-04
1.361591282690266481e-03 -1.031197260830138407e-02
3.964686832179988366e-03 5.807404080180586514e-03
2.322158630218834098e-03 2.767076081869860107e-03
3.026043177462984374e-03 -5.121127012324635727e-03
3.767277570060852988e-03 -9.210973474030968028e-03
-2.058099999761510424e-03 -2.198177620574335786e-03
-7.140644838414557105e-01 2.056485188575230272e-01
-9.627002445694490262e-01 2.102973362514991007e-01
-1.173286884033066749e-03 3.560139408997488146e-03
-4.241578265719753681e-03 1.706821518444307567e-05
3.716483743045852738e-03 6.073182193731657338e-03
9.266347874459598564e-04 5.942069652124678386e-03
7.270803164671932556e-05 -1.834882919813666993e-03
-6.364397279624997789e-04 -3.933565557751050185e-03
-8.403329383643310660e-04 5.020358728363162257e-03
5.359377218830741960e-03 -5.336299501110734582e-03
-1.488634615351046353e+00 -6.236185726747567326e-01
-4.265650775206568379e-03 -3.440693974950900813e-04
-2.080687137715062345e-03 -8.264157072043502514e-03
-1.619100667801490978e+00 -9.599342265239115685e-03
-1.239113820676685700e-03 -8.155261777743225094e-04
3.099767984069641330e-04 -7.294591566722450661e-04
-1.290333445944820578e+00 2.300704976593626744e-02
1.405229473682380456e-03 -2.420508259785161733e-03
-3.219616388305367258e-03 -5.388296612426567676e-04
3.191402712176701160e-03 -5.323579894664613602e-04
-1.920589744477437921e-03 -5.577350574220372656e-03
-3.456170991270449567e-03 -5.884917505583765751e-03
2.216129890186982129e-03 -2.850909013435920774e-03
6.253049721771101327e-03 -1.949518720010885893e-03
-5.138943534403454631e-03 1.780496512012971853e-03
-6.555110432650965678e-03 -2.501286743120172303e-03
7.673474366791169059e-03 7.954500374606339420e-05
7.962765936796501604e-03 3.987378550232307389e-04
-3.266539370053734778e-03 1.824787139940856453e-03
-6.789039742328990129e-04 7.724304477168236326e-04
3.995724324121511725e-03 -9.702867706502632875e-03
-1.161296174973028110e-02 -1.932482010266682430e-04
7.934432999107854823e-05 -3.676013165291170184e-03
5.269029435496806746e-03 3.408441721741935215e-03
6.973822037320527925e-03 1.284378197963717116e-03
-5.019396652660349997e-03 -1.498919281519174975e-03
1.172784161764116708e-03 8.274544881968208532e-03
-8.443878568995375269e-03 -3.092268107970032667e-03
1.924919795375110371e-03 -3.855263835997774311e-03
2.552422087377794174e-03 1.348662279218125655e-03
-2.692457170607571136e-03 -2.235755859832801173e-03
-1.819564734927774314e-03 5.352953228069862179e-03
1.898986902574085209e-03 1.407165042702842933e-03
3.549481082030641124e-03 3.292784715794948042e-03
-4.022919857820156375e-01 -1.829519756571935885e+00
-2.363817293123734748e-03 5.683630223645523387e-03
-4.612262379490570698e-03 3.770375592655921589e-04
-2.819768381936814006e+00 -4.841982052906570466e+00
2.280926243428978202e-05 -7.049035752741536140e-03
1.846325835391898458e-03 -5.443325931081950848e-03
-5.837437887204171248e-03 -6.249615746188361132e-03
5.430350084579373474e-03 2.447548712249593417e-03
8.521456660933686422e-03 -6.256362690114383946e-04
6.912002375415177017e-04 8.143101252762882051e-04
6.216632625248238314e-03 -8.351092219094951447e-03
1.389508174298292832e-03 5.772000280424298586e-03
-5.080476025507849741e-03 1.881199113135540376e-05
1.401552584623540904e-03 -1.122377428018402935e-02
-2.389946823099422385e-03 -4.663051864638344951e-03
1.626193201012851065e-03 -3.105765019109996920e-03
3.918801126715568128e-04 1.443912881772005993e-03
1.444867287107686219e-03 -8.481819928524505364e-03
9.526281710653465270e-04 3.972598998973790770e-03
1.199679233359790412e-03 4.034601410354337822e-03
-1.211891486543114569e-04 -1.083690502531092260e-03
3.340756638575330482e-03 3.278324664634873174e-04
-2.377103800650996659e-03 6.376882052336480151e-03
-2.704267198583088557e-03 2.190271424541648671e-04
2.484499762137428510e-03 8.060866690052846326e-03
1.198964301416678951e-04 2.899114595599577415e-03
2.420469094506071117e-03 8.233272371027042236e-03
1.189107975920921154e-04 -3.014754320109832436e-03
-2.430868410966280629e-03 -7.200915427065458958e-04
-2.841271502600735150e-03 -2.723894921212628457e-03
-5.913935112720870337e-03 6.617186368425404495e-04
9.331244799700719530e-03 -3.939877436937026431e-04
7.506561563723456940e-03 4.845535358426273677e-03
5.832332442866501035e-04 -6.693618315553100280e-03
-1.510768194056944180e+00 9.661087014826923447e-01
-1.138860342442154394e+00 -8.632719153429445624e-01
-4.872990656124840010e-03 -4.434763538950768115e-03
-7.587329560516618658e-03 9.592745882235026531e-04
-2.295508668269866451e-03 9.117901332660204375e-03
9.413779469727625443e-04 -1.683763535230230809e-03
5.621999749816867370e-03 -7.349236053945505491e-03
2.419550977924415946e-04 2.283825858513710387e-03
-2.098718793193723228e-03 1.906170367764402048e-03
4.561058329394278993e-03 -2.828123507965473599e-03
2.729680021416502640e-03 -2.590103118217642122e-03
8.747027923128914556e-03 1.182709006801238713e-03
4.787259056316791814e-03 -2.532637568852419939e-03
4.406134346864219557e-03 -1.115019474387798915e-02
-1.286770838258820011e-03 -8.871768468745480293e-03
6.698794988116815903e-04 -1.313761530117581221e-03
-4.459392369004180900e-03 -5.037260281841979444e-04
-1.512244618859876155e+00 9.832164545410414513e-01
2.973559434440967760e-03 -2.669133408905403752e-04
-2.051107467505216327e-03 4.407080657251869100e-03
-4.550085115697132042e-04 -4.109349465118073384e-03
2.640912039912104037e-03 -2.067470365846627803e-03
-3.583330094594609511e-03 4.669721093602458191e-03
6.363626338953576843e-03 1.243384334543374495e-03
7.880341220436002259e-04 -2.949132893824230918e-03
-4.516369038934473813e-03 -7.159931893249239570e-04
9.823320312391655915e-03 2.388470093747526411e-03
-6.575553998416093782e-01 5.453161031494149213e-01
8.161811203880061749e-05 9.294314794528398286e-04
4.771761018557519468e-03 4.302188651493813083e-03
5.170692408024164105e-03 -3.578963746366267511e-03
-7.219371299824154254e-04 8.765403879195061976e-03
-1.219569300392882869e-03 -1.297671173468431267e-03
2.902617015757376438e-03 3.752350994958469129e-03
7.512055976277571927e-03 -1.184470558085924229e-03
3.871383618614844405e-04 -1.212292803233881548e-03
-3.419728624733493153e-03 -8.119745570017789307e-03
-1.421711516860940661e+00 -1.289968278702414151e-01
2.951570998504743988e-04 9.001713397886710070e-04
1.012416676628215273e-02 -4.130916274285347249e-04
-8.303318103589185650e-01 8.929757800681972224e-01
-1.488190418010387284e-03 -8.043988574108025189e-03
-1.186469687187248620e-03 2.678882973429315504e-03
5.128277952792438359e-03 -5.596534369100207226e-03
-1.570582206085621157e+00 -7.513351436278037365e-01
-6.083629329139698255e-03 1.899074597690756424e-03
2.406205122141235730e-03 -7.662545672469150450e-03
1.007532668591961745e-03 -1.578292427688078765e-03
-3.523298212461516165e-04 -4.499651847363342165e-03
1.466293290618245855e-03 6.204871466842843721e-03
-3.554065735415538711e-03 6.193498404644399123e-03
9.107346976841685336e-04 -4.756836201618167871e-03
3.142124096569165470e-03 5.612096503361791063e-03
-3.291265287978234824e-03 3.974283439826069991e-03
4.574480693120144088e-04 7.358416669200115896e-03
-8.956002835558298791e-01 1.185027128406998420e+00
-1.359159675735111287e-03 -2.223256502587683987e-03
3.186455084757771586e-04 6.907864049527772179e-03
-2.265662709073096998e-03 6.493275731209637719e-03
1.376465831928141721e-03 -4.624034707628184304e-03
-1.786711139623044968e-03 -1.236289564014599138e-03
-8.359392343245996074e-03 1.843889845720422869e-04
4.171766999381168461e-03 -4.788066343677256469e-03
-6.483445264481531084e-04 1.060042292471802825e-03
9.938352717776439971e-04 1.132852601963741821e-04
2.951761270979568006e-03 -1.025041620740597785e-03
-5.897744311056649959e-03 -3.898397727731017868e-03
-2.109816727236115980e-03 5.990575721935265628e-04
7.035774530213875257e-03 6.469314227928282465e-03
-1.031072320080364708e-02 2.530363437234048329e-03
-3.073094455008197959e-03 1.929286649269776940e-03
-4.656500603846381800e-03 -3.342255211496915606e-03
5.775451035761358822e-05 7.173975039474221604e-03
1.766460756337295173e-03 -3.324014593070125697e-03
-5.730724887633383870e-03 -5.717505798984244547e-03
2.376092110385192094e-03 -2.582206186977206806e-03
5.215101281776541101e-03 7.020007289172784659e-03
4.481563138949657484e-04 4.027802749981871343e-04
2.374267617382126109e-03 9.669828413104309545e-03
-4.049290465514407932e-03 -2.377322971264708273e-03
-2.806605498460568605e-03 2.015716076015223925e-03
1.222736472005470825e-03 -1.004996773605249709e-03
-3.802305563596823472e-03 -2.003663358578734125e-03
3.507099560014799032e-04 -1.360585317709988185e-03
-5.348465800958486331e-03 1.347688026054138599e-04
-5.049071131006897632e-03 -6.946481513078864127e-03
2.924015411584234329e-04 1.226086966423912831e-03
-3.705926396347456169e-03 5.874241769823203979e-03
-4.152773303723550444e-04 9.415847975286094265e-04
1.579653633660865839e-03 8.235117306082113779e-05
3.205879545279244954e-03 -1.496434242256833129e-03
2.464612025450916687e-03 -9.646432460640987300e-04
-1.425731172648867506e+00 3.987370262091551876e-01
-8.388471232100291886e-03 2.674823328260129366e-04
-5.806209703188001114e-01 -1.461394322414090841e+00
-7.296809375051224907e-03 3.232599305541671453e-03
-1.096984881277157002e-03 -4.061574441339070953e-04
1.082869298157325411e-03 4.053743038640691618e-03
6.006781306445502754e-03 7.225408671483558865e-03
-3.441773645126559346e-03 3.471991748618612206e-03
1.917898325349500725e-03 -3.914652047931964189e-03
-2.532653837518280583e-03 1.050628117737093577e-03
-7.301911532798761595e-01 -3.745019926728509474e-01
