-1.216336271869692242e-35 5.658483319788311879e-37 1.503687807859476473e-35
-2.694134336403231215e-36 1.212170727032388087e-35 -1.773645081441579768e-36
-4.470834493139410288e-36 -1.023764497717746503e-35 -1.482552024222603924e-35
2.029448202435550547e-35 -9.383714518824766190e-37 1.207508807508336800e-35
-4.130090698580205867e-36 -8.674442122191600097e-36 -2.236585414828983549e-35
-3.831360462591968015e-36 -1.443732542314746160e-35 1.312424287119803822e-35
-5.624490946406488619e-36 -3.684922166758727919e-36 -6.678405508245784931e-36
2.309159509536575406e-35 -7.688382445770259887e-37 -5.091179783052523299e-36
-2.320690795988157940e-35 -1.393018993298757172e-35 1.882526576705196292e-35
-1.189954953469175613e-35 -6.229423977261239925e-36 2.030812692146905213e-35
7.060029375149140467e-36 1.817758581299703064e-35 -4.551889878435258354e-36
-1.619002980383588151e-35 2.111471450201861205e-37 -2.386196602941835658e-35
1.055071179391913561e-36 2.505064014106281630e-35 1.242665670971292337e-35
5.683339949269763935e-02 1.419815966154693195e-02 2.210605832442517349e-01
1.061025130123595094e-35 -4.833165158251980752e-36 -5.004304961479681671e-36
-1.535193779298807132e-35 -1.253795097256525614e-36 6.038583134214084082e-35
-1.000011172113551030e-35 -2.029104937314387717e-36 3.245608840805056391e-35
1.509779312017230377e-36 3.860737022167299047e-36 2.253251119907630461e-35
-4.057239453772806648e-36 2.518960991247788020e-36 -5.269925901213546813e-36
1.682860678179393003e-35 6.551723001196047437e-36 -1.114879226025263516e-35
-4.379119064711419438e-35 1.611545907415459783e-35 -1.192329396143579634e-35
-5.466317523448960255e-36 1.581612930039462712e-35 1.301980487040817103e-35
-2.863143394189468090e-36 4.171557956126680504e-36 5.592967764368248150e-36
-5.882677387985674133e-36 2.058643263993929180e-35 -8.870608663167177275e-36
4.650588112684383653e-36 6.949852684207875660e-36 8.638711014646275367e-36
7.546336403145980018e-36 9.887726028199808888e-36 9.042704605756098125e-36
7.784751411232638691e-36 -3.679060756059130121e-35 -4.748639566018187075e-36
-7.960946511126243582e-36 -2.163324844011757348e-35 3.871496740050995669e-36
-1.702076267786190866e-01 -8.905337582247972728e-02 9.051845282697711104e-02
1.624639169945191758e-35 1.903767058043282160e-35 -1.937935768647634599e-35
-9.366907010234165107e-37 2.042884545349310742e-35 9.463040317798907478e-36
4.808012948411317277e-36 -4.756672282801433904e-36 1.619289304095987105e-35
1.778204972353735307e-35 3.997109476756594728e-36 6.336183572544595986e-37
4.934969520956542895e-35 -3.568147170610984883e-36 -1.400660029755899580e-35
-5.314467800047196766e-01 8.410053454208805679e-01 -2.324866895884917517e-01
-4.452847945616450825e-36 -2.017021440674296297e-35 1.305923102003278292e-35
1.280491651471415599e-35 1.025836402354863472e-36 1.249886112729085272e-35
3.030933462409196569e-36 8.333497565171025677e-36 2.170403889714960954e-36
9.542177049563385280e-36 -1.202126631033540438e-36 2.551572998761667199e-36
-1.915498514482420037e-35 1.603325393208994155e-36 -2.642076334306740486e-36
1.174193338900767660e-35 -3.798273775050867617e-35 1.378595279290708035e-36
-3.311995084933805203e-36 -6.655037326325037249e-36 8.328624859405571261e-37
-1.003296628805093667e-35 1.499336192117794507e-35 2.971968181357122575e-35
2.573855720425025216e-36 -8.560919748529095248e-36 1.034479829585226231e-36
-3.643503236094002590e-35 3.927018748841978283e-36 -2.342896073129404528e-36
2.556307197404150419e-36 2.179352249569412484e-36 -1.954095036943230270e-35
-3.778500968641635923e-37 -1.850703684734402794e-35 1.333774815705679198e-35
-3.055044326282688738e-01 4.110342768250404427e-02 -2.434198037470546375e-02
9.934556415649083272e-36 5.512355092474098412e-37 -1.701144312482551085e-35
7.224137769276034781e-36 -1.349550093896866752e-35 1.467517450484601929e-35
3.274179351547931544e-36 -2.665885609455693653e-35 1.097370970554521986e-35
-1.717074202745221577e-35 -1.094221095653377786e-35 -1.000471360364690614e-36
-9.976925973542483836e-36 1.878682691992757429e-35 5.727235663608648081e-36
1.222471758805386386e-36 1.868171073017381206e-35 2.871065038368142756e-36
-9.128640486890949129e-36 1.417769241825535171e-35 -8.091254466480635199e-36
8.251567410094171166e-36 1.452150403372627301e-36 1.921242475821400634e-35
5.356671348667456372e-36 2.174970580880431001e-36 -6.416244311348639933e-36
1.334205248830447916e-35 -3.484754345767892904e-36 -1.662016609683050412e-35
-3.039284180561269550e-35 4.195590729593624953e-36 -2.201472868709531283e-35
-1.920024203444363498e-36 -4.387965622686529701e-36 2.509342397123730114e-35
-6.891435932991366283e-36 -6.923865138809197604e-37 -2.779847682191311147e-36
2.078505745694364829e-35 2.600317398283857009e-36 -8.579572826963203482e-37
-2.146723375273270393e-35 -3.282515302597624105e-36 6.238158770678110752e-36
8.431651149886138691e-36 6.725616290739936058e-36 -2.661326715862175770e-35
-1.489771054761284574e+00 2.193673780016337727e+00 3.380025963778784948e-01
-1.388263755456116785e-35 -1.940559325749387757e-35 1.078967974728993194e-35
2.730095866921990744e-35 5.307040812972621267e-36 -1.241184458970321991e-35
1.617092318312148358e-35 -1.582909078683587159e-35 -6.524578871277546902e-37
6.047576363781205757e-36 -6.746627669931724250e-36 -3.564025257135666412e-36
-3.799001121400795711e-01 6.849304928570837392e-01 -2.128654678763382269e-01
-2.102757778864961812e-35 -3.371319603850199454e-35 -1.826866401046463747e-35
-8.014052670200136310e-36 -9.596355654220271752e-37 3.361605934510208151e-35
-3.737749848476179418e-36 1.035240300012999606e-36 2.803042622985642411e-36
1.947757061906640405e-36 -2.728716760582515776e-35 -2.794799487093049199e-36
1.147123285500687487e-35 -1.051010948675818999e-36 -1.518314545000065833e-35
-1.591008539540193774e-35 -1.435041629803539259e-35 7.366315528670191774e-36
9.505807459439785227e-36 2.358898778574022954e-35 1.378468498126281841e-36
-9.404301851832170974e-37 -1.156778204238092780e-35 1.827935355309965625e-36
-6.115557046282608161e-36 4.111544067950125465e-36 2.028315036397244573e-35
-1.980643727353003893e-36 2.121098406472715849e-36 2.913687804739783812e-37
-1.266510235462999191e-35 -4.400968132267573623e-36 2.138577475799041575e-35
1.132407306042061829e-01 1.724972774283498878e-01 -1.637668693083413896e-01
1.221605519955232308e-35 -1.117333600274724450e-35 1.252646888862859315e-35
4.736972940361388163e-37 2.386540200765398956e-36 1.583315496419805777e-35
-1.415881698862665294e-36 -1.343001367606603508e-36 2.823647845975807626e-36
-1.237978774172180091e-35 1.114885157693136051e-35 -9.917168570528048255e-36
2.303727130473923437e-35 1.018078383911902829e-36 -1.433204470649828625e-35
-3.506250076363163067e-36 1.408736592562480459e-35 4.136850667653564242e-36
-1.680865380160012912e-01 3.287868625471113693e-01 3.948499515988674463e-02
-1.247430581904493469e-35 -8.702942009105924883e-36 4.334259598261764949e-36
3.425297846695244024e-36 9.678925184496353618e-36 4.400059086489304798e-36
-2.183606891792175735e-35 -2.991548305940115556e-36 8.711329181749294279e-36
-9.279546559861711085e-36 -5.594627409829415419e-36 -4.488929138481511108e-36
-5.766088862112918088e-36 1.479515923012124832e-36 5.308442097804421479e-36
4.284575775298150219e-36 1.467329566006497883e-35 1.545253160470465229e-36
-1.854135760770892478e-35 2.048018223718535315e-35 -9.546845437220026796e-36
-5.563108235849366437e-36 -1.054217618176208043e-35 -4.793124266995482026e-36
-3.206288540318594449e-36 -1.464719345124253882e-35 7.973038132504633530e-38
-1.342497820075886062e-35 1.797714075107152848e-35 -1.325102255146292602e-35
-5.829681293962824573e-36 7.714097298233824420e-36 1.552418066853491363e-35
1.494007197272536941e-35 4.783900304314511894e-36 4.238049744006861327e-36
1.198309935614905365e-35 -2.841446973132508989e-35 4.236393123217480692e-36
-1.882861469861677239e+00 1.823419386603970960e+00 -5.561686023280189017e-01
-5.261842952135576437e-36 -4.823006388747209634e-36 9.917469593027112518e-36
2.160269754207380410e-36 3.840974966821316148e-35 -7.827393752484561708e-36
-1.512123190589155468e-35 3.655078350749196874e-36 -8.596580687852855169e-37
1.539685607101876622e-35 5.261594539076185537e-36 5.759183370025080524e-36
-1.191882058161629204e-01 5.275607888321492966e-02 7.397757268856663959e-02
-2.091452648183513841e-01 1.731659655236693005e-02 1.886679484075527158e-01
6.788810542594326959e-36 2.837305412047664880e-37 1.607900049483113468e-35
9.675010296886104396e-36 -2.334601843846271477e-35 -8.312636289441114801e-36
-7.140167885524736640e-36 -1.371312700964757712e-35 -1.622463212223079636e-35
2.294316149643657479e-35 1.873003007817406065e-35 1.940595461103926982e-35
7.092107678602571032e-36 -7.738574933971679918e-36 -5.678649565033548751e-36
1.598659828054026337e-35 1.577403606599376460e-35 2.561923824170420083e-36
-5.649479099872475873e-02 1.575671581919674547e-01 5.359227390138401187e-02
-4.013930895518078579e-01 -1.402588595557967277e-01 3.499954318655850161e-01
-3.907010859406883641e-01 1.198439910828398292e+00 -1.186170212399671881e-01
-2.252160379017309994e-36 -8.681006316867780253e-36 1.748420234280688441e-35
1.387481346623103328e-35 -1.329460712024484820e-35 -1.391275389214606828e-35
6.221260387277571448e-37 -5.201945366602719322e-36 1.155188947733937523e-37
-7.410726719846367708e-36 7.245116030186749041e-37 1.645434743391270081e-35
-4.784463260500094950e-35 -3.317486392048234460e-36 1.188430259169563293e-35
-1.416149614119450950e+00 4.440251076737051217e-01 1.816624716564063879e+00
3.921411121429565317e-36 -7.896476728054138298e-36 -4.848542188898112608e-35
5.480331747868232736e-36 -9.184725772454293816e-37 5.276320794503214856e-36
4.542605972662024413e-36 -1.160913070174936195e-35 -9.133125921723819327e-36
9.687514028568819677e-37 6.924218973624181475e-36 -3.139830047223136133e-35
9.882906227576808860e-36 -2.541846730438897401e-35 -1.376252476381689381e-35
-1.945540564491568713e-35 -9.546521319065874383e-36 4.940011929201439095e-36
-9.973152743114533251e-36 1.912531469958647438e-35 7.516391062334733730e-36
3.602039302969395593e-35 -1.283917299513059547e-35 3.922780080018316761e-35
6.012996117722250405e-36 -1.687099515020986321e-35 8.888372573940076435e-36
-4.980638370458125713e-02 4.694770988961788349e-02 -1.401832283216105680e-02
-7.499311875619404158e-36 -1.726835723836730792e-35 1.405421041805353393e-35
6.795929323180999047e-36 -1.665413089338931993e-35 7.041483191431147853e-36
7.975320068859001058e-36 -1.418824945526571159e-35 -1.974567144943575699e-35
-1.731660940723937170e+00 1.904349188783757141e+00 -9.628299875551354914e-01
3.147115943640074985e-36 -2.185799997270842560e-35 6.991690922546456842e-36
7.382702516573847972e-36 -3.079589461492799130e-35 -7.611733231183391123e-36
-4.333130359873155480e-36 2.967917348637831126e-37 -2.765111349886861813e-35
1.696781000108530025e-35 -4.511895061973566414e-36 -9.466350115014136867e-36
-1.366512959029848276e-35 6.055999385694854878e-36 -4.029040690957817045e-35
-1.493700504490574676e+00 -4.048264767469683667e-01 1.537460936791996247e+00
9.692857026511054965e-37 -1.210263871046176585e-35 3.811332875032686652e-36
-3.695442548667677435e-02 2.920131150102824313e-01 -2.142292837931344396e-01
5.883522097863175004e-36 4.677943040574894103e-36 -9.656998934237199245e-36
-1.263930546237199370e-35 1.960817476429989576e-35 -4.409883103004065953e-36
9.977526043212030911e-37 -3.126725324892400140e-36 -1.021942568729906694e-35
1.182314413282258935e-36 1.691150237009046516e-35 -1.598907543330775274e-36
2.248090471961162578e-35 -3.429343038670386311e-36 8.137328947273545584e-36
-3.963824977540115757e-01 -3.104798993612620794e-01 1.104308867030948216e+00
