-0.000000000000000000e+00 2.860415579334321667e-01 -0.000000000000000000e+00 -0.000000000000000000e+00 5.327726089523904252e-02 -0.000000000000000000e+00 7.847393859968244678e-01 1.710128746832895730e-01 2.005607277576464953e-01 4.796413742013120318e-01
-0.000000000000000000e+00 -0.000000000000000000e+00 1.878724727839664252e-02 1.552575249866035463e-03 7.788720814486117527e-01 -0.000000000000000000e+00 6.268885351334965161e-01 3.697851792570905870e-03 -0.000000000000000000e+00 -0.000000000000000000e+00
7.074455953830571797e-02 0.000000000000000000e+00 3.545723211566161881e-01 0.000000000000000000e+00 1.890220255412179381e-05 5.013994463671002100e-01 7.784864432805799206e-01 1.087709925447276071e-01 0.000000000000000000e+00 0.000000000000000000e+00
-0.000000000000000000e+00 -0.000000000000000000e+00 -0.000000000000000000e+00 -0.000000000000000000e+00 1.000000000000000000e+00 -0.000000000000000000e+00 -0.000000000000000000e+00 -0.000000000000000000e+00 -0.000000000000000000e+00 -0.000000000000000000e+00
2.361785060043421203e-01 1.867427273794126374e-01 5.724889988108179395e-01 0.000000000000000000e+00 2.656741568034180490e-01 2.434974661350249869e-01 2.729173883739650641e-01 0.000000000000000000e+00 0.000000000000000000e+00 6.142031738999661483e-01
-0.000000000000000000e+00 5.497273019874026057e-01 2.891188483730736114e-01 3.550931641865746058e-01 6.389566636999529647e-01 -0.000000000000000000e+00 3.772450483722201986e-02 2.800540543560415263e-01 -0.000000000000000000e+00 -0.000000000000000000e+00
-0.000000000000000000e+00 -0.000000000000000000e+00 4.693939931764322115e-01 -0.000000000000000000e+00 1.001935178188484432e-01 1.989492982687880815e-04 -0.000000000000000000e+00 2.681705850735752739e-01 6.212213644879507335e-01 5.583896956258855848e-01
-0.000000000000000000e+00 1.908030382758931498e-01 6.350118960486365038e-01 -0.000000000000000000e+00 1.601186495244045771e-01 4.477783061128240427e-01 -0.000000000000000000e+00 -0.000000000000000000e+00 5.781095909173404879e-01 -0.000000000000000000e+00
-0.000000000000000000e+00 -0.000000000000000000e+00 5.150474235258060141e-01 7.796519733040198352e-02 8.326918722244567306e-01 2.469165886446696156e-02 1.080175576383011066e-01 -0.000000000000000000e+00 1.495742871472278968e-01 2.493766839071105343e-02
-0.000000000000000000e+00 1.280179940440913933e-01 6.147782361510316651e-01 -0.000000000000000000e+00 4.507017591520969674e-02 6.999574999424270638e-01 1.762293643699318624e-01 6.153599425334257966e-02 -0.000000000000000000e+00 2.807914236907795846e-01
2.942960133704843420e-04 3.658927624583155902e-01 -0.000000000000000000e+00 -0.000000000000000000e+00 -0.000000000000000000e+00 4.662075928007179404e-01 -0.000000000000000000e+00 7.821903541872707866e-01 -0.000000000000000000e+00 1.922267671315080750e-01
3.060659674144599607e-01 3.319804760712095838e-04 6.955437689969050652e-01 2.047909728530806495e-01 -0.000000000000000000e+00 1.527974677169282919e-04 -0.000000000000000000e+00 6.167845340946769284e-01 1.320693204342315678e-02 2.329877170525430311e-03
1.357048670356024715e-06 -0.000000000000000000e+00 -0.000000000000000000e+00 -0.000000000000000000e+00 -0.000000000000000000e+00 3.344739818620131970e-03 9.695597266636454270e-01 -0.000000000000000000e+00 2.448320835708041043e-01 -0.000000000000000000e+00
-0.000000000000000000e+00 3.031621441856139909e-01 3.603934643957352746e-01 5.297962040369754710e-01 -0.000000000000000000e+00 -0.000000000000000000e+00 -0.000000000000000000e+00 6.052435783273595743e-02 2.663356053066284757e-01 6.503286821265990003e-01
1.366812234032778184e-01 4.405787440621412587e-01 5.627172457821623119e-01 0.000000000000000000e+00 0.000000000000000000e+00 6.675284560377212073e-02 4.314058051796096915e-01 2.132288958037441562e-01 4.842772363062245455e-01 0.000000000000000000e+00
3.093786360753184028e-01 -0.000000000000000000e+00 -0.000000000000000000e+00 4.926662171684778602e-01 -0.000000000000000000e+00 4.059302944915307854e-01 6.993555546732652672e-01 6.682364125019570750e-03 1.358621455971268689e-02 8.635984568296051211e-02
-0.000000000000000000e+00 5.436223324479074748e-01 1.028572191626485194e-01 -0.000000000000000000e+00 -0.000000000000000000e+00 4.507036627882186064e-01 5.692428399031135289e-02 -0.000000000000000000e+00 4.819859970667400573e-01 5.051836151371876804e-01
-0.000000000000000000e+00 6.319941606696167780e-01 5.259203580520677157e-02 9.682131847767441735e-02 4.088298955050275740e-01 -0.000000000000000000e+00 3.360629260850565229e-05 1.528478072742430957e-02 5.625859672927709942e-01 3.233645175849573783e-01
-0.000000000000000000e+00 3.468658476160041415e-01 7.400598929151070982e-01 4.976616403248767390e-02 3.800220054595366825e-01 -0.000000000000000000e+00 -0.000000000000000000e+00 1.547641028412927444e-01 -0.000000000000000000e+00 4.014350699824870694e-01
-0.000000000000000000e+00 2.284159119597392318e-01 -0.000000000000000000e+00 -0.000000000000000000e+00 2.916761573028142096e-01 9.277710284845996913e-01 -0.000000000000000000e+00 -0.000000000000000000e+00 -0.000000000000000000e+00 4.463304974223417793e-02
4.815562511245143756e-02 0.000000000000000000e+00 0.000000000000000000e+00 2.093028541254793873e-01 8.131658198672405691e-01 2.597167357516472902e-02 2.663632288468999101e-03 1.090652875785617371e-01 7.297435112491150629e-03 5.291545975851646988e-01
1.243206866374627767e-01 -0.000000000000000000e+00 7.238603069362471200e-03 -0.000000000000000000e+00 5.557790977696117629e-01 5.601359058144810277e-01 -0.000000000000000000e+00 3.238911676678213891e-01 5.068962837762340801e-01 -0.000000000000000000e+00
-0.000000000000000000e+00 6.104960018624249196e-01 -0.000000000000000000e+00 6.007564350159605437e-01 -0.000000000000000000e+00 3.754642954580871828e-01 3.507594342434883772e-01 4.879261852225454110e-02 -0.000000000000000000e+00 -0.000000000000000000e+00
-0.000000000000000000e+00 -0.000000000000000000e+00 -0.000000000000000000e+00 -0.000000000000000000e+00 8.616413095755948159e-01 -0.000000000000000000e+00 3.686135216503870216e-01 -0.000000000000000000e+00 -0.000000000000000000e+00 3.488528705476764413e-01
9.026224601720152230e-02 1.290721510743485234e-01 -0.000000000000000000e+00 9.815440754763875564e-01 -0.000000000000000000e+00 1.074468350235756875e-01 -0.000000000000000000e+00 1.481594754279596561e-02 -0.000000000000000000e+00 -0.000000000000000000e+00
3.782858453435364865e-01 -0.000000000000000000e+00 -0.000000000000000000e+00 5.381885016466089189e-01 3.730613106625850217e-01 1.380725879277925339e-01 5.374903961538479713e-01 3.465807970735249599e-01 -0.000000000000000000e+00 -0.000000000000000000e+00
-0.000000000000000000e+00 -0.000000000000000000e+00 -0.000000000000000000e+00 -0.000000000000000000e+00 3.917955854453032960e-01 2.190509414465938165e-01 7.170128294438065097e-01 -0.000000000000000000e+00 -0.000000000000000000e+00 5.332968279391127053e-01
8.297543936954435151e-02 3.535949776352260154e-01 -0.000000000000000000e+00 -0.000000000000000000e+00 1.065043180376167575e-01 1.352632911018478157e-01 8.604128652518443499e-01 -0.000000000000000000e+00 -0.000000000000000000e+00 3.132667264190783230e-01
4.959090549107132984e-01 0.000000000000000000e+00 8.504297556335117803e-02 0.000000000000000000e+00 4.452042514067154622e-02 1.632264546248138881e-01 1.867124020703364307e-01 8.266531537726963252e-01 9.569824187814201117e-06 0.000000000000000000e+00
-0.000000000000000000e+00 -0.000000000000000000e+00 -0.000000000000000000e+00 2.924024758762877041e-01 2.041536298333908946e-04 -0.000000000000000000e+00 9.217406788137159079e-01 -0.000000000000000000e+00 1.450453679512407890e-01 2.094199433641217856e-01
1.843384732911856616e-01 -0.000000000000000000e+00 -0.000000000000000000e+00 -0.000000000000000000e+00 6.277192345451201860e-02 5.541788633153535981e-01 -0.000000000000000000e+00 5.150704024424666264e-05 5.413068858362737323e-01 6.016241792333968386e-01
9.104344146875459169e-04 6.585479358848140841e-01 -0.000000000000000000e+00 -0.000000000000000000e+00 -0.000000000000000000e+00 1.401515040041854121e-01 1.727783769176057804e-01 -0.000000000000000000e+00 -0.000000000000000000e+00 7.189012280182235370e-01
0.000000000000000000e+00 7.431314672087571127e-01 2.223013329127593481e-03 2.154538819144278250e-01 7.473915313600831833e-02 4.155519882712708779e-01 4.207873129307427296e-01 1.921896595409284259e-01 5.480034682436313136e-03 9.503710179795329949e-02
0.000000000000000000e+00 2.644115302511568233e-01 1.894052969267415870e-02 2.023808348914454824e-02 7.994675301985845195e-01 2.818047975814474415e-01 4.181346366969512784e-01 1.455993967641088719e-04 0.000000000000000000e+00 1.895240026890208374e-01
6.541541110529811576e-01 4.512318373906256674e-01 4.746420154546761999e-02 4.684339011035184575e-01 2.458472727860578355e-01 1.677868424828226901e-01 2.154092245008038808e-01 0.000000000000000000e+00 0.000000000000000000e+00 1.086030282239799777e-01
-0.000000000000000000e+00 -0.000000000000000000e+00 -0.000000000000000000e+00 1.023257743005391660e-03 2.706846107932708301e-01 -0.000000000000000000e+00 8.727157138721356455e-01 4.042408312760691347e-01 4.017810917930632331e-02 8.434871424256544861e-03
4.145971120226875084e-01 -0.000000000000000000e+00 4.811037251180124152e-01 -0.000000000000000000e+00 6.503478556396614652e-01 -0.000000000000000000e+00 -0.000000000000000000e+00 5.421617656239047928e-02 4.132271932531412229e-01 -0.000000000000000000e+00
-0.000000000000000000e+00 1.219572710887480982e-01 2.518277046851778445e-01 4.312406176395406354e-01 2.541737714535222681e-01 1.810919564026044204e-01 6.433928575446742348e-01 2.429492697501988568e-04 4.736957835455726240e-01 1.860056853033237106e-04
-0.000000000000000000e+00 -0.000000000000000000e+00 -0.000000000000000000e+00 -0.000000000000000000e+00 -0.000000000000000000e+00 -0.000000000000000000e+00 6.463938857703281915e-01 -0.000000000000000000e+00 7.630038954282840624e-01 -0.000000000000000000e+00
-0.000000000000000000e+00 4.886481727401675301e-01 2.496080045615765852e-01 -0.000000000000000000e+00 -0.000000000000000000e+00 -0.000000000000000000e+00 5.406145879674547627e-01 -0.000000000000000000e+00 1.573591855070985424e-01 6.179747254943401824e-01
-0.000000000000000000e+00 -0.000000000000000000e+00 -0.000000000000000000e+00 -0.000000000000000000e+00 7.582376928892783363e-01 -0.000000000000000000e+00 6.519782213248723757e-01 -0.000000000000000000e+00 -0.000000000000000000e+00 -0.000000000000000000e+00
3.230816881252071560e-01 0.000000000000000000e+00 1.935936558120938122e-01 1.973693935502844055e-01 0.000000000000000000e+00 2.968546640147809446e-01 2.608098208775285354e-03 0.000000000000000000e+00 8.550178641370441701e-01 0.000000000000000000e+00
1.666007121072669295e-01 0.000000000000000000e+00 0.000000000000000000e+00 3.893616318624650297e-01 3.317581571591315392e-01 0.000000000000000000e+00 6.664698480858163299e-01 1.265693098645662706e-01 4.461000649384942451e-01 2.266520041205779268e-01
2.032866905680595360e-01 0.000000000000000000e+00 7.730038572047841505e-01 2.019368882125930909e-01 3.040339598785607987e-04 0.000000000000000000e+00 1.242737588494293721e-01 5.521928936415348987e-01 0.000000000000000000e+00 0.000000000000000000e+00
6.560155329035470551e-02 -0.000000000000000000e+00 9.136303517959630804e-01 -0.000000000000000000e+00 1.994933236074042660e-01 1.411529802057442939e-01 8.358202858116900447e-02 2.880534520332451720e-01 1.062709733096165593e-01 -0.000000000000000000e+00
1.850456742635611315e-02 -0.000000000000000000e+00 2.468819588789498420e-01 -0.000000000000000000e+00 1.666282152457524701e-01 -0.000000000000000000e+00 9.544327725138481711e-01 -0.000000000000000000e+00 -0.000000000000000000e+00 -0.000000000000000000e+00
2.438523195750413874e-01 -0.000000000000000000e+00 2.997940494101281605e-01 -0.000000000000000000e+00 4.918985194945422190e-01 -0.000000000000000000e+00 7.231077421712469588e-01 -0.000000000000000000e+00 2.929344873981695185e-01 -0.000000000000000000e+00
-0.000000000000000000e+00 -0.000000000000000000e+00 -0.000000000000000000e+00 -0.000000000000000000e+00 9.380992485890955468e-01 1.511771566634337871e-01 -0.000000000000000000e+00 2.389072991947287228e-01 -0.000000000000000000e+00 2.000964004953970643e-01
0.000000000000000000e+00 0.000000000000000000e+00 2.847120095423580910e-01 7.449810756531393130e-01 3.894200373905007395e-01 4.425023178068185348e-01 0.000000000000000000e+00 1.283978261319804470e-01 0.000000000000000000e+00 0.000000000000000000e+00
0.000000000000000000e+00 1.316961215925407935e-01 0.000000000000000000e+00 5.965343993128057604e-02 4.181260168877795058e-01 0.000000000000000000e+00 3.145953327325093918e-01 1.669399427062782382e-01 7.749217969097688119e-01 2.773540580011217838e-01
-0.000000000000000000e+00 -0.000000000000000000e+00 7.447815740889454084e-01 7.117419602563940240e-02 -0.000000000000000000e+00 -0.000000000000000000e+00 4.482446992888173831e-01 -0.000000000000000000e+00 2.350131984269622776e-01 4.290455999568154599e-01
6.379719803682856183e-01 5.601200601628077980e-01 2.578814367704673205e-01 4.366293946411812787e-01 -0.000000000000000000e+00 -0.000000000000000000e+00 -0.000000000000000000e+00 1.047676503080989668e-01 1.055127775275358087e-01 -0.000000000000000000e+00
1.761305298231679584e-01 6.702060230034160293e-01 4.483839189082365617e-02 3.323262465079006578e-01 2.798156569484751555e-01 4.662540328397969946e-01 0.000000000000000000e+00 0.000000000000000000e+00 3.227886824737577487e-01 8.642076800598479103e-02
2.113186824351933821e-02 2.851644922599457233e-01 6.958784406611391304e-01 5.088038116419882351e-02 2.793850604006563043e-01 3.120315065902166951e-02 -0.000000000000000000e+00 -0.000000000000000000e+00 2.886617190447968162e-01 5.186943247291682102e-01
4.553607971231690699e-01 8.511283322967096165e-02 1.760003136964408410e-01 -0.000000000000000000e+00 8.278647033527009036e-01 1.887602534892020290e-01 1.196964123633080246e-01 -0.000000000000000000e+00 1.382338893126935087e-01 -0.000000000000000000e+00
4.226989869852712522e-01 -0.000000000000000000e+00 -0.000000000000000000e+00 3.776101881961881901e-01 9.536528832571676551e-02 2.138663413500118127e-01 1.881266595107771444e-01 5.674476919430643251e-01 4.516324118098762330e-01 2.500847925899886137e-01
4.073224991537690021e-01 6.863140089814679934e-01 2.486711265249973435e-01 -0.000000000000000000e+00 -0.000000000000000000e+00 -0.000000000000000000e+00 5.488388958444019305e-01 -0.000000000000000000e+00 -0.000000000000000000e+00 -0.000000000000000000e+00
-0.000000000000000000e+00 -0.000000000000000000e+00 5.931130678441728366e-01 3.115950483153960213e-02 1.957390654198294389e-01 -0.000000000000000000e+00 -0.000000000000000000e+00 -0.000000000000000000e+00 6.395160108209343441e-01 4.471593275146755753e-01
1.343873288252470377e-01 -0.000000000000000000e+00 2.141307566610954616e-01 6.353222052591160907e-01 1.318098434400677699e-01 -0.000000000000000000e+00 6.870925685703234143e-01 -0.000000000000000000e+00 6.161333614380636601e-04 2.073242585301502683e-01
-0.000000000000000000e+00 6.657156978858750351e-01 2.713602342803109746e-01 -0.000000000000000000e+00 1.576604321153624311e-01 4.965318678576481348e-01 -0.000000000000000000e+00 4.222268341027772265e-01 1.765419210971648223e-01 4.840429573413312231e-02
2.474695390810310609e-04 4.799417668920721858e-01 4.095694782041494619e-01 1.785413551609360827e-01 6.284896325798528991e-05 7.486289529557352274e-02 -0.000000000000000000e+00 5.333437684504741538e-01 5.140649204843229514e-01 1.253351160397021824e-01
2.889483408324459712e-01 3.788708527647757229e-01 9.994926588528667277e-02 1.219609911186360059e-03 1.685062673932616051e-01 8.390284738668522813e-02 2.200775765124483307e-01 4.111270819034020807e-01 2.562500590482532647e-01 6.666458056460642378e-01
6.873568236989138769e-02 3.607048311972108068e-01 5.486376058151908042e-02 0.000000000000000000e+00 0.000000000000000000e+00 7.521925763472863125e-01 5.854478064162624978e-02 4.835878157945877609e-01 0.000000000000000000e+00 2.430618432779333149e-01
5.853968128592591524e-01 -0.000000000000000000e+00 -0.000000000000000000e+00 -0.000000000000000000e+00 5.449741633496562043e-01 -0.000000000000000000e+00 2.248842367635369918e-02 -0.000000000000000000e+00 5.998399816418681363e-01 -0.000000000000000000e+00
-0.000000000000000000e+00 8.131540340173054604e-01 2.633148455722806314e-01 -0.000000000000000000e+00 2.500386037842468046e-01 -0.000000000000000000e+00 -0.000000000000000000e+00 4.548917516071855349e-01 -0.000000000000000000e+00 -0.000000000000000000e+00
4.672985127320065214e-05 9.640531456343620631e-01 2.053388459675968558e-01 6.236705385800487417e-02 -0.000000000000000000e+00 -0.000000000000000000e+00 1.566775004223020240e-01 -0.000000000000000000e+00 -0.000000000000000000e+00 -0.000000000000000000e+00
-0.000000000000000000e+00 3.260183561371668981e-01 -0.000000000000000000e+00 2.778803165760500016e-01 5.689540693623624801e-01 8.360917267097112138e-02 2.174337989542775990e-02 6.965635495782824815e-01 -0.000000000000000000e+00 1.103544979256790293e-02
1.152978817455236477e-01 2.478998374001173122e-01 6.840879528572537671e-01 6.462874657177080095e-01 -0.000000000000000000e+00 1.170209655286866268e-02 -0.000000000000000000e+00 -0.000000000000000000e+00 1.986235495353257385e-01 -0.000000000000000000e+00
8.041144993387229212e-01 5.813137512777063476e-01 -0.000000000000000000e+00 -0.000000000000000000e+00 -0.000000000000000000e+00 -0.000000000000000000e+00 1.237502925105549989e-01 -0.000000000000000000e+00 -0.000000000000000000e+00 1.265146759185318583e-02
6.972541991885740364e-02 -0.000000000000000000e+00 2.347832389058580882e-01 -0.000000000000000000e+00 2.564925997290721793e-01 2.763074324206175048e-01 -0.000000000000000000e+00 6.172126081667245938e-05 -0.000000000000000000e+00 8.932418159769768273e-01
7.288280707938786518e-02 5.602065018530212326e-01 7.398020003200845851e-01 -0.000000000000000000e+00 2.706593402278446026e-01 -0.000000000000000000e+00 -0.000000000000000000e+00 5.279804206239203934e-02 2.398033784958774894e-01 -0.000000000000000000e+00
3.496829316418627043e-01 2.869945058085522985e-02 3.748353078461071908e-01 9.796089561478721341e-02 1.855993363717494959e-01 5.278991430594065504e-01 5.994014762717382594e-02 3.349981886965587852e-01 5.368049768170842784e-01 9.848621228044913967e-02
4.427938146834585753e-01 4.016989198807019990e-01 6.082515686474715411e-01 8.011982655687908961e-02 3.306473927360511489e-01 1.906855853276889223e-01 3.174624725363056621e-01 1.403970886140119556e-01 5.779331279687999830e-05 0.000000000000000000e+00
-0.000000000000000000e+00 -0.000000000000000000e+00 -0.000000000000000000e+00 -0.000000000000000000e+00 7.224146267347894002e-01 1.208756986441993642e-01 -0.000000000000000000e+00 2.514840563963479658e-01 5.179860966641072206e-01 3.632524543592683952e-01
-0.000000000000000000e+00 4.083674190547684213e-01 -0.000000000000000000e+00 4.769453133009641244e-01 9.526648368392283406e-02 4.441320042111691208e-02 -0.000000000000000000e+00 5.745293153257715821e-03 -0.000000000000000000e+00 7.711536652939087189e-01
-0.000000000000000000e+00 1.020415560728757214e-02 -0.000000000000000000e+00 4.587186569811149001e-02 9.131832025210374626e-01 2.687166404229127115e-01 -0.000000000000000000e+00 -0.000000000000000000e+00 3.027861505071882120e-01 -0.000000000000000000e+00
4.831415101078579966e-01 6.436650722222898580e-01 -0.000000000000000000e+00 -0.000000000000000000e+00 -0.000000000000000000e+00 1.209131060676520569e-01 -0.000000000000000000e+00 -0.000000000000000000e+00 5.810762228768663329e-01 -0.000000000000000000e+00
-0.000000000000000000e+00 -0.000000000000000000e+00 -0.000000000000000000e+00 5.016344388811879718e-01 7.463143573098680594e-01 -0.000000000000000000e+00 4.374674499908697278e-01 -0.000000000000000000e+00 -0.000000000000000000e+00 -0.000000000000000000e+00
3.964898824709208180e-01 2.215574085659357054e-02 6.810040122595978351e-01 -0.000000000000000000e+00 -0.000000000000000000e+00 -0.000000000000000000e+00 -0.000000000000000000e+00 -0.000000000000000000e+00 -0.000000000000000000e+00 6.152547696130608035e-01
1.889970022016362050e-01 2.650520212560260602e-01 0.000000000000000000e+00 0.000000000000000000e+00 1.086022032301158430e-04 0.000000000000000000e+00 5.522844341145591862e-01 0.000000000000000000e+00 5.469724934850702658e-01 5.383591204743700676e-01
4.289295561708706961e-01 3.790538058993249936e-04 2.166893851114972958e-01 4.652868612162953574e-04 8.294836719519830259e-01 -0.000000000000000000e+00 -0.000000000000000000e+00 4.638117459368742892e-04 -0.000000000000000000e+00 2.846425985216013421e-01
