5.356067777545090447e-01
-1.190144703396451564e-01
-5.171796206502453364e-02
-1.267838078586722261e+00
1.003408025915823343e+00
4.048329326187865007e-01
4.013477865712972159e-02
5.379877177392257126e-01
-2.129724555307074052e+00
-1.070311033566633929e+00
-5.091497465849466053e-01
8.839304287843599561e-02
-3.689761288527467209e-01
7.532301915937623660e-01
8.779975769255581319e-01
6.789850725008196308e-01
1.703294213120980505e+00
-8.226345944489401596e-01
1.118183709837114126e+00
1.264099617293600562e-02
1.169611452383946482e+00
-1.199956353607708692e+00
-9.748300297191390129e-01
1.643419002432041864e+00
-4.107233182680999906e-01
1.138277672424649944e+00
1.268898181515503376e+00
2.616986452009621433e-01
5.772077205937174993e-01
-1.931247638351329399e-01
-2.625301220349284037e+00
-1.141242598332657066e+00
1.201588571488803048e-01
-3.664560061400261026e-01
-1.771545346310974267e+00
-7.180107952205703192e-01
-3.663641827822600727e-01
2.823774298457282228e-01
8.310432891762158381e-01
4.473501303186979139e-01
-3.872033626719861288e-01
-2.631127969482101592e-01
-1.368422362537893511e+00
1.114379262601814080e+00
1.262934454804700568e-01
1.151330427133313572e+00
6.772171556482823318e-01
1.259346386714201536e-02
-3.317136940558332303e-01
1.480805495216400924e+00
3.423521989159237222e-01
-4.461326831717583041e-01
-3.226339308530748795e+00
-4.988588383392698611e-01
3.525366547371853176e-01
-2.553704437560675444e+00
6.167549389356236089e-01
-4.210183734135048567e-02
8.393400235558760858e-02
8.196362693010403877e-01
1.636275149036248711e-01
1.272685985865003033e+00
-8.412365994745225894e-02
1.769608945629406460e-01
1.412787328056920311e-01
5.639163344286857171e-01
5.083127550379042958e-01
9.200066025586856044e-01
6.125212568772786526e-01
1.587117028202558622e+00
-2.953781674387277456e-01
9.015307121827982606e-02
-1.315612897895999112e+00
-1.224639846604490101e+00
4.527099982961944047e-01
1.069008468524307087e+00
-8.681227454781731412e-01
-7.933354365032119215e-01
1.041720149618748481e+00
6.915823757256568394e-01
