3.330391963392871754e-05 2.257533812904497124e-04 2.613059572424357058e-06
8.912687470746315233e-02 1.741212620551078338e-01 7.645454332600450098e-02
2.236172734467131661e-05 -3.196921885757628623e-05 1.531781061866897553e-01
-3.884563328117074691e-04 -5.492044828528074712e-02 -1.607877696965812078e-05
-1.561924608474226533e-04 -1.236554719499822696e-05 -7.486799396557354427e-05
-3.420124047600985842e-04 -9.630335125432903484e-06 -5.655202459976995968e-06
1.365058043247976693e-01 9.791218253274540373e-02 1.316222182905748411e-03
-4.654258460879887732e-02 -7.449885234474157292e-02 4.664875106604879362e-02
3.631182107955630706e-02 4.832064230535419724e-02 3.321978728401589866e-04
-4.714502331080021335e-04 3.635628770089086373e-04 1.252078624451376460e-03
8.218522195249741702e-02 2.628017950570253336e-01 -1.204072797641221049e-01
-9.360049493712903346e-02 -3.091240765929268016e-05 -1.406950778437599525e-01
-3.732772617133869701e-03 -3.651883885040327349e-02 -1.365374628684166425e-01
-3.814787009899185399e-01 -6.333186501752504638e-01 4.066082394061923400e-01
9.282617830623172972e-02 6.819787872399205725e-03 -4.574703628452064103e-03
5.230173470772833122e-01 5.320418963143884739e-01 2.637357735746052034e-01
-2.439950032108866118e-05 2.776104577743784761e-05 1.457450884306005646e-04
-4.302274374101717081e-04 -5.720122457597974931e-04 -6.945162617428738681e-06
2.851562013876708424e-06 -1.335663926979097820e-04 1.967096952017830934e-04
1.235136147447675231e-04 2.739791595511285351e-04 4.616726209268175250e-05
-1.863479456554189987e-04 -5.388700764846910535e-05 4.215376910656978707e-05
7.856784140155074732e-04 -2.044085796733732926e-04 -6.258105953667293057e-05
1.183165885513869781e-02 -3.432232649429461241e-02 2.323380313302649824e-01
3.711484632825746144e-01 4.901892304584899995e-01 5.108185698431730870e-01
1.411221939487116459e-04 -2.301536435645626724e-02 7.660594731856208706e-02
4.492394858529894508e-01 -1.570625518333903514e-01 1.542801209997470280e-01
9.452981368422198622e-05 1.133973600472053733e-04 -8.512376641125850426e-05
-2.101729368490433750e-02 5.252248602465951072e-02 1.492966341311256218e-01
4.448690077922480834e-01 5.779546647337318460e-02 9.068360352800922120e-02
9.809947540321199699e-02 1.777470605587648175e-02 6.031368817993093545e-02
1.284595800811386967e-01 -1.161913355318733082e-03 1.323383953043211769e-01
7.471346326674728200e-01 4.444203878218545567e-01 1.840074308251219981e-01
1.057641952863086487e-01 4.660567978872715011e-02 -9.686249274474487483e-03
-1.397209869545038841e-01 -3.576376005068855612e-02 -1.823026817742682271e-01
2.979832309045413741e-01 -3.669732156434515891e-01 5.102897896780955733e-01
4.204265404133342848e-02 4.752211686688463665e-02 7.981685919169496934e-02
4.991298123419638357e-04 2.621146863113529846e-02 8.299391750425698377e-02
2.208685518981798046e-01 -1.112624223627865783e-02 4.625443020539155570e-01
5.615017218524170906e-02 1.461536035374254078e-04 -3.957789988219707782e-06
-9.060374868960126282e-02 7.535121170979001970e-02 -1.607644811350965016e-03
6.986008276728055133e-01 1.881922007462178692e-01 7.773969896186089246e-01
2.454844309374536594e-04 -9.752049202555379201e-05 7.871634496825046442e-06
8.950881068777032947e-05 3.306528718929569398e-04 4.308967122020165009e-06
5.352127883637145533e-01 4.523403256215936530e-01 2.644877594026217443e-02
-1.245899871626929972e-01 -2.109879016832953702e-01 5.488371909684066491e-02
6.333359335722028582e-01 9.380405803872422787e-02 4.969399180639980651e-01
1.245186511241891530e-01 8.089280167401492749e-03 1.358400159648236183e-01
4.494875768806061433e-02 4.838136354421083973e-02 8.356927646745060390e-02
2.596439710607585938e-01 1.289317677240013615e-01 -3.433414554203489955e-01
-6.872732862266026088e-02 3.226871618609349762e-02 1.136059550488777298e-01
1.779734982887162809e-01 7.607892948369067432e-02 1.405015404547768024e-03
5.861699830931240696e-01 3.619716819016257636e-01 -1.420470746502985049e-01
3.383390104009235722e-05 -6.054391249863048903e-05 2.117285346446504948e-04
6.137689213003673094e-01 -2.846623867724631385e-01 1.877965678094813962e-01
8.080466724002983991e-02 4.434500955450074861e-02 3.932377966131508809e-04
9.465398670276469195e-01 3.631727866582257214e-01 6.206606790570475818e-01
-1.272264708253501367e-02 -6.285442966555918054e-02 2.209581331492784240e-01
-7.660030319985033920e-02 -6.009305472883220284e-02 -2.949572936213492036e-01
-2.969795734892362038e-01 1.692525627546964673e-01 -1.900605016451358334e-02
-4.722422773948177374e-05 -1.637966457298458301e-04 -1.810351974908958129e-05
6.593427507498209605e-01 2.016132624474342161e-01 -5.524186063161482529e-01
1.245895771416740405e-01 7.139362634138743391e-02 1.408940732083827363e-01
4.092227401489275187e-05 1.172809162629992723e-04 4.677774418932468246e-05
2.845006075485904673e-01 3.926782385156965538e-02 1.913296250464863735e-01
7.106654700485349752e-01 8.994691990327390307e-01 -1.503731615030058644e-01
4.841060135925542296e-01 6.454140331154566146e-02 1.286303602072574881e-01
-5.479694932888173886e-02 -2.399198366256952500e-02 1.271711380247337042e-01
1.597671705118036277e-04 -3.408431786846169778e-04 1.721938048816759603e-01
2.229039047716181166e-01 2.861730559694563637e-04 4.148808460651253610e-02
-2.590055505337736461e-03 -1.577822068815352974e-01 -9.028040835938475062e-02
-4.383627325761582660e-05 -4.664542091970347526e-05 1.047864196600556440e-04
1.781264556373533536e-01 7.619475270229576769e-02 1.921398431682704499e-03
1.391341451107480770e-05 -4.357458172042827691e-05 -1.239353780750084054e-04
-3.339167963059522411e-04 -4.100291935698926592e-04 -1.406001403945862855e-04
2.422509892682057353e-01 -2.120033978207220560e-01 1.361701425833695689e+00
-1.929160929560299331e-01 -5.133189554997361764e-02 1.236491991092322218e+00
8.978824874214723639e-01 2.281215879235806432e-01 5.153461984907932170e-01
3.498998320331190848e-01 2.614691396161101800e-01 2.391564671662390618e-01
-5.426686120853702056e-01 -3.227697912548249115e-01 9.115641018323895894e-02
2.180414884496843231e-01 1.731601062659485490e-01 1.580748962944942548e-01
7.986838051916758663e-02 -4.549938166992519711e-02 -1.463130784855262538e-02
-1.653886938066679701e-04 5.271264608008272316e-05 2.375811727488531192e-04
-2.231108038593714593e-01 1.085520063401742702e-01 -1.234144550857603079e-01
-1.756621902125642457e-04 1.136140393087488559e-04 2.113009379580097500e-04
-5.152211721846493980e-02 -4.701979574730242306e-01 1.585869304021985393e-01
5.785023840715926013e-01 9.930944741246149066e-02 5.152340509425942239e-01
-4.885745266071577164e-05 -8.002724612292932678e-05 1.145183272295986970e-05
6.049456354854665374e-01 1.706611015616223692e-01 1.062826043391394554e-01
-3.526432393479149441e-02 -1.084091030857199378e-01 -1.547757256029834716e-01
-4.443761681659842325e-05 -3.474223891337193965e-04 6.626770429815666478e-06
-6.897754243988154510e-01 -1.430079553930850012e-01 1.643211153888225473e-01
5.166457346950517060e-01 4.249959052295018136e-01 5.269393931418778765e-01
1.567962362413021227e-01 -1.868383890015580182e-02 3.737740449173237306e-02
3.381872807748044218e-01 -3.390555480899919982e-01 6.820555685104330301e-01
7.970321439362791915e-01 3.808622654301475063e-01 4.249683417429415133e-01
2.218176624317983181e-01 9.100580350129751361e-02 6.555086302879710169e-01
-1.716324008038644215e-04 -1.210441669119482539e-04 2.075643812229759574e-06
3.111840616814106242e-04 3.425961943320548131e-04 1.437008088734832018e-03
-2.164475963265438186e-04 -2.158714112712438612e-04 8.556936157134642442e-05
7.860693038985524517e-01 3.807437498290018874e-01 3.468208333048142800e-01
8.613071547077189027e-02 4.817540126583082054e-03 2.780834157558245570e-04
9.654480662001774238e-01 3.266855780074783000e-02 -4.466271497834331528e-02
-1.012647536412942530e-04 7.251973928461445738e-05 4.395017862060800759e-05
2.448741031263984569e-01 1.112673650917029439e-01 8.637061948200401573e-02
1.260420379800417330e-05 -4.890874473248861591e-05 -2.000509189582930984e-04
8.894684221009959701e-01 -1.443798767335983113e-01 4.982790249803612515e-01
1.050864624659338375e-05 4.407067799633313800e-05 -1.346977207824675128e-04
3.493454798497032665e-01 -2.370882698469282124e-01 2.574184199687137298e-01
8.384372022822731418e-01 8.598216062762037426e-03 5.861967690986622515e-01
4.465280413091323730e-01 1.036906170106746267e-01 3.467912097104821623e-01
8.096678480463975758e-01 4.231675680735688116e-01 2.000442203105541328e-01
9.613071215460606140e-06 -2.372303269936350809e-04 7.386887942918549848e-05
-5.947612055412940801e-01 -1.017602739562925018e-01 -4.119072978387242068e-01
3.943483171850674651e-01 -2.426909275538281507e-01 -4.557378478918970299e-01
2.286388848319335823e-04 2.865191132066069023e-04 -1.247596985423710038e-04
4.410809651840087026e-02 3.364517461600644347e-04 1.329973657960341294e-03
4.264638820554544907e-02 1.073714717344065618e-05 -4.246522477858091088e-02
1.339863606532978868e-01 1.203416219459736702e-01 -1.855960044329543323e-04
-2.771599473306923106e-02 6.547779539437634418e-03 2.453206653648044855e-01
1.455614921219384461e-01 1.625684578152997509e-02 6.920726052307865639e-02
2.880778407348807968e-01 3.305755008006752010e-02 2.025874878913281885e-01
4.289942549194131205e-01 3.269480484670249099e-01 7.653134542420417796e-01
6.463964180713877017e-01 5.585828276533607584e-01 -9.832120487293873057e-02
-2.119322730227261072e-04 -3.817701616729796132e-02 1.161542921122269145e-01
9.321902209155257246e-01 8.357414556518825144e-01 -1.964800191178004141e-01
-9.189335511435041404e-02 5.690325810019519759e-02 4.132671058948769738e-01
1.044543086098776970e-04 3.887067574059131629e-04 -2.850453986081537061e-05
-4.716443861821035394e-02 5.552419753174540201e-02 1.818119822176544609e-01
1.288235161558858033e-01 7.353340873029651226e-02 5.444429016081552691e-02
-9.919360194758757021e-02 1.433667360090577596e-02 -1.965099551757305829e-01
-2.983264985062623054e-01 3.069073052376501964e-01 -1.197063503086393532e-01
3.886336755737349602e-01 4.491631320351059942e-01 -5.807841640517635851e-01
1.312122919792608755e-01 6.496250368419657917e-02 4.146931934281381936e-04
-1.905240057640026838e-02 5.450927355216520637e-02 -3.025796005880474794e-04
1.356021726284706019e-01 1.679647205685057265e-02 7.020354361829221623e-02
7.302515149179363840e-01 -5.027066375739247528e-01 -2.593354912221607078e-01
1.080452993310317272e-01 1.032650463594986107e-01 -1.142307233195242744e-01
2.883746555007115492e-02 -4.321507254689878341e-02 1.915618806074627645e-01
4.207125885505467733e-01 1.744748515234972042e-01 8.693752191493531178e-02
9.914751399364145623e-01 4.208013720476727060e-01 -1.388907005166823694e-01
-2.548333136746277127e-04 -6.550712574317613362e-05 2.254531867272460764e-04
1.074442196040264613e-01 2.377130573631411684e-02 2.401527101056366575e-01
7.811269563974974905e-02 -8.824278116369721221e-04 1.275544599718957117e-01
1.635186884994353079e-02 3.714616430145650100e-02 -1.667302477389016047e-01
-1.468923783544571759e-01 -6.966900495334087118e-02 -9.610284645696662298e-02
5.230536305710651312e-01 6.458822834627662990e-02 3.741837539657112965e-01
8.756157274033569970e-02 -6.376658403606497887e-05 1.584312540128082480e-01
1.129373386181139333e-01 4.590642922047434571e-02 -3.610331156289476873e-01
-6.143072938819337068e-05 8.124620100471664286e-05 -8.714607700517377153e-05
2.636649842363640306e-01 3.664149414289703532e-01 1.049141911177176034e+00
1.810082630621173629e-04 8.647495165515158596e-05 1.048750331885149632e-05
7.387268154626190908e-01 8.734625462340154245e-01 5.135307028870652601e-01
-5.308705611949773862e-02 1.394340482696035041e-04 -1.339515940570138862e-04
2.569766848871664713e-04 1.983651411828837524e-05 9.736910606292177367e-05
-1.472631631559771076e-04 8.907612827288893234e-05 2.635782842552603783e-04
-2.731363672197129611e-01 1.423345967678360802e-01 4.043221432896239032e-01
3.817139048974602100e-01 4.599843493284701545e-01 5.307927628459262470e-01
2.154834586384133364e-04 8.418649342925121903e-02 6.458008330134089314e-02
1.593736864512445839e-01 2.427423943999313938e-01 4.358395951553303838e-01
1.210490429104835869e-01 1.389509214464321463e-01 -9.459574694609569623e-04
-3.247118359985659564e-02 1.512224983402935263e-01 4.379876019321513742e-02
6.489334353350982854e-01 -3.027577667074370371e-01 2.890675297552720568e-01
8.691941841828874915e-02 1.072298869974030178e-01 7.328887500665366012e-03
1.713782275871421901e-01 -1.288113108017219233e-01 -1.144274009983028140e-01
-2.117795910842026267e-04 5.214256201617318664e-05 4.497921866508119896e-06
3.567134535611557467e-01 -2.774248102830508267e-01 6.334312772295709326e-01
9.320760176824030574e-02 1.050730934293149788e-01 2.975033807273326850e-02
-1.638789398260602156e-04 -2.789280579283130355e-04 -2.214648072430029310e-04
1.172012526593058379e-01 1.065706606803518419e-01 2.723019959469926820e-03
-3.703132568266866431e-01 4.584204883963216570e-02 1.289540217312732662e-01
1.057511578067257707e+00 3.025409289532253188e-01 9.680135922844915197e-02
