3.113273046992055537e-01
1.339484884253953290e+00
7.216667575434880799e-01
3.065441892997823325e-01
7.388450863889950426e-03
7.749477765440471178e-01
1.432836148571486223e+00
-7.206128304290546072e-02
1.409274663514996861e+00
5.875030960502168886e-01
8.162721459158978066e-01
1.338061832304747178e-01
1.039192474687653522e+00
-1.612496058388806164e+00
1.526652560559704108e+00
3.203431321555213263e+00
2.025168030727338975e-01
6.798530523253653035e-01
4.653450636445018995e-01
9.200174799133695736e-01
7.282073456329294370e-01
2.306364635867372836e-01
1.474581310377811372e+00
3.123192172529615895e+00
1.352084209119112757e+00
2.547136135960092584e+00
8.014673646377311611e-01
4.896959916842702487e-01
2.079200538165366652e+00
1.025600851695523064e+00
1.107726109481475874e+00
2.849720957853748793e+00
1.363166140513467628e+00
2.133385938919333258e-01
1.376135319128479306e+00
8.825977211734449268e-01
1.200786901360384906e+00
2.151757942949017011e+00
5.580246628555582955e-01
3.722574952676013793e-01
3.284235165699953107e+00
6.110660321388742267e-01
8.291505084060529773e-01
2.210461788615921908e+00
-7.798641642479493541e-01
2.760834642323310106e+00
1.453206460766596875e+00
8.954243715540435300e-01
1.082405533302035261e+00
5.746203214912238844e-01
1.084309679898120660e+00
2.957188057146758364e+00
1.019887618590641365e-01
1.258467232150392912e+00
1.001888770014976338e+00
3.625345366755510668e+00
4.733008330839485467e-01
-7.654588720628102694e-01
1.225411644183164173e+00
7.945648057020134880e-01
1.244950531977236707e+00
1.449324481438898138e+00
1.306949337225898233e+00
1.739206557050759328e+00
2.727036377874596074e+00
2.345113130196345708e+00
8.771585217308495164e-01
1.342678869708122225e+00
1.255749991752007855e+00
1.186485347095954213e+00
2.858485256044306366e-01
1.347103144614956172e+00
8.110405370316485785e-01
4.054265088759492208e-01
3.280028009307109471e+00
9.709595103651671444e-01
3.243564822297194006e+00
1.980625995403200390e+00
-2.026130404247737271e+00
1.906966613219580386e+00
1.589008440202029471e+00
7.865045933240426557e-01
-1.088081389605026539e+00
6.008603734418509479e-01
3.673773402326428461e-01
2.644768725186508185e+00
8.791204860959989098e-02
1.404336269973217144e+00
-3.346321454357347180e-01
2.282895465373135924e-02
-6.895519466698916133e-01
1.841957858598603393e+00
1.022128879368449317e+00
1.198970923783770903e+00
3.401738468004990690e+00
1.021393203490756241e+00
6.024713332121246490e-01
5.195208735245863130e-01
6.865116872928839209e-01
3.207689215007349048e+00
1.100345604222707774e+00
2.199591719625700215e+00
6.949695422127715183e-01
2.066747780159730041e+00
5.760786338260298622e-01
3.366289691433525189e+00
9.615256196969013125e-02
2.132368008858796848e+00
3.268159860896396651e+00
2.497832956605714916e+00
2.996078191668116286e+00
9.173959769487510796e-01
-1.655996249083317107e+00
1.098499225464373980e-01
8.314555430188278473e-01
1.093123051822284308e+00
7.871020993510381425e-01
1.344087877451125568e+00
1.245979637144443819e+00
1.363081787838078096e+00
1.954711081935211148e+00
3.172170739298770137e+00
2.803729109053630264e+00
6.948572597984441490e-01
3.083414978336999734e+00
-1.335098102903566064e-01
4.876546283195923870e-01
1.125348599784845360e+00
1.473315686051342555e+00
-9.018565691229806225e-01
5.300383098543637317e-01
5.842783037332221346e-03
9.247958305040185900e-01
-2.638659906230354513e-01
1.159568474797456838e+00
7.040963304830516467e-01
1.129515603045517569e+00
1.388415940118520098e+00
2.163637790864219035e+00
2.881716998685639020e+00
6.601296179596232161e-01
9.475374419691524608e-01
1.193245090495506533e+00
-1.269651020646019313e-01
-7.131946885990062546e-01
2.783023271038893132e+00
4.233650051098629685e-01
-1.236133929884263155e-01
1.964844318641660870e-01
3.284963687701420110e+00
4.182073906706152977e-01
3.477820746364718829e+00
3.264744450989696678e-01
8.951560765114440210e-01
3.697715358977925471e-01
1.977761052367625616e-01
2.047793242480944187e+00
1.151931458715876433e+00
2.552164129475279708e+00
1.297083147189773911e+00
3.976533686513464838e-01
2.727295430611544891e+00
1.265203057702536160e+00
5.041829005798156293e-01
4.351154202048523878e-01
2.605310912454996686e+00
1.158014592507212948e+00
8.959674118890732508e-01
7.709443385729360942e-01
-5.927660725764738459e-01
3.238110994688878197e+00
