-3.475098065660151558e-01
-5.635654467774172671e-01
4.243180306915413091e-02
-7.982246068046506826e-01
3.347920910561171803e-01
2.408641162166255678e-01
-3.629138087577897520e-02
7.554301845239758118e-02
-2.068523155652829126e-01
1.722039814463671992e-01
1.538709707113720127e-01
3.413335402162372412e-01
-8.018905438745674852e-01
2.207884886472864794e-01
-9.461777801229631635e-02
4.134584619747470047e-01
1.967084681804359414e-01
1.629515343455755216e-01
1.430010456844533484e-01
4.303855850910009301e-02
4.210148090537933485e-01
-1.512162791157455888e-01
1.177088899986106080e-01
-5.348264979658540197e-01
-9.666956623841288510e-02
2.322117149011738158e-01
-2.517145817167236732e-01
-4.991906823113786418e-01
2.441950393614356063e-01
-4.695123933097020696e-01
1.709746636560102451e-01
-4.287614074457002933e-01
2.033593371189924004e-01
1.433324868033595545e-01
5.335570442079182740e-01
-4.079886114966114197e-01
5.189599795919593028e-02
2.256025577608874177e-01
-8.305878068571048711e-01
-3.922748933761653900e-01
-6.785218190037204389e-01
-3.346200614436821430e-02
6.166591056321483189e-01
1.471369975138744901e-01
-3.760471921852204247e-01
-8.590119432445826320e-01
-2.963407952145360458e-01
-3.743760838394750157e-01
2.549230668419676937e-01
1.268392233371491359e-02
-3.472939102362513353e-01
2.518152597151224747e-01
3.210410339388045653e-01
1.208862415827742093e-01
-4.014913243672078164e-02
2.238984999557928346e-01
8.361218091101213501e-02
-2.255568228575834389e-01
1.719698328319867742e-01
2.265476064038703941e-01
5.409814217508508438e-01
4.411372275302625767e-01
2.959601034106337791e-01
-1.745795961449439770e-01
1.726858389020569096e-01
2.262729119604683370e-01
5.605954493527828264e-01
1.860339939369861917e-01
1.072953658441526750e-02
-3.715382213781334014e-02
5.089685969373007601e-02
3.798655090839241355e-01
3.001827999656213608e-01
1.037735161318798505e-01
2.922035164125695306e-01
1.272845994100668399e-01
1.779231111025603163e-01
-6.003922219553636808e-01
1.261973616632520445e-01
-1.676258591085744154e-01
1.592236747572077504e-01
