2.922002769567604713e-02 6.026033858163742929e-01 2.582455627275775933e-01 1.140836626350708212e-02 7.544497517362043215e-01
7.711942008499114154e-01 2.187265522940280982e-01 5.114717916931482700e-01 2.268519170458932199e-01 2.106015525390031173e-01
3.846380498364161404e-01 6.168441289176944398e-02 1.107870362250303192e-01 8.973672584874839986e-01 1.752336720592460040e-01
6.135594997807671813e-01 5.229485502336801428e-01 5.012765241887449097e-01 2.127830856977169227e-01 2.313325717997267161e-01
4.023534166966409309e-01 5.380669871327353748e-01 4.857164670099655135e-01 5.284774516341874673e-01 1.827203935526419132e-01
3.636929792172934328e-01 6.455512572351511658e-01 4.334983204555485914e-01 1.514992201495108382e-01 4.900185543491936135e-01
3.159147116613086892e-01 2.966610374798787086e-01 5.405714863672295145e-01 2.749500451206197682e-01 6.666146297616094563e-01
4.124016932900189114e-01 7.532599171077376810e-02 6.543640126163888793e-01 3.309282496981588717e-01 5.352990480923771610e-01
6.987370721158098208e-01 3.980214494702624117e-01 5.817192237445095726e-01 1.209006185823872925e-01 1.819931221497660470e-02
5.458252123288970248e-01 2.247320424262342353e-01 5.572749828414392814e-01 1.506764853393361414e-01 5.641910465063285640e-01
3.372225174577681006e-01 4.367288920655618689e-01 6.048680109565768293e-01 5.307049043377558561e-01 2.191708064225708075e-01
7.714664368336195954e-01 3.491142713795073460e-01 4.234500540042849814e-01 3.302350601475600132e-03 3.219284215515427205e-01
2.795266446172990915e-01 4.059317873046045522e-01 2.011555486915426183e-01 8.445920389297546516e-01 5.731467536126973183e-02
7.730623037377529760e-01 5.470027509129345988e-01 3.091003728314661858e-01 7.468398122569540332e-02 4.518769187609529558e-02
2.421439899248124458e-02 5.013457799111505908e-01 2.971008418751766023e-01 6.088977906168595577e-01 5.376250014514591946e-01
2.405627338728739961e-01 6.757388579690538633e-01 6.879225883307891198e-01 8.833943569992258604e-02 6.682232760668138649e-02
2.634911405580493415e-01 7.596341276304037216e-01 1.674908320333939604e-01 3.130225704667764508e-01 4.769613218592752557e-01
2.592205404213489550e-01 4.696311012398292073e-01 6.623075872730067593e-01 6.120475856732576075e-02 5.194747130912660271e-01
4.483940572728277174e-01 1.265725377808713525e-01 5.406206523591297053e-01 6.389696958922558290e-01 2.870003485298741053e-01
7.031688197938888996e-01 3.868144544654343320e-01 5.840293523497839256e-01 8.030025301674234561e-02 9.159570757201028479e-02
1.880994235565193184e-01 4.242638710198397556e-01 5.638511012268022649e-01 5.623593107535251878e-01 3.878694572392989981e-01
4.030183293030947800e-01 1.250033163064031561e-01 1.424822075752498751e-01 6.602181108297900947e-01 6.047819969335810342e-01
4.090787202514507004e-01 6.459597855277332545e-01 2.972884199751924320e-02 5.727882690938560506e-01 2.939733846121978522e-01
5.595863360513626539e-01 5.869174910823563573e-01 4.948772680072026087e-01 3.119780006229001534e-01 1.253825758504361482e-02
6.837522606717534313e-01 4.611859875772905681e-01 3.488530115956091637e-01 4.446025180836985502e-01 2.050629422724063386e-02
4.658585342649653183e-01 8.916702537791140054e-03 5.372347647235090617e-01 6.219661387207718883e-01 3.277701150587102874e-01
2.554417722293434445e-01 3.999971122072560337e-01 7.865210911177173969e-01 2.761549728127990488e-01 2.826213287137857577e-01
5.662193755442458398e-01 1.697310874693040150e-01 6.001257841106597546e-01 5.048714037156771806e-01 1.885229048696719645e-01
6.138091288293875403e-01 6.595146794559422210e-01 1.985726595098886993e-01 3.801839975907290170e-01 6.563358758239908053e-02
5.725836151007857033e-01 8.934174352805446251e-02 3.555841153596792648e-01 5.944879068640540609e-01 4.293135475124827405e-01
7.688705414229912716e-01 1.661532753633461826e-02 5.601271592033343349e-01 2.885602497291563928e-01 1.074828787380863321e-01
4.048932330269564561e-01 5.363450965289789929e-01 4.568317122102082406e-01 5.490593506670283785e-01 1.955352230225789190e-01
4.585318006366956856e-01 3.170647187174361892e-01 5.515207196347238217e-01 5.186688277043989270e-01 3.406260338418711231e-01
2.482000644444039839e-01 2.190190203334045627e-01 1.828150615081598485e-01 9.257442983785820756e-01 1.882564023905205271e-03
8.951822287756677765e-02 2.133725364318197482e-01 6.263465308571830592e-01 4.182494180974019593e-01 6.158052419506109265e-01
2.777092345750662439e-01 9.896265228557178661e-02 4.086766708329032105e-01 5.737261593593219189e-01 6.456823114102420158e-01
5.524505236476152659e-01 4.839240062225028116e-01 1.371841049819193768e-02 5.101758498266947273e-01 4.473794615201414637e-01
5.288517131674567162e-01 8.572967424480200382e-02 6.873682508185885442e-01 4.902213659460948891e-01 1.319805176021182809e-02
5.592529798929485318e-01 -0.000000000000000000e+00 5.099017140412812621e-01 9.443538330807461911e-02 6.467753125143830273e-01
6.868993588620675439e-01 4.958509931980810137e-01 5.194809419155074215e-01 3.714294938950394361e-03 1.114756401149643028e-01
6.950853359347341706e-03 1.160231781863082789e-01 1.844052393879301033e-01 8.165865466860832145e-01 5.344823918696505194e-01
4.015293478886663991e-02 4.111814570665596469e-02 6.988129055016384372e-01 5.004216134196055599e-01 5.078737755076200289e-01
6.372268216106281580e-01 2.920983033761047065e-01 4.928715161968243441e-01 3.101987092490708919e-01 4.116734000234549828e-01
7.563567183574736452e-01 5.502756342026765557e-01 2.240340560447923873e-02 1.483808455543650928e-01 3.203161767507977098e-01
5.264590519145231351e-01 6.415600072306887336e-01 4.713488149412674577e-01 2.134467384261994616e-01 2.085962806190481134e-01
4.586399745170652298e-01 7.502355947833935224e-01 4.066721919119195561e-01 2.478039832291340505e-01 2.615399840093186878e-03
3.984381115354184155e-01 3.750874655975706129e-01 5.122709384173920188e-01 5.353265630546819587e-01 3.893076174039074022e-01
7.212867753939383730e-01 5.058878632033259048e-01 4.102133337799572788e-01 2.355357484277435520e-01 8.413650046409036284e-03
2.003857020691634794e-01 9.084373181182450185e-01 3.294881951298381240e-01 1.586417833359799190e-01 2.928349887634320789e-02
8.090100000570907834e-01 4.241035877177958824e-01 1.639737177321673456e-01 9.809479240738926478e-03 3.723645534991705253e-01
2.292555776271005263e-01 2.571694812036128819e-01 6.472272105796453845e-01 4.067573418491553516e-01 5.449322350544423266e-01
3.221916864657098367e-02 5.642641488702149211e-01 2.786600473884887075e-01 7.402936343187728196e-01 2.342686672349590937e-01
3.509664257508357532e-01 6.570662585684898804e-01 2.141458978725841178e-01 5.911806504543221097e-01 2.230100284723515458e-01
5.997362235022479782e-01 4.394152629837198010e-01 5.489044386517270002e-01 3.283488990799363627e-01 1.952475520400613340e-01
7.769545461027782540e-01 4.391878616640806920e-01 3.276437602119716686e-01 2.189848436979393020e-01 2.194330423657919193e-01
2.597861755105316806e-01 2.841106526222904050e-01 3.399601834046989124e-02 7.620410321560295852e-01 5.195478958938387626e-01
5.240082999251601814e-01 5.067684114609367629e-01 6.409267063973653755e-01 2.045608952776706846e-01 1.263680177288750428e-01
5.877033407328762227e-01 5.895156515099492234e-01 7.124498737669991699e-02 5.389130749012310817e-01 1.075775505875231769e-01
3.760814946989340934e-01 3.178500479641188647e-01 2.837687657393238999e-02 8.682627898513857190e-01 5.337168715357567400e-02
1.530601284449432387e-01 6.610112934817721220e-01 1.410640262398946479e-02 1.575737991783960068e-01 7.173619547951148867e-01
2.904848038499087404e-02 2.185492645962825997e-01 4.766650574196013013e-01 7.296987520467479449e-01 4.378613468077922621e-01
6.682025034589057777e-02 3.624063613061440092e-01 6.118798341789437600e-01 6.455007305504640858e-01 2.704229258264145841e-01
5.018562898650028581e-01 8.353741560236961350e-01 8.261702393789481513e-02 1.964953301588224510e-01 6.967278056782530427e-02
6.069254179799682403e-01 3.722533008002341659e-01 3.556544232509825099e-01 3.050787521669615088e-01 5.229779185122750418e-01
5.081764071610659350e-01 4.483947441852280669e-01 5.688511095699722020e-01 6.753518068480326986e-02 4.610274472336943208e-01
4.068062775488980320e-01 3.401020609995081267e-01 7.729139159757513200e-01 3.324480775338836125e-01 1.045064346619386519e-01
6.073653936766066908e-01 5.139205014462708832e-01 5.853397316297660052e-02 3.249680890115676513e-01 5.079001002827229216e-01
2.809538006053993731e-01 5.088538564357191207e-01 7.620751186732777072e-01 6.128357260575226229e-02 2.786010623520008833e-01
7.348673632567442882e-01 1.515572875026371669e-01 5.102222246548602236e-01 2.763216084338595072e-02 4.194163709016301422e-01
6.541909263797707208e-01 8.907744135257052165e-02 5.325230578481273680e-01 2.727409219733697432e-01 4.540165455417380924e-01
4.743771031487072909e-01 5.227993622779946170e-01 4.148640511120684216e-01 1.806449939589349352e-01 5.448875077136768885e-01
4.881594915078278918e-01 5.236125249438492446e-01 3.748150860789959959e-01 5.712619086987230643e-01 1.438878642910248196e-01
6.014713604723409546e-01 6.638064403114464218e-01 1.975369830321765663e-01 3.734043914730498237e-01 1.383528572013767166e-01
5.220963665068297788e-01 4.863590795921418075e-01 3.768642255373717553e-01 4.680091605436659252e-01 3.602929515491261059e-01
3.088692561094911748e-01 5.872878039227923397e-01 1.056576317838370804e-01 5.003839817476977148e-01 5.460266968290691247e-01
2.536959265640001959e-01 1.601897799810970691e-01 6.951999403109545561e-01 3.349714553070229361e-01 5.607751584686875290e-01
3.919248639975800863e-01 5.869946017461963317e-01 5.751907782368010924e-01 3.295579747767939938e-01 2.497585802203080296e-01
5.752991903212723024e-01 2.692137372240396287e-01 1.520293287173047625e-01 4.788197514629964902e-01 5.866630499053389070e-01
3.267152782175613557e-01 6.685498419394132474e-01 1.773020018655032115e-01 4.829302734359481875e-01 4.261931333979615544e-01
1.122086141083525612e-01 5.210387184913342074e-01 1.093589321428812960e-01 5.859348372198373012e-01 6.005404826033983179e-01
5.776519656098206834e-01 1.086229048231326377e-01 4.360866558239306356e-01 4.598833934301883586e-01 5.028468596246083999e-01
1.933931037728462421e-01 2.458402563374381677e-01 3.665506629328647015e-01 6.620713316808031212e-01 5.739894067375574949e-01
6.851684030448449425e-01 2.210946631450169328e-02 4.568751711278351557e-01 5.658565957644731137e-01 3.356816952140736360e-02
4.598170123812186372e-01 6.387936025545391805e-02 3.910492047405261240e-01 6.962593810681162454e-01 3.831333138799210003e-01
8.110174388342706459e-03 5.073666463666893778e-01 6.056934611598400187e-01 9.073014136663308180e-03 6.128347434249291625e-01
1.154898281199367993e-01 2.742568788721769235e-01 1.057125231838305923e-02 3.799710223191646863e-01 8.757599755722281776e-01
2.365983676963122895e-01 4.266387702235522328e-01 5.981602726503236767e-01 4.378437057110559083e-01 4.609747821060022899e-01
3.550979714998509507e-01 5.317931022531199314e-01 1.451073685111379241e-01 7.034142074363579633e-01 2.743243179398195397e-01
2.707989498375762971e-01 4.516813046271407339e-01 6.075588321233519329e-01 3.831620500050674227e-01 4.546548545457452795e-01
2.077794938341466224e-01 4.639119571856689661e-01 4.689894027449034164e-01 2.486691203698621067e-01 6.781047018047035024e-01
5.645240924759166168e-01 6.274671444372849072e-01 1.048601725669611254e-02 2.244698971353230321e-01 4.869300159038382203e-01
5.709134269854553301e-01 4.115400468489369690e-01 1.454629361618406114e-01 5.924043939527711133e-01 3.641293958964647581e-01
4.459095713900938507e-01 4.838745249661827730e-01 3.762333465671689470e-01 5.138742595537070246e-01 4.017608897471873219e-01
1.456979738795616541e-01 8.561930599420435745e-03 4.295416739600351197e-01 7.286819481524735576e-01 5.130451856514475217e-01
1.525178127332261768e-01 2.676803040935704647e-01 7.568143356205012662e-01 5.689894546140552567e-01 9.256691383396986605e-02
4.455954085394691622e-01 3.855538925749004142e-01 3.637813666335982798e-01 3.308044203766128954e-01 6.411119095433889248e-01
2.752700631218307215e-01 7.931617210674107854e-01 4.056903306812280063e-01 3.612827465675385041e-01 3.318012455946827560e-03
8.011423650567730051e-03 8.858868896090907885e-01 5.833754404307333469e-02 4.482391267029692261e-01 1.040127499752014906e-01
6.833533812539717145e-01 4.457355798576185385e-02 4.267745656135035065e-04 7.285111186658573823e-01 1.768395037725525865e-02
3.187121985795738494e-02 8.961423986674773579e-01 3.771414518515375878e-03 4.386782043596150205e-01 5.882377162014632010e-02
6.484177110822583190e-01 7.243214822301869971e-01 5.981727534118721351e-02 2.262751964294303086e-01 1.158841603884440061e-02
4.230732888887544507e-01 6.552607620881772954e-01 2.476818798194549420e-01 3.538621117818427364e-01 4.528549637034679498e-01
4.611874612760133441e-01 6.730373044360593582e-01 4.801359160946200300e-01 3.208800425237650078e-01 2.885156469163913801e-02
2.115352341226126309e-01 1.929448728171004324e-01 3.914920375619898585e-01 7.295125365914382209e-01 4.822557042273026284e-01
1.505131406891619950e-01 2.615908266761375264e-03 7.070223585820606393e-01 2.929821281187993121e-01 6.257953408038956500e-01
2.787590751834454483e-01 3.384974567695064329e-01 6.387604266499602446e-01 4.539935732695994375e-01 4.399861390308880127e-01
6.722887084886391973e-01 2.506489848519937724e-01 1.634696176063698270e-01 1.890446426167751992e-01 6.501867316770355565e-01
1.121203718933376781e-01 4.769518742777087983e-01 7.390541545977232785e-01 4.596828678898168263e-01 4.936141580139340873e-02
4.855067755949274422e-01 6.374530592179551425e-01 7.286654104935992582e-02 1.097126112447513874e-01 5.836012151070686382e-01
4.437958256359088582e-01 4.964988601229221032e-01 2.361512928501493247e-01 5.538709248243425254e-01 4.404471734092656465e-01
7.347610518189678919e-01 4.210089704133628818e-01 4.979993745798673710e-01 1.438146246045559074e-01 1.191285869524006391e-01
3.462124569165813126e-01 6.764938859167890506e-01 4.560360318585468531e-01 1.883276156468162710e-01 4.231510413841400031e-01
4.244146929530102641e-01 1.622360740010830304e-01 4.394221996893922788e-01 4.849398004028436793e-01 6.043948586013146995e-01
5.661182141195497675e-01 2.439422761390437899e-01 4.421163353083851222e-01 3.561646420631427445e-01 5.456026276986861712e-01
4.002069146099655472e-01 3.805436735599805886e-01 6.901986745855011041e-01 2.961115079752556500e-01 3.618904564324463835e-01
5.038571996617572379e-01 7.864426404439409657e-01 2.150011159535176741e-01 2.853094370333775220e-01 2.990136955685233650e-03
4.874150756567263154e-01 7.336288333086233848e-01 2.413487307448930752e-01 2.901992846911654045e-01 2.859203460639713201e-01
5.220912631783387881e-02 6.307509547559622121e-01 5.916958815802224603e-01 4.831901076995281930e-01 1.258997368777727555e-01
6.253684228220757202e-02 5.494144067328923242e-01 2.312945615225656809e-02 3.925718608919035457e-01 7.345647114622938512e-01
3.316718198534505113e-01 4.354096063964995600e-01 9.442794833474141281e-02 5.055546804474303491e-01 6.602348871604210023e-01
7.222740756397715289e-01 3.895282694032779491e-01 5.439480787204221679e-01 1.682863099587952882e-01 4.886811364493879456e-02
1.526483837281459865e-01 8.299078241251822696e-01 4.004581361511455606e-01 2.748711727817150230e-01 2.281021568616692918e-01
5.942793178357531625e-01 4.678404788040193552e-01 2.929908795580357106e-01 5.488305509684263672e-01 2.022343927342727665e-01
5.836699983176376616e-01 3.733652007962919850e-01 5.865101371799010810e-01 3.747338714093027545e-01 1.884360488389717481e-01
9.776670701672923736e-01 6.083437521329281700e-02 1.297052631250507349e-01 9.423305988064221983e-02 1.215028964514993232e-01
7.792102904328968016e-01 6.266918572757104178e-01 1.492310779908639353e-03 5.801492830873391029e-03 7.263263541337458204e-03
4.175362531312076797e-01 3.704509576861758635e-01 1.285868754078400844e-01 3.143629573801345889e-01 7.570144726295604531e-01
4.233379569409711496e-01 2.406717037324089259e-01 3.957262185519747066e-01 5.291486990359587361e-01 5.711956928187494897e-01
5.455576976852717364e-01 4.457612086878979252e-01 5.358652730520119256e-01 4.422249779130362768e-01 1.447384585110587374e-01
6.215128384880793666e-01 5.458692044756462414e-01 1.925332464367785212e-01 2.157234783583786286e-01 4.818121346552953765e-01
5.218073456915283126e-01 7.277687646622270634e-01 2.853366133915690162e-01 3.410502948819500446e-01 1.836933813568398730e-02
4.169352996307861825e-01 2.673192245024542113e-01 4.049926523934361811e-01 1.767270213649883015e-01 7.479665096513221645e-01
3.803520685649775523e-01 5.401911659972812030e-02 6.982325938890663330e-01 4.565334726794756937e-01 3.955536273810320580e-01
2.620733924003405546e-01 1.127905305848114631e-01 3.330090091819757347e-01 6.869919068497909453e-01 5.794333032650963444e-01
5.757393937331090061e-01 2.565017269333782490e-01 7.139416967779826928e-01 3.151552292556133311e-02 3.033562921723074179e-01
2.459986037270098236e-01 6.584381462318811273e-01 3.027079502129909616e-01 3.887101991484599450e-01 5.130459750421004772e-01
3.150358215602392375e-01 4.333104779719751942e-01 4.485286619381816386e-01 5.741048511696085210e-01 4.268724869290940749e-01
4.922055043756641823e-01 5.160816042007085880e-01 4.142536833422792442e-01 5.075251408078719217e-01 2.494105782705006713e-01
6.772179657133770014e-01 4.805255828921493610e-01 4.316685797212003739e-01 8.758978488509649996e-02 3.412642055159898491e-01
8.098086676337137302e-01 2.516638113336210902e-01 3.201516742995033082e-01 1.273230891042474722e-01 4.026996204549013192e-01
3.028323439171198284e-01 3.729819800617675263e-01 5.640047782073527305e-01 2.297175682750951867e-02 6.712286663830734357e-01
4.765021461972198114e-01 7.752107041688670597e-01 2.126454597561643900e-01 1.040980775801873814e-02 3.559039381054714957e-01
3.425456906328469553e-01 5.670852608570627895e-01 3.879474544251542700e-01 4.930856878580120450e-01 4.091943716403942943e-01
2.101896387282311540e-01 4.029533096469989917e-01 2.755265084679737186e-01 8.466849000702072470e-01 2.566649840504461530e-02
5.954880286792365585e-01 6.797548048266351950e-01 2.416999909413645731e-01 3.526969643794846121e-01 2.265786201875055750e-02
6.975596412360717258e-01 1.763778547981615097e-01 5.306644275952989709e-01 3.419252418011105021e-01 2.894543030594076694e-01
5.141839125869061000e-01 3.642505287289459215e-01 2.747279655633243500e-01 7.241117268622463410e-01 5.588567182665656746e-02
1.872234596543730090e-01 4.864478137893447629e-01 4.192820961951712055e-01 7.422250280308873016e-01 4.025459215227572551e-02
8.270652010309413882e-01 3.575895547542053739e-03 7.672143553530745563e-02 5.564528777207209398e-01 2.060054417755913941e-02
1.223757515975844590e-01 8.811869509508326592e-01 8.559264968640263593e-02 4.278610988829583128e-01 1.346941397286063880e-01
2.555579821142271446e-01 4.871038274405556923e-01 4.407438314757949338e-01 6.265521918930577749e-01 3.325615806441070688e-01
8.055513118244641557e-01 5.802054611231014514e-01 1.194102255375919797e-01 7.779814621218676673e-03 1.137450756451236292e-02
5.615459996934887149e-02 1.263886241887280347e-02 5.180657929556637953e-01 7.311850788872343854e-01 4.400717380620202679e-01
4.324244090451790368e-01 4.125481533545325985e-01 1.095516983393199500e-01 7.271708778816778906e-01 3.194277561162354728e-01
2.488412965472225069e-01 6.206052434675572993e-01 6.156927078631256878e-01 2.260211571788111051e-01 3.503770353561920237e-01
2.170254566472442914e-01 4.362830505672585790e-01 6.782343200533441641e-01 2.304930490717421177e-01 4.994278850706792006e-01
2.305414933158548424e-02 5.992862027579370920e-01 1.132382663764042313e-01 7.299630483474928155e-01 3.076614965475402141e-01
5.202586315623045632e-01 1.532686955697521725e-01 8.110734486708772728e-01 2.149244973040600470e-01 4.250864103910960423e-02
4.092062687732698212e-01 2.866575731878115985e-01 4.629744880850285571e-01 6.226702086935598235e-01 3.851156967959854516e-01
2.421647909550636302e-01 5.144516647515136043e-01 6.210451053068115346e-02 5.594438115803643807e-01 5.998844472998654531e-01
1.906007797904789858e-01 3.225031671560174562e-01 4.641492883434577554e-01 4.739705377641412753e-01 6.477502739323478531e-01
6.944114505355942768e-01 2.139604108113626613e-01 4.299103713086080414e-01 3.475714077056074602e-01 4.079030144008768954e-01
6.768296195446918961e-01 8.273189628983207422e-02 3.915354586782487933e-01 2.089118195301013226e-01 5.814747936940275475e-01
5.792399841684761075e-01 3.720458012029572714e-01 5.805956644834439073e-01 4.087446695239590477e-01 1.479845669876792558e-01
6.145308385616246039e-01 3.160993202837180660e-01 6.115724330671219455e-01 8.111715069593374017e-02 3.766062069964486447e-01
2.636567007427106368e-01 2.234516776488545686e-01 6.610062778594512078e-01 4.660326743047548126e-01 4.758557964553269959e-01
7.127518256886559156e-01 5.070926650008109604e-01 2.509559673437508076e-01 3.621499941293898628e-01 2.017680556641917589e-01
5.600179387288325983e-02 7.166492907873059925e-01 3.734914731864921733e-01 5.761993657933592861e-01 1.085172954573833670e-01
5.260044482761145890e-01 6.710415236076622270e-01 3.870884901207504725e-01 1.595984653457283298e-01 3.125914660757289631e-01
5.058522983108389992e-01 7.810500925335284172e-01 2.668444045029045308e-01 1.721410775808138449e-01 1.823066604428242865e-01
4.866536274630418046e-01 3.290506054206575048e-01 7.112361763156241912e-01 3.804158735386475310e-01 6.573287312387859904e-02
