9.306737387990994190e-03
-3.136939539166304081e-01
-4.173935987117602386e-02
-1.474471800554403744e+00
-7.208203748302259850e-01
8.791800584375684124e-01
-6.734290168483184624e-01
-2.841122874812584964e-01
-4.350901043378935240e-01
6.348492840558825345e-02
-1.165512679722505052e+00
7.763990293954171618e-01
7.576931173292826838e-01
7.479772809800341316e-01
-2.339654651890286929e-01
-1.564012656937419088e-01
-1.135140142646852812e+00
1.003440258121460094e+00
-4.324670131055570743e-01
5.517693998570264435e-01
1.306397003064465157e+00
-1.140426802974133125e+00
-7.465285559209677846e-01
-6.626112088189195504e-01
1.327843680143709459e+00
9.758786973365619621e-01
2.197499595489832203e+00
1.956941988530883636e+00
-1.251148868111355561e-01
1.077084659379091564e-01
-4.883551610702576151e-01
4.537490659860733966e-01
4.098558181917330012e-01
-6.319146647068926148e-01
-5.922221658630050234e-01
-6.268027657051489232e-01
-3.347881827858147363e-01
1.152196116332047326e+00
