1.233647626712271350e+00 5.057169294647037017e-01 2.188303223553919041e-01
1.591784277915249679e-01 2.516565802622452885e+00 4.583123597246118591e-03
2.466001419640146519e+00 2.747845656940675507e+00 1.478291262422995134e+00
5.374223881180072437e-01 1.075956687043373022e-03 1.370820346399846068e+00
1.263121798721167144e+00 1.761329133369000877e+00 1.039020120410101056e+00
1.436551378352308284e+00 9.319502880631814756e-01 5.412436258893393859e-01
2.316595349547770688e+00 1.920430277494208804e+00 4.507238352667284481e-03
1.332970368628100699e+00 2.629634531718996193e-01 4.723191979984753264e-01
9.664948430647095357e-02 9.185314463913508698e-01 7.677326826700267004e-01
1.657231460931495315e+00 1.888830114999044074e+00 6.437309176718166576e-03
5.420393672772510357e-03 1.524509717198847758e+00 2.795371296569394648e+00
5.937582163265839319e-02 1.914083470432314638e+00 3.916695199872368138e-01
8.688985325175577756e-01 1.283349565746755294e+00 9.687388000994405779e-01
7.437389840795132212e-01 1.010782262379138929e+00 2.706034351830907791e+00
1.271014471341219476e+00 6.428326179699954679e-01 1.624007322814207344e+00
1.264481596579911882e+00 4.410794068681266333e-01 8.265871196978635815e-01
2.943177992210376459e+00 -0.000000000000000000e+00 5.414682764801675985e-01
4.693576902232750835e-03 1.245190776730297627e-02 1.495227863097756238e+00
1.782529928038632416e+00 4.144538083572602526e-03 2.103457910714833512e-01
1.086620990890747596e+00 1.036732195283888380e+00 2.197426533978008301e-01
1.853108158121744009e-01 1.111984122214249693e+00 2.020220722659064883e-01
3.508630357453860760e-01 1.053261247292778223e-02 2.106512317055485806e+00
1.988672655168196579e-01 1.214932068864087666e+00 1.348998861881492317e+00
1.638935581269782782e+00 7.322295171159537430e-01 3.439695417204210459e-01
7.551869336553995726e-03 5.117486886354842904e-03 4.903747887298022801e-01
2.192022934222824571e+00 9.631829451760387517e-01 1.899681727119398615e-03
1.562482498619305327e-01 9.646786161588710717e-02 1.533673632368635353e-01
4.249474913093756467e-02 4.607674748193214542e-01 2.602928316974354450e-01
8.309929899596198988e-01 7.406691307000892559e-03 1.360154941290369068e+00
1.041884929033802587e+00 1.083846937074159023e+00 7.455720145421221301e-02
1.093234350602310556e+00 1.336169527766287501e+00 8.953744240227331508e-01
1.275338699203514947e+00 1.421460156794933372e-02 1.269602644643288425e+00
3.876865441443477729e-05 5.360611644218616495e-02 2.272205802314551104e-01
1.445111201373640020e-01 2.348581678775358561e-01 9.168509546213882144e-01
6.503522230774120283e-01 9.680566688463700803e-03 1.118311929858281983e+00
1.932873038100871646e-02 7.276555549675347567e-01 1.515767156638855084e+00
4.356204808285315533e-01 2.252515349934218314e+00 9.547883713345490797e-01
6.248072184509551041e-02 4.604532641589549335e-01 3.992834429982152107e-03
