-4.165648680862347741e-01
-7.266209696105081495e-01
-2.724892963939701263e-01
-4.408798632423471253e-01
6.489875657909419671e-01
5.084797119485751082e-01
5.243470218804463512e-01
-1.034505458520063037e+00
-1.448580410241179006e+00
7.179282966141679045e-01
3.122751451069080142e-01
1.577692566620922054e+00
-5.171498011863558952e-01
-1.094908861560140778e+00
-5.069402737908035306e-01
-4.689126918925400345e-01
-9.729503287464716932e-01
-2.060336353416392929e-01
6.924417910678405397e-01
1.201263022450060891e-01
-1.104713337638542070e+00
4.312648784380896383e-01
3.525922383629989110e-01
-2.233595468291075248e-01
1.189988533301127166e-01
-1.233995974002134233e+00
2.168812009709562894e+00
4.565378001868833913e-01
-1.366326260478355203e-01
8.120277638775609194e-03
7.100712829171754725e-01
1.190270714955784653e-01
-2.442502546291630272e-01
1.461172445422970201e-01
5.932026879037767264e-01
-1.223680714556430349e+00
-2.121020760118936810e-01
1.434342712403943398e+00
