6.706119468470943534e-01
2.944857929137190133e-02
-1.925307802618338726e-01
3.660827965999363109e-01
7.388450863889950426e-03
7.749477765440471178e-01
9.645955219794204449e-01
7.249514957949848570e-02
-3.323261386708737941e-01
8.386525321748510287e-01
1.323006880714959976e+00
9.995595432680519643e-01
1.943001998281084886e+00
-5.654012753426145288e-01
1.986132204681252400e+00
2.639726752137195653e+00
6.868948751591514856e-01
6.798530523253653035e-01
1.237781009671067745e+00
9.200174799133695736e-01
7.282073456329294370e-01
2.458565268843322382e-01
1.953996494346565971e-02
2.618469546623290789e+00
7.744828726847085010e-01
2.330141524122170793e+00
6.397778942523649759e-01
7.604816583316563738e-01
7.201693438586149743e-01
1.495669098114305040e+00
5.320929510572376397e-01
3.207687840548536062e+00
1.925359353254792349e+00
6.459144446861524447e-01
2.933498666508928210e+00
6.973406197744386192e-01
3.985826514819065247e-01
2.887235903082668198e+00
8.795281213532405440e-01
9.878477951288547887e-01
3.564987072400631618e+00
1.673888412374894719e+00
8.291505084060529773e-01
6.923822958784544568e-01
9.479308877950081147e-01
2.439590589366640305e+00
8.030573010496541153e-01
1.147629499375681927e-01
7.485911919228972755e-02
1.412504542290365483e+00
-1.876270966448430888e-01
3.635245676428501493e+00
1.019887618590641365e-01
-1.732782612802386546e-01
9.775104129521173801e-01
2.079980396635223716e+00
6.554274862068310004e-02
-1.424953975085666291e-01
1.577833711201573230e+00
9.193503241443554685e-01
8.598108905105905642e-01
7.581240200615699809e-01
8.355390279624251848e-01
2.054641855029224917e+00
3.432934492507592417e+00
1.812906890958270179e+00
7.065453460070640901e-01
1.359280580271035266e+00
5.729729291625431653e-01
9.452662661589669169e-01
5.106362516700665433e-01
6.529307268262483088e-01
8.110405370316485785e-01
5.882695862020572708e-01
2.747435690125489938e+00
2.140293080397414283e+00
2.726440731757076907e+00
1.474806833689755070e+00
1.406545603986468107e+00
2.020532289192775721e+00
8.110215021099786981e-01
7.865045933240426557e-01
1.243579257516172626e-01
6.008603734418509479e-01
1.919393664109456443e+00
3.105275765677523836e+00
9.350030882796959153e-01
1.403401411024455703e+00
1.819844181206264233e+00
-7.270347049332430700e-01
1.584203361716119529e+00
3.255267460587322859e+00
-3.575805192139251965e-01
2.760636201204999196e+00
2.740002400970222851e+00
9.823657176221530785e-01
1.293527597565266696e+00
3.710616401180456547e-01
6.865116872928839209e-01
2.795020491885152225e+00
2.155374616464366885e-02
2.798854046577858412e+00
1.555060967203331534e+00
-5.454267130626725552e-02
5.760786338260298622e-01
2.936587532363699182e+00
9.615256196969013125e-02
2.846546161488409332e+00
2.636062058670542108e+00
2.073500040268354272e-01
3.037675308807064045e+00
9.173959769487510796e-01
-1.208014642591841437e+00
9.117897373509631365e-02
2.477345544196242755e-01
1.629752940339292300e+00
4.459064999467147183e-01
7.682982872547245989e-01
1.628893605894694563e-01
8.628874790055981459e-01
1.269794589438103527e+00
1.774940327999050105e+00
3.453556510033403359e+00
1.101859245172298829e+00
3.295298117953870065e+00
-1.706786547804176046e-01
1.094759558169776437e+00
2.038804478523023045e-01
1.197999531568301856e+00
-1.298613245349580003e+00
-4.005400466287380445e-01
9.583928890638417908e-01
-9.345177964315527497e-01
4.124900408999327417e-01
5.159002193849533402e-01
1.863638246936080600e+00
6.476625740728891856e-01
8.229091688970241458e-01
7.656160282527905148e-01
3.461177981349499611e+00
6.601296179596232161e-01
3.732743535770199905e-01
-3.597643626803611466e-02
2.193851554116856284e-01
-8.484631735721046564e-01
3.173615833045911661e+00
1.771123661577838904e-01
-1.061694020965005425e+00
-4.166186882740267050e-01
3.475179362553201479e+00
8.676487627205913267e-01
2.955739905955077962e+00
1.611295044416055866e+00
1.026234071872752729e+00
-2.598920533701217783e-01
1.962968089379953096e-01
1.450708182254717649e+00
7.197582229675734133e-01
1.122774297870036797e+00
8.078382940329246198e-01
-1.086112842461784984e-03
3.076133369583889721e+00
8.127612204852414646e-01
2.669853230371182828e+00
4.351154202048523878e-01
2.599129928385060406e+00
4.411813353955639228e-01
8.959674118890732508e-01
-3.272834260625441805e-01
1.876236494399709631e+00
3.197274401767416840e+00
