-5.357910337896379534e-111 4.245270406213344374e-111 1.725427692638304388e-111
-4.288180325840448143e-02 1.466138150919924291e-02 -4.023669536822958859e-02
-8.928877218794073375e-111 1.309853007105984687e-110 -2.027134554138915280e-112
-4.351740411162319244e-02 2.236415032454535518e-02 -4.080590539009881085e-02
-4.238993138944207507e-111 -7.139681132312776327e-111 -6.320647908230381205e-111
-5.087778299662382153e-01 2.452597769691697571e-01 -4.725973097613277440e-01
-3.206288942207195097e-02 1.080325121750453157e-02 -3.001267072933332114e-02
5.624722919310918356e-111 6.173011191908952672e-111 -1.109143404671483348e-110
7.798777521240704820e-111 -2.565916297403274068e-110 -4.157814587754105870e-111
-4.444613209657733746e-111 -2.442960509686280855e-111 1.092818633776957749e-110
-6.469299632981315162e-02 3.103038647368572614e-02 -6.058123296630569393e-02
7.334625312544732830e-111 -8.896672248144337522e-111 3.438109796782914037e-113
7.684164728388859606e-111 1.376120021666393053e-110 1.866772926958220833e-111
-6.365720383282073846e-02 6.482143809714020766e-02 -5.944309174486443054e-02
-4.092311117489755290e-02 9.652728278971940343e-03 -3.844308555738280841e-02
2.534855403204863342e-02 -1.923253031159912613e-02 2.379290568344376994e-02
7.111613958191942584e-111 -2.214953777921868181e-111 -8.953833007239291448e-111
-6.930724434668414355e-112 -4.203982928567161394e-111 -2.147180065146351467e-110
-1.013270478099517202e-01 4.630992960807928105e-02 -9.477477403637882269e-02
-5.596763621834534297e-02 3.644134259301619327e-02 -5.242403676090304221e-02
-6.603075185336218511e-02 4.181511150635162238e-02 -6.186564058184822884e-02
-4.902504831944457814e-111 -6.588743710104732663e-111 -1.085397686066937653e-111
-5.936695598231778170e-01 3.459286196892756293e-01 -5.522802976383094364e-01
-6.606027015063187235e-01 3.261324314256626722e-01 -6.137458018707750984e-01
-9.221360094656694262e-02 1.135157922253699284e-02 -8.585270674172797156e-02
-3.936245786118468879e-111 -1.113836465580489678e-110 3.592414175552734276e-111
-1.525273762985558216e-110 -5.069827686436596128e-111 1.914287965104778166e-110
1.602302615774995417e-112 2.025796815861151768e-110 8.031946759746409130e-112
-2.212331522591863830e-01 5.655832137820862027e-01 -2.057396508487039921e-01
-7.002923020461289394e-02 1.408890664766613426e-02 -6.554265689197652511e-02
-5.930946494831096372e-02 4.972118682889213603e-02 -5.548173775839464195e-02
-3.439935783031800032e-02 6.031301526475327072e-03 -3.208346610515516034e-02
1.663517103971988203e-110 2.588310972175569704e-111 -1.082549009329634481e-110
-3.021814193136456445e-111 2.363102776594245782e-111 2.151461450424585910e-110
-9.237176130268735796e-02 5.393746122863904424e-03 -8.628600369493856503e-02
-6.571124827304660743e-01 1.173723959417257851e-01 -6.101512055888237418e-01
-5.468209583459215447e-111 -4.521758682153583431e-111 -3.671785078811446070e-111
-6.263718303118361030e-02 4.761339173411742454e-02 -5.850581976401005718e-02
-6.612958630493789847e-02 3.881901314813937520e-02 -6.191158407278046782e-02
-3.710891004472557236e-02 4.580066265875810949e-02 -3.486144222745164029e-02
-5.516189127422446020e-02 3.301069830785093029e-02 -5.168958293143412902e-02
-7.698254068172763302e-03 -1.460714837670918200e-03 -7.339224868460511933e-03
-4.104273715239737524e-02 2.545093948703150075e-02 -3.848440327140940920e-02
-1.429544311485102647e-110 1.192151425577945162e-110 4.958453984836473097e-111
-1.177675141566141281e-01 7.670395413589146949e-02 -1.100625316553485722e-01
-3.255694651209166401e-02 2.463780539521169891e-02 -3.050348611811683555e-02
2.800634284577178190e-111 1.287910637106431985e-110 -1.098475288675085352e-110
-5.082558733192091838e-01 5.127979913252310729e-01 -4.729333083693954554e-01
-4.631593883664154171e-02 1.734052924705277790e-02 -4.340300821644298840e-02
-3.067729753731114617e-02 -3.340091315244483623e-03 -2.874147038024356046e-02
2.912515526659160553e-111 -2.238288996582511930e-110 1.919165279688687711e-111
8.267685260597332095e-111 2.417366055557210110e-111 8.411139381777543365e-111
-2.441155145683577679e-112 -2.183400669565855079e-111 6.851828326967375602e-111
6.603655031800431929e-112 -4.812821969726678711e-111 1.468917504281211645e-110
7.955592061267325460e-03 -3.795783310435146829e-02 7.417485340261710872e-03
2.064710776460953622e-110 2.415115463935584995e-112 5.903232772935398180e-111
-4.677703944671315894e-02 3.509827581172186156e-02 -4.382149066709918606e-02
-6.148931111810609498e-111 -4.923933737971831224e-111 -1.450567243374790143e-111
-8.017245002472081494e-02 5.054511661923299232e-02 -7.507893717367988828e-02
-1.019566748239363330e-01 5.353463262437425235e-02 -9.533040373339808637e-02
-7.625093627678976305e-02 4.190616477584001992e-02 -7.131487428703559006e-02
-6.031236172423375119e-02 4.857862314989133852e-03 -5.648723072358727282e-02
6.320912014584406169e-111 -8.872037429929007515e-111 -1.044865734676704953e-110
-9.359659617268524849e-111 -1.881996552129005993e-110 1.932562426226938294e-111
-4.644624507441001975e-111 2.522092591235298040e-110 1.896488835597558401e-111
-3.396124508853974012e-111 1.245323556492550099e-110 -1.794857027880468251e-110
4.873788080034559752e-112 4.620582207349083600e-111 -4.240860237104579873e-111
-3.467769510974984953e-02 1.316942470493916162e-02 -3.262028129601369369e-02
-6.698897072483831483e-01 3.417202108370595570e-01 -6.228890863292178004e-01
2.383126132245516437e-111 1.023112668732179991e-110 -5.134921030266079821e-111
9.290421622995076141e-111 -3.630522461727857661e-110 -2.593141330229351026e-111
-2.409078446135177790e-110 1.349404523924196531e-111 -2.647636946952552949e-111
-4.561278220860471855e-01 3.644338408811891306e-01 -4.242764762540467971e-01
-1.022420520724476588e-110 6.061204510918506272e-111 -5.376532283682496443e-112
-1.877820493517428080e-01 5.324495365012178461e-01 -1.749219703739876008e-01
-9.540234098123946682e-02 2.111987635193991394e-02 -8.916434359740618709e-02
-1.000205420443836396e-01 9.290421100385833075e-02 -9.338000772803528582e-02
2.505563078828374673e-111 1.587461868838610778e-111 -6.009292913553204991e-111
-9.558250512433416869e-111 -1.442310036606158470e-111 2.869832667141892992e-110
4.836292573822093378e-111 -8.988178613311694824e-111 -8.389864147879487056e-111
1.644061956679150288e-112 1.872409773613695435e-111 1.019204387847138331e-110
9.040877505806440267e-111 1.122226009776760793e-110 -7.376459785859251269e-111
-2.627173619175268704e-02 2.655093285307206716e-02 -2.469858304270369093e-02
-2.615148396869183734e-111 5.910649105488618692e-111 7.765041479420295148e-111
-6.850394394019065913e-02 4.280798740557256732e-02 -6.413190399785152762e-02
-2.442817918119987588e-111 -7.024643104159728964e-111 -2.088340388049051939e-110
-6.781412010393633727e-01 3.765620847485202094e-01 -6.304902252133546270e-01
-5.679529360303414709e-01 5.838664492958586250e-01 -5.278121868928644655e-01
-4.815712225362106621e-112 8.397284911822332390e-111 -3.000114369961583645e-111
-4.262902831800717274e-01 1.987187620726714454e-01 -3.962356337122232564e-01
1.111025756103059223e-110 -1.238179291218129617e-110 5.544637798194423909e-111
-8.702162683662484758e-111 -1.379246615994507424e-110 3.833503909467547984e-111
4.872934735207739497e-111 -1.910168491030778532e-110 2.029844032250062117e-111
-3.182434845926500880e-111 -7.097118933869801403e-112 -9.517418176814172674e-111
2.955833743548482556e-111 1.415869579143580503e-110 -7.321141688838838520e-111
1.412407517862230105e-110 1.834726415640234412e-111 -1.015447557429094758e-110
-4.162223261272272878e-02 4.668070587261025778e-02 -3.910908287543576889e-02
8.271570820609147558e-111 9.214598506960722014e-112 1.798160571367949180e-110
-9.413968399841087312e-03 2.531767979937576962e-02 -8.877175337519896750e-03
-4.496088028283911064e-111 6.418597367082644090e-112 1.641178181735358267e-110
-4.723825018127753017e-02 7.834580673161835578e-04 -4.432619323471222866e-02
-5.298190227411907205e-02 2.046863455549271030e-02 -4.967428464356669904e-02
-2.186680606983303710e-110 3.714211953023946517e-112 8.731731918994253005e-111
-1.023316450264183080e-110 -1.306019366017570968e-111 2.135714141579186193e-111
-6.818273923182495144e-01 3.310094248461921129e-01 -6.336684786058437435e-01
-2.065143428922988336e-111 -1.324291083768224036e-110 -8.097159029596573125e-111
-4.263566307622815646e-111 1.206726977953882950e-111 1.684696349471519922e-110
-2.249522110848733297e-02 1.618175515286596547e-02 -2.111075184780062883e-02
-6.273564628821005802e-111 3.895024319046954110e-111 -9.903647053001351642e-111
-6.855097817878409659e-111 1.163369140033869480e-112 1.732640025710478140e-110
-5.856577749108079350e-02 7.163722178931977713e-02 -5.467013100661347047e-02
-7.096131459281372622e-02 3.909770305294589521e-02 -6.654073948141017714e-02
-5.324122281528239631e-01 2.227679211417395722e-01 -4.948475341413073325e-01
8.113376277660344920e-112 4.806967035910513544e-111 2.791044257372161927e-110
-8.445256410039056989e-111 -4.813274445418411477e-111 -5.707887341527186109e-111
4.071255512839134800e-111 2.463892743207204535e-111 -2.024731646945570780e-111
-7.878128440464497239e-111 -4.046657777826468786e-111 7.064489035694765923e-112
-2.742203079584744692e-111 -1.169843243485390691e-110 2.714694883714764258e-112
-6.565818162333462993e-02 2.408491725292223606e-02 -6.161515353982779247e-02
2.470654160268226365e-111 -7.660409149575951845e-111 1.317443281232096513e-110
-4.442267004532819696e-02 -8.906034903617749592e-04 -4.160489453689802941e-02
-1.922342396982186785e-01 1.315967518422197780e-01 -1.789632016221903432e-01
4.993791186667065768e-111 -1.943384187776662903e-111 8.082277337371180969e-111
-7.397545953306114419e-02 4.537739514903405685e-02 -6.924643139248130852e-02
-1.413524309551697510e-110 4.147495117582278591e-111 -1.776077250219960497e-110
-4.534619826669221143e-01 2.983087718738781646e-01 -4.214592736080739477e-01
-5.342414344775696378e-02 4.049292384714998916e-02 -5.008999003533829569e-02
-3.996071176259807789e-02 1.094366720071244213e-02 -3.749089128666879822e-02
-5.242788499604067454e-01 5.248255907685732691e-01 -4.878082396117977004e-01
2.116731737718026407e-111 -8.493612339622667190e-111 2.519226240335376581e-111
-7.424677103625919594e-01 1.999084057396149638e-01 -6.897322354769859221e-01
6.526479410873942890e-112 -6.471841234448690805e-111 1.239914916874123983e-111
1.658775154902631139e-110 -1.075067155501332442e-110 -1.039302468848328416e-110
-5.240394912296084812e-02 6.823041516958107573e-03 -4.929959426089236540e-02
1.187737972250848553e-110 2.301004318575337206e-112 -1.627914733121019540e-110
6.341153648291369069e-110 1.718874559475163536e-110 -4.989541011865394240e-111
-4.256378169145080825e-02 4.946379761170424660e-02 -3.979836941013820129e-02
-5.683404279982981477e-02 4.866467130051126133e-02 -5.330379894074845776e-02
-9.054099271866226928e-03 -1.150794263753253562e-02 -8.614337550888327699e-03
-5.375885127706508948e-03 2.250666702563754520e-02 -4.997687904762936235e-03
-6.193717348321883115e-02 3.832464927421026096e-02 -5.808043789409474134e-02
-5.469754129903224571e-02 2.704860562650612810e-02 -5.127469076032921402e-02
-5.587958167407196253e-02 1.451707260529780039e-02 -5.231875663633431262e-02
-1.373382365030378915e-02 5.532701439898953660e-02 -1.291724083504614852e-02
5.521575277205559643e-03 2.783613733810023222e-02 5.157325130950935789e-03
8.173504425148587385e-111 -1.418397396800971703e-110 -1.478960319084322231e-111
1.376782338060613335e-110 5.231355304290763658e-111 2.953488927237313054e-111
1.513005949045908259e-03 1.307181609377941305e-02 1.408572057060783044e-03
3.223292912260088339e-111 -8.638736528252737637e-112 3.811781637655535326e-111
-5.280476673828133904e-01 5.228459986432117956e-01 -4.908143480521767743e-01
-3.305308028443598722e-02 2.475548868826266818e-02 -3.089297257342777520e-02
-6.660605714047111992e-01 5.085926938957268106e-01 -6.189804196804495895e-01
-5.015626376592201516e-111 -1.096292823473842803e-110 -1.532197767670579317e-110
-6.875034707808052037e-01 3.092058460617814197e-01 -6.388551105253034157e-01
-1.927485751133218882e-111 1.423744248606423548e-110 3.954647029734670167e-111
-5.907331049078337615e-02 2.861334525148982039e-02 -5.539462074470981323e-02
-5.863683667451387027e-01 5.068543133921863397e-01 -5.450767862156469246e-01
-1.406323576841561618e-01 1.134304148087589975e-01 -1.309976427601744486e-01
-6.310205049250184883e-01 1.755737178696309964e-01 -5.868542940182962520e-01
-5.429467384736580707e-112 3.260648876015948769e-110 1.844476716172824669e-110
-7.247936333530183295e-02 3.422187641230659688e-02 -6.776823976435000785e-02
4.565211042130325646e-111 -4.900431512657124533e-111 -1.862631261872340728e-110
-2.148586046036785741e-02 3.217661184892033760e-02 -2.016349481459852808e-02
-6.627475909675393240e-01 3.636966637508812772e-01 -6.158470990022449909e-01
-3.493612556326488022e-03 -2.761051487459320955e-02 -3.298188123854846159e-03
-5.636960636672862235e-02 3.451280343422172270e-02 -5.273862607365008282e-02
1.111818646114567342e-111 5.484263484597649164e-111 -8.412540467949541824e-111
-5.581047147392053098e-01 3.631333430548748797e-01 -5.182991482619068169e-01
-1.210645484194212034e-111 1.671859940569179212e-110 -8.019308074267606607e-111
-5.071140832592561098e-01 6.345915948601902334e-01 -4.713929798656268932e-01
-7.224137191757973309e-01 4.971198202356025830e-01 -6.717317133177623800e-01
-5.781477203700319950e-02 4.426155264380537968e-02 -5.421478988343010619e-02
3.093692041174813945e-111 -9.936957802199513780e-112 1.359663090443477833e-110
8.292956253331246000e-111 1.374497338824681723e-110 2.107282831641650624e-111
-1.334537402991687490e-110 3.100046561508627650e-111 3.537216561266087888e-112
-2.248849711810674626e-02 -3.235137773183841513e-03 -2.118138417659131204e-02
-5.407583208140256947e-02 3.680801165258975466e-02 -5.057318313508774726e-02
2.923808986871673474e-111 2.521021949767284198e-112 -2.209763935194094672e-111
-3.509821380191118639e-02 3.861846974954601802e-02 -3.293032437583869043e-02
-1.019737105415376667e-110 -1.048448443000725804e-111 -9.424463492871929010e-111
1.818094005137596211e-02 9.916654298927235836e-03 1.699459777746256325e-02
3.256701523254934474e-03 -1.664441616292680268e-02 2.910086305320709783e-03
-1.610919559166355819e-01 8.680107131938023801e-02 -1.501416023766620478e-01
