3.525203623902160022e+00 1.319955642534049733e+00
8.334233296726394347e-01 8.119376850518518207e-01
9.979283767777856751e-01 1.575783156610096825e+00
2.885714283406152214e-01 3.966353197321671742e-03
8.922410303609276117e-01 3.615692819547821624e-01
1.027723290744112505e+00 6.164372270899194650e-02
2.232676788513385802e+00 7.951415637032598349e-01
9.466152782647208053e-02 1.290909263795172901e+00
2.387946280391416209e+00 1.185040903532794676e-01
7.116270427944089080e-03 2.269375336372975394e+00
2.992399614268466124e-01 8.501413569678917259e-01
1.424857126877103308e+00 8.900309503133760902e-01
7.865114996958963989e-01 1.234645347123785930e+00
1.353189701738278350e+00 1.070706141415131984e+00
5.556305548789055096e-03 2.496154929786178478e+00
1.558093708761218110e+00 8.456051555300558159e-03
1.327309514576331839e+00 8.445668999597404081e-02
1.924090423310411024e+00 2.717891422428275305e+00
1.885378055676373288e-03 3.763210992245785702e-01
3.543257335331063441e-03 3.205127149731391012e-01
3.019500615823693668e-01 2.105884417059650904e+00
5.199589927860012173e-01 7.777590932397892010e-01
1.137127953720770801e+00 6.546998650807982489e-01
7.470833446002616424e-03 5.453385082443718002e-01
1.427524632776642433e+00 7.607953415589898682e-01
7.502732928507244159e-01 1.749694553966552713e+00
3.514624111160722375e-01 1.406147374673841766e+00
2.542749667560580129e-03 8.602152086198303071e-02
1.227762554351989610e-02 1.667472323333843987e-01
7.061080557424759263e-01 1.364891668975081629e+00
2.515550116004229737e-03 3.373765166917839231e-01
1.321602633916368008e+00 9.851780576114270715e-01
5.347014185838776523e-01 9.679802555182047685e-01
1.008978473093925077e+00 6.098059731644144277e-01
1.148682431129212977e+00 3.451050690308703484e-01
4.346922080006581646e-01 1.696727272302227973e+00
1.610202649793795793e+00 1.023000485901631507e+00
1.637678304354648784e+00 3.819710684218172170e-02
3.704005562229600201e+00 1.633049466918748749e+00
2.524177858619433223e+00 1.519769275831462929e+00
5.803059445449892419e-03 8.208205322824205785e-01
1.619459668893403759e+00 5.227511607709808272e-01
6.955275988177964663e-01 3.202543003049907466e-01
2.140459059588386559e+00 3.573952357512602453e-03
8.015677282974181805e-01 2.733733041115292028e+00
9.791600973611900294e-01 7.850524659609581235e-01
1.579422197507816650e+00 5.367032741758831493e-02
4.553133390392209434e-01 1.681779541085757224e-01
4.893214335679843541e-01 2.923741849764751599e-01
1.004482763385083910e+00 2.006821349987837344e+00
2.272462555893193237e+00 1.817299528959438693e+00
7.513072050706590815e-03 4.889311577109521911e-01
2.250205150642953456e+00 2.647854977846880557e-03
1.383040493401732629e+00 1.066722152957586767e+00
1.619111734981067086e+00 3.417233295020802863e-01
6.965728532068000689e-01 8.472385838958663637e-03
2.181703474693971467e-01 -0.000000000000000000e+00
2.175718221245968170e-02 8.938258282322855131e-01
1.360249087991292960e+00 1.195651150910055582e+00
1.830208010303400412e+00 1.821565009740570673e+00
4.865275275793189136e-03 1.347256539910554052e+00
1.154683869608162938e+00 1.622837483459469876e+00
8.631808905411784971e-03 3.695404822014164203e+00
1.182433470697124456e+00 9.839434979905133105e-02
3.913833876935623318e-03 6.927277775719388186e-01
4.710248983232064868e-01 2.905651634859091281e+00
8.830533968080213070e-01 3.785631601643949518e-01
1.437296686515889599e+00 3.994906365133414350e-01
5.828616301840552349e-01 3.237521175905778703e-01
6.568609055234222449e-01 1.007880701894629527e-01
8.648233868679775643e-03 1.260220627988875242e+00
3.911574823236358411e-01 2.101521393742548094e-01
1.681132554631195875e-01 1.308381381112781350e+00
5.830509299052221150e-01 1.526147594796902623e-02
3.926475643562652440e-01 -0.000000000000000000e+00
1.073441212336862849e+00 2.130464580679750780e-02
8.786672189939703781e-01 1.087333502738650370e+00
2.556214481633866775e+00 2.468351126938856055e+00
7.904839925687218161e-01 -0.000000000000000000e+00
1.909315559461161743e-02 3.091605882544087969e+00
2.880596340935344557e+00 1.783600498153327940e-01
