6.656998921013738135e-01 4.733488006115218472e-01 3.766416754194821129e-07
7.201733239114148930e-04 9.080731283924408162e-03 4.061161283908334280e-02
2.277877437398213356e+00 2.682440735734000214e-01 1.128308555979073979e+00
1.367187301612272199e+00 8.885618860973771849e-01 2.765932174093955753e-01
-0.000000000000000000e+00 1.883142590752987067e+00 1.694971240082740360e+00
1.373892516812168951e+00 7.382816005912478108e-01 5.683929881779220712e-03
3.088168107800094986e-01 1.116317604658611629e+00 7.007357749260743895e-02
7.053545674403137733e-01 1.766073024003382397e+00 3.747549718482883208e-01
7.046639299118775401e-01 2.889736729319221098e+00 4.409474367324409116e-02
3.008281614852056224e-03 1.835442937442180531e-04 4.307116630475459118e+00
4.929652573224048151e-01 1.115985135997747818e-01 1.065433194053925892e+00
1.441101418307317028e-01 8.515657295669510837e-03 6.308891880734868347e-03
7.569547833717215528e-04 3.265385868439615313e-01 7.410372477290373162e-03
1.537045690194237757e+00 3.923368239193282814e-01 7.868049766622239316e-01
2.216470754459554937e-01 9.868031479142976847e-01 1.401754383040381136e+00
1.976453931251335450e-01 4.586171548303145107e-01 5.937758598611917460e-01
2.098926842546257721e+00 1.361452025476857397e+00 9.129019057891447630e-01
1.404304106959527676e+00 2.648180747161054671e-01 1.221223305942700488e-05
6.419714041763843228e-03 1.107624031300313394e+00 1.336985956660267538e+00
7.511669450597767694e-01 1.399413080564451684e-02 1.540171407593441621e+00
1.981264984652874261e+00 3.974891630901694964e-03 2.811532894913529645e+00
3.516076547959199423e-04 2.754527609079241140e-03 2.774010865473871768e+00
4.369266497877850597e-01 7.395739804345080604e-01 4.163743074558119359e-03
9.650576837559353416e-02 1.565159603133114530e+00 1.652191242872367072e+00
2.129370244867936912e-01 6.018291167068008131e-03 9.183787260131710539e-01
2.174607038154517724e+00 8.801577890620829736e-01 1.494074104205202591e+00
2.332164956478808282e+00 1.500360530912486112e+00 1.189865364081679422e+00
1.397742589228794463e+00 3.036767770207595141e-01 2.944977520551825823e+00
2.019316576335143054e+00 6.533303737992378624e-01 1.987565328013321420e+00
1.588892516181027226e+00 -0.000000000000000000e+00 2.100633172627936140e+00
6.562078865357402757e-03 2.293349492640297527e+00 9.576048524289086927e-01
5.059577337025100707e-01 1.039064439273635232e+00 1.351095367643015743e+00
3.070910619655725093e-01 1.965971868397466071e+00 2.707322836529276966e+00
1.495301494304119017e-01 3.349959192277709441e+00 2.587455030317396543e-01
9.828681508486530882e-01 7.687807694548336457e-01 5.188913656888363146e-01
1.084418224531313424e+00 1.192048259454828951e+00 8.297392447970999285e-01
9.337452738232645544e-01 1.040065974229354318e+00 1.416055079190884081e-01
1.066511900568020144e+00 8.994968547978857698e-01 1.043122771469537025e+00
1.310827614772207106e+00 3.332738220592419351e-03 -0.000000000000000000e+00
-0.000000000000000000e+00 1.183791348234441099e+00 6.204275327945865115e-01
6.410628391940514925e-02 3.849726573895567716e-01 1.611746999181716600e+00
1.365373784206653118e+00 8.602881897364413619e-04 1.292558605374081147e-02
1.316795194158641991e+00 1.265343131063843662e+00 8.532473816745285156e-01
2.625035699310876325e+00 7.007949945675384651e-01 1.782335540944920693e-01
1.359905945213714276e-04 2.585886250690012066e-03 8.346584316983410856e-01
8.545456505766421129e-01 1.069691555795712840e-03 -0.000000000000000000e+00
1.802605217948251459e+00 6.327230229766812597e-01 3.210134158885637624e-03
3.814729455260226221e-01 1.165222878336791723e+00 1.568748862638466024e+00
3.117904438197244832e-01 1.597360942432976882e+00 2.331606692098197708e+00
1.250745260984550189e+00 6.686966976713798472e-02 1.200317990458546147e+00
2.660923349251237635e+00 3.154402541197983689e-01 1.409904861063468740e-01
3.147203739814732781e+00 1.978703079210107463e+00 1.619578979985108136e+00
1.175421683454831223e+00 1.813376101534909690e+00 1.752875534858316930e-01
8.218342516681398369e-02 2.412759851467330741e+00 1.312379019509107625e+00
7.895432499945745919e-01 3.742328048840288211e-03 3.548566378061733251e-01
6.416022217204424560e-01 9.764373995784606519e-01 9.033497810223328761e-01
6.962146938100862402e-03 7.442265027140293476e-02 7.886993902021445235e-01
1.115944869574527626e-03 8.142796668485619005e-01 2.020907352441270455e-01
2.030932893588930810e+00 2.461326929481983360e-03 1.054472327376310137e+00
7.199108380948224806e-01 8.614477327145836361e-01 1.098247863431267568e+00
7.473605243972607504e-01 1.431345517726488950e-02 2.381356572685541462e+00
8.533115604404486465e-01 1.637275788938134635e+00 1.876946264032719691e+00
2.176576202091399015e+00 7.058143401911948396e-03 1.162438872330252559e+00
6.293406313807845542e-01 1.569015227486318942e+00 6.690768181677482218e-01
7.141022659627592750e-01 5.858148922610305620e-01 1.073787181161284465e+00
6.704120447911902092e-01 5.716442740564928737e-01 1.038133467044846547e+00
1.617099105787727850e-02 2.161708561794910999e+00 1.403129575843895083e+00
1.462884125896181664e-01 6.550393376085845709e-01 4.660554974508526183e-01
1.607325996088853959e+00 2.383982803976972153e+00 8.689949920448557564e-06
1.018191244047617419e-02 4.539828396612072825e-01 8.460314219391605883e-01
2.603322672942048222e+00 6.567045931915356238e-01 1.023428814945085641e+00
3.452325064299655577e-01 2.367919094949351599e+00 1.038583736857163542e+00
3.269539784373640123e-01 2.615513292829104164e-01 2.289167717813907821e+00
1.006693144055067490e+00 1.577851893467270950e+00 8.742195218892288011e-01
1.259935564978341763e-02 1.318942828374805032e+00 7.407425573704619001e-03
3.155000576087655384e-01 2.051595668016098717e+00 5.090028441736892395e-01
5.503191988854260787e-03 7.289696492874437467e-03 2.185457154070626462e+00
2.300405352378219526e+00 7.090279990767300866e-02 1.659945783933462815e+00
2.110546180652693504e+00 4.872891133054851887e-01 1.725366682625327497e-01
3.585766103274408700e-01 -0.000000000000000000e+00 6.673992229444674074e-01
8.299991425601583872e-01 1.810035598724980321e+00 9.166055559638716654e-03
