5.330202648910840058e-01
1.954374582730435073e+00
-1.248332130643107218e+00
7.063637175954857739e-01
7.749477765440471178e-01
1.071432427341882265e+00
1.315328168463655301e-01
-7.118336579065169534e-02
8.314109841789721900e-01
7.408277568840745397e-01
1.292239604346930859e+00
8.796637236014535899e-02
-8.809033553926480797e-01
-1.059419932256385977e+00
1.440320203835582458e+00
1.177844916253332874e+00
4.775672116791161437e-01
2.656237309506661148e+00
-9.595993480778917950e-02
3.594420164907823789e+00
4.903268734069440860e-01
-7.261777253369142704e-01
-2.986670036783716231e-01
3.239082841084473863e+00
1.045375563706731459e+00
3.096451050820365758e-01
3.837449380938554033e-01
1.670022901764280254e+00
3.678759002314424542e-01
5.320929510572376397e-01
3.257677400100059462e+00
1.338580353294039682e+00
2.291693614979465554e+00
1.484275547180256893e+00
1.486488313965561581e+00
-1.614169216315231692e+00
9.241061683704496765e-01
2.102942807446816609e+00
8.534923882779326121e-01
3.585886713905616086e-01
3.100480195537068440e+00
8.291505084060529773e-01
-4.637525117008317599e-01
9.027660123625167454e-01
-6.237650316061388311e-01
1.322281884163170940e+00
1.336910469020976100e+00
1.144385337306687456e+00
3.475287666932929564e+00
5.577676981004651147e-01
1.046051755299939767e+00
-1.780394417383648342e-01
7.828535310603401687e-02
1.056417771792436344e+00
2.348045899375656109e+00
2.778478929469482828e-01
7.633882791781848587e-02
3.091609420209082693e+00
7.945648057020134880e-01
2.994673013732602751e-01
3.867671520863694923e+00
2.054804987219724488e+00
1.059172673671935128e+00
7.592415584762070013e-01
3.625468727301655480e+00
3.287967809448249401e+00
3.415933539541041508e+00
4.175140834887139385e-01
3.405095423244912101e-01
1.514533863438721317e+00
1.337668144539596815e+00
2.034756189095684675e+00
-8.212105364135926511e-01
1.073224826734400672e+00
2.424582016358794334e+00
1.572194660543091427e-01
-1.601124597579625664e-01
4.918060075416678112e-01
1.136496982196906202e+00
1.843939974956769978e+00
1.946827978606744114e-01
1.011372937038790710e-03
2.228293403038787091e+00
-2.492542151203505529e+00
-9.067920305200342923e-02
-3.201774043586887164e-02
2.544241141067170808e+00
-1.803282995112102938e-01
1.508950041687638910e+00
2.268114722755421475e+00
7.683295153260728538e-01
1.241881447794767057e-01
1.110359310650227860e+00
9.769530235000839502e-01
-9.499564453300137767e-01
3.771259723710839840e+00
1.291480185379496826e+00
4.051302584790218653e+00
-2.581240464841081828e+00
1.610455770462653757e-01
1.453825207163651203e-03
-4.775463543984705406e-01
3.545098137203635869e+00
3.854714520545174383e-01
-8.499935474597458684e-02
-4.435578554378561411e-01
1.373964747318812352e+00
9.907527228777729400e-01
3.376458250717424003e-01
1.828056518351621529e+00
1.996844778301403167e+00
1.068197328282216141e+00
-2.973637687957356515e-02
2.870176401041739211e+00
3.406148250445900416e+00
5.292672792096340117e-01
1.296794926655081337e+00
2.066625367390765522e+00
1.466805092919253317e+00
-7.494249454613799433e-02
1.857074207793175225e+00
-5.708056589078779330e-01
1.826876058163817040e+00
-1.251381248549833236e-01
5.164601564678214518e-02
6.846442975733445513e-01
7.632063415461881606e-01
3.258577782425279956e+00
-1.126569171214545140e+00
-2.625486275628029720e+00
1.865052643706917479e+00
-1.137321279943141805e+00
-7.211747337943035241e-01
1.655446455637237690e+00
3.627377128023755226e+00
6.476625740728891856e-01
1.415000911077784362e+00
3.068616937312543591e+00
2.290045925008947769e-01
6.368633103788535754e-01
-2.979362524763111253e+00
5.518308742368052133e-01
2.320357156118154851e+00
1.674868063236588878e+00
6.521701214693977899e-01
2.240270855964871799e-01
3.204109603352620628e+00
-1.200498678892130827e-01
-7.640601980507527591e-01
8.817994121285180897e-01
3.720342481641376597e+00
7.940520377939473962e-01
1.482584567048751190e+00
3.204245166936027456e+00
1.172436919553273338e+00
7.256191433203517116e-01
2.498118138495862839e-01
4.307421950932435739e-01
