-1.863982367548175090e-01
2.665184276532451269e-01
2.100427445784007197e-01
3.490316168188825618e-01
4.727800196778855074e-02
-2.248167652316166165e-01
-1.058586676159631174e-01
-3.226068620683232857e-01
7.298855469731920786e-01
7.815416599349975790e-01
8.461140336767866699e-02
8.756187305264422072e-02
-6.296470366755272385e-01
4.242469780465746992e-02
2.837629801209229363e-01
-5.790186695710253240e-01
-1.692722099872917552e-01
2.641359334406778725e-01
4.685774182006904320e-01
-8.326064983919198581e-02
7.367686854127762641e-02
-1.072387408190191294e-01
3.458218316104050283e-01
-6.772879733248819700e-02
-8.431725635302661503e-02
-6.435099050419814670e-01
-4.672106904536794669e-01
5.989793071550398862e-01
2.252969759283807161e-01
-5.068517025181535490e-02
-6.977289812364496913e-02
-6.412107718142225077e-02
7.078094500426417301e-01
7.187840643137562158e-02
2.954409970409411224e-01
-3.247418581770604960e-03
4.966335189633609010e-02
3.740500163025309854e-01
-7.614993948486065319e-03
1.265743534193670139e-01
1.265793263647858047e-01
-4.216955862676320388e-01
-8.362708922187558347e-01
-6.088318937137955356e-01
-2.786946526045832595e-01
-1.728720583106924946e-01
-7.073104349247438805e-02
1.066142156939732105e-01
-3.109452404946363296e-02
7.223438018167448182e-02
1.446404886913396637e-01
-1.770853719192689024e-01
-1.165235347507977484e-02
2.497503624663464650e-01
3.732371574735114939e-01
-2.674649929055818998e-01
-3.680713932590489179e-01
-5.395438805489734951e-02
-9.227376927227425724e-03
-2.908637342946166632e-02
2.675826422448564501e-01
1.739407091255903148e-01
1.260939195321393591e-02
-2.463774995618457087e-01
4.090445570507132700e-02
-6.289952974923890272e-02
-4.875295852039755462e-01
-1.848419986234105805e-01
-6.941177710043486271e-02
1.235223547907708247e-01
2.857918511908185133e-01
6.216116911931895972e-01
9.451342697346071242e-02
-3.885725617025189566e-02
-1.034688334632300755e-01
2.707980163539272511e-01
-3.969254634342622157e-01
3.456751328435035409e-01
-9.511360055598040708e-02
1.049418992546224810e-01
