8.139678776190520937e-01 7.785187881086154393e-02 5.756695051589537648e-01
7.746162346928029407e-01 4.812813235425578706e-01 4.102901126757359518e-01
8.804912015558137295e-01 1.708439744582657682e-01 4.422076213433042691e-01
8.959011726257607444e-01 -0.000000000000000000e+00 4.442534061634046405e-01
7.588912587908008822e-01 4.612827822498828945e-01 4.596762470812700840e-01
-0.000000000000000000e+00 9.764304671434652638e-01 2.158322099085175916e-01
3.635921695612300830e-01 3.450237906484829309e-01 8.653087992851509203e-01
9.711372637420603304e-01 -0.000000000000000000e+00 2.385213092610051766e-01
1.193327657394289932e-03 9.849456854531606353e-01 1.728599799731149189e-01
6.248096755481582498e-01 9.044383428119205648e-02 7.755209746885777244e-01
9.493525841415801914e-01 3.057527125130349299e-01 7.242202547999813944e-02
-0.000000000000000000e+00 7.700727181744015937e-01 6.379561181801524095e-01
8.383176258353424171e-01 2.006369010696411239e-03 5.451784411522413443e-01
9.999214556976979695e-01 1.002509023672014908e-02 7.521967903565944351e-03
5.752524913672230067e-01 -0.000000000000000000e+00 8.179758988966625566e-01
1.817311336620570095e-01 9.683659528317573040e-01 1.710005159470180947e-01
7.142030908817554868e-01 3.337766434063264009e-01 6.152293046428729539e-01
7.053257424819385779e-01 6.699040678281238392e-01 2.318278173551110155e-01
5.473839489675455007e-03 4.909458859967115729e-01 8.711728726860961114e-01
5.307440375488695627e-01 8.254600274626018308e-01 1.921627166433819978e-01
7.418011814915362878e-01 6.706198678370340893e-01 -0.000000000000000000e+00
5.262422605928936958e-01 -0.000000000000000000e+00 8.503346889114197227e-01
-0.000000000000000000e+00 5.252349970588351402e-01 8.509572244623142545e-01
6.428626164047825942e-01 7.644594197593028717e-01 4.826439650992760816e-02
4.453199504888044613e-02 9.802357517655069241e-01 1.927557324119782423e-01
9.120862731853677241e-01 2.809246309463394597e-01 2.986301759609866213e-01
8.810176009432550970e-01 4.372023080497277059e-01 1.807266683812390196e-01
1.864486972901746309e-01 9.417357096104422842e-01 2.799477389144514050e-01
5.551981442022038138e-01 -0.000000000000000000e+00 8.317181137106663957e-01
1.552200696195647212e-01 4.717169385994286236e-03 9.878686543768262496e-01
2.991592737287074866e-01 9.367969682837583578e-01 1.814253817867584884e-01
4.074526508960234494e-01 4.333423720866724227e-01 8.038636239015293228e-01
5.364608435379292217e-01 8.427052740603452330e-01 4.536060428887521423e-02
9.538036298038428118e-01 3.001598641792648237e-01 1.275506600921843918e-02
3.948068042008139322e-01 9.187522854041357823e-01 4.671768553527167432e-03
3.260713436887430206e-01 1.656744284905020959e-01 9.307144903617666776e-01
6.289354516504812587e-01 2.235945990197798772e-01 7.446110749555026054e-01
4.627857987980631971e-01 8.864692626613515092e-01 1.245306178635487973e-03
7.928596451687988100e-01 6.094042853991153974e-01 -0.000000000000000000e+00
9.329353572895529023e-01 -0.000000000000000000e+00 3.600439127648381032e-01
6.201877364737959919e-01 7.825501472687729221e-01 5.461170696042320222e-02
-0.000000000000000000e+00 3.222948094339761482e-01 9.466393483327835146e-01
6.797412001824343353e-02 7.902075445901853845e-01 6.090579245691623012e-01
-0.000000000000000000e+00 7.407482541516410279e-01 6.717827208043505305e-01
1.769767215164701202e-02 -0.000000000000000000e+00 9.998433839359106567e-01
-0.000000000000000000e+00 -0.000000000000000000e+00 1.000000000000000000e+00
9.260894312407915718e-01 3.768019044543448604e-01 1.945996258182724689e-02
8.009525715716001582e-01 1.384561767855330972e-01 5.824988113316403870e-01
6.300632485386878923e-01 7.493712361208459960e-01 2.036247856121418953e-01
9.544932937019333652e-01 2.374503518253519296e-02 2.972855959884620480e-01
5.985198546986444240e-02 4.097350342801151513e-01 9.102389474851030338e-01
8.799281930890020531e-01 2.058736454232324570e-02 4.746604422408985391e-01
4.644987620675025131e-01 -0.000000000000000000e+00 8.855737688288637388e-01
6.896185851946549095e-01 7.014589683736091041e-01 1.799486666867932683e-01
4.245410766375354861e-01 8.783609370599984034e-01 2.196518574802490686e-01
2.198665074064217947e-02 2.071020463985247528e-01 9.780722517108602077e-01
6.131265764420078535e-01 6.398756887297720741e-01 4.632870646080059496e-01
1.618574427891336098e-01 4.718059227573276893e-01 8.667187199229453576e-01
-0.000000000000000000e+00 9.413715642352609159e-01 3.373715726750819432e-01
-0.000000000000000000e+00 7.833097133832069847e-01 6.216316376436437086e-01
6.895166291775804979e-01 6.449495705497488851e-01 3.295555636539635458e-01
6.544082538974753671e-01 7.561414135139389314e-01 -0.000000000000000000e+00
5.276109938191715365e-01 2.719978868978581866e-03 8.494817484302404909e-01
9.886295846454835612e-01 -0.000000000000000000e+00 1.503713548642118536e-01
4.203610943797405630e-01 8.986359513634704088e-01 1.254989133376767096e-01
7.021208843260452470e-01 6.896765464628556996e-01 1.771229094506993340e-01
6.341458671794922841e-01 7.732123165270916587e-01 1.316324419975516613e-03
1.849294326867138155e-02 6.531991124651391756e-01 7.569603229522774424e-01
3.599290519350942241e-01 5.075488336513370724e-01 7.828443389539658792e-01
8.108428440309656260e-01 3.866719892025999861e-01 4.393388840631792802e-01
9.877591629840623000e-01 5.046851351202242403e-02 1.475966296529548361e-01
9.353438910555202934e-01 -0.000000000000000000e+00 3.537397425581682020e-01
5.458673851481731232e-01 1.750164204784562588e-04 8.378715696338842056e-01
-0.000000000000000000e+00 2.735282836675094753e-01 9.618639602531672272e-01
8.329582891169058367e-01 5.532972363900653390e-01 6.531216927451031183e-03
-0.000000000000000000e+00 5.754782329520559125e-01 8.178170965432181028e-01
4.679741364883742150e-01 7.404155634720562817e-01 4.824779797527737890e-01
9.984486805577769131e-01 5.555831145071595673e-02 3.675094717113445292e-03
8.909113266403936304e-01 2.479592007656752917e-01 3.805170729671685237e-01
5.251261658100219165e-01 8.117970578540061322e-01 2.553978207449009163e-01
3.636913032321202888e-01 8.611208713205109611e-02 9.275307781432829968e-01
9.209685593019519834e-01 1.836763110565602652e-01 3.436275971657989925e-01
8.086717919646880803e-01 5.409216617567929042e-01 2.312005378948978340e-01
5.413673832857822665e-01 9.701338261579355721e-03 8.407301828471719363e-01
6.035924081136322394e-01 7.972930483000503221e-01 -0.000000000000000000e+00
7.858643967363013738e-01 4.287926126211547354e-03 6.183839936736925669e-01
9.164836361133842368e-01 5.837990977616291932e-02 3.957897558943599958e-01
6.705406279526633373e-01 1.443351583282549977e-01 7.276967969801747538e-01
1.640535127082217437e-01 9.757020364533044443e-01 1.452307854036735679e-01
7.341119096470435368e-01 6.473836597113663549e-01 2.048758191029117770e-01
9.443034670355877624e-01 3.290759215508918256e-01 -0.000000000000000000e+00
5.690509877005166528e-01 8.223022396887087471e-01 -0.000000000000000000e+00
2.143612145698035702e-03 2.425083765038661514e-03 9.999947619341320593e-01
3.767457555891903231e-01 2.445210461075774310e-04 9.263166714763305665e-01
-0.000000000000000000e+00 -0.000000000000000000e+00 1.000000000000000000e+00
6.321586210966601005e-01 6.939285531796203221e-01 3.447298084807986496e-01
1.808208025919212647e-01 9.830075240462377018e-01 3.162348839864074362e-02
7.115241057727599294e-01 6.196690611836027651e-01 3.312758692028542340e-01
2.425904045610594723e-02 1.975145587430235938e-01 9.799997438982817055e-01
9.205925724965621226e-01 -0.000000000000000000e+00 3.905244108428591043e-01
6.583273699687225422e-01 -0.000000000000000000e+00 7.527317410273494103e-01
8.969820512750931174e-01 1.609862460592069444e-01 4.117118267308950696e-01
6.535668770315308240e-01 7.568687714837042391e-01 -0.000000000000000000e+00
5.049147961532278739e-01 5.832744356083253284e-02 8.611962366111468592e-01
1.690830764138807618e-01 6.681075557306230817e-01 7.245986525284670021e-01
-0.000000000000000000e+00 -0.000000000000000000e+00 1.000000000000000000e+00
7.517839432766333374e-01 6.593980690239119591e-01 3.884481815110769204e-03
-0.000000000000000000e+00 9.522476545614919630e-01 3.053267174391025018e-01
-0.000000000000000000e+00 3.065354775825367972e-01 9.518592338067883851e-01
5.916011043390435598e-01 5.166962689815651766e-01 6.188966787480396636e-01
5.721968065328132402e-01 7.710962330979002077e-01 2.792873321435814793e-01
7.150355606122817953e-01 1.511287464300377706e-02 6.989247084485599171e-01
3.955679196636346928e-01 7.446117100544477618e-03 9.184065419372345884e-01
6.596071720842686670e-01 6.510357519138793014e-01 3.755939672903757520e-01
7.204824102898571558e-01 6.885065651540811515e-01 8.284809112252909669e-02
1.498136984818417006e-01 9.885439118027478100e-01 1.835184418289067046e-02
-0.000000000000000000e+00 5.957452323573864117e-01 8.031734670190766590e-01
4.273359734095668050e-01 8.668370422619914306e-01 2.568608728330969981e-01
4.067076966057465159e-01 9.135583448919111227e-01 -0.000000000000000000e+00
9.668018718267408218e-01 2.555017171328062275e-01 3.607377786959376723e-03
8.322246824904417917e-01 4.954695857183731393e-03 5.544163857991991629e-01
3.232209257404282110e-01 2.548453288340224443e-02 9.459803231289831693e-01
5.610216995472998569e-01 5.613113707733345947e-01 6.084276437487199374e-01
6.658884135103463331e-01 2.448527299678958380e-01 7.047267281577610509e-01
5.103179786219265157e-01 4.990673037220567099e-01 7.003623255507304135e-01
4.456873835384306259e-01 8.951886707028122725e-01 -0.000000000000000000e+00
7.695339951935860068e-01 2.575512673303935116e-02 6.380862823226677305e-01
6.095190164669063160e-01 7.927577457494698887e-01 4.661021286614898916e-03
1.883968313795668925e-01 9.820602789849313119e-01 8.015133572061718115e-03
8.417110338518867668e-04 1.926794654297359077e-01 9.812613898061243178e-01
2.884031623926165966e-01 1.004620798437792610e-02 9.574563643462153939e-01
2.695176225593270414e-01 2.055618548658522463e-02 9.627760354143684030e-01
1.909754559777778748e-01 9.815948121369020285e-01 -0.000000000000000000e+00
7.023035408675821767e-01 6.267853375994514309e-01 3.375053733723335503e-01
6.470724847264582857e-01 7.555841133129761467e-01 1.019306000128081396e-01
5.964517583731109365e-03 5.195657159982171036e-01 8.544096741547660967e-01
1.262931628473457635e-01 7.545939797548240069e-01 6.439238796129477249e-01
6.852562794534480251e-01 7.123611728643944874e-01 1.515433629852601938e-01
-0.000000000000000000e+00 2.534753680750994609e-01 9.673418412222191121e-01
7.921466792334320717e-01 6.103307616198335728e-01 -0.000000000000000000e+00
1.455072560185592667e-01 2.573605438697370573e-01 9.552974347840691438e-01
8.007725647552450532e-01 4.214958130939310821e-01 4.255638366680053464e-01
6.940965586376374175e-01 7.125713820648307273e-01 1.023327550181562379e-01
3.671487485310794829e-01 5.243197912043728870e-02 9.286833066323396668e-01
5.685300534404077455e-01 7.633797030992672816e-01 3.066349739203304003e-01
7.701497893558562069e-01 6.378630746132984974e-01 -0.000000000000000000e+00
8.162498281149844770e-01 5.776704624940748323e-01 5.749335973842434160e-03
3.611614341977996689e-01 3.251678705072666951e-03 9.324976380848305491e-01
2.315942406468281534e-01 2.739198990272663781e-01 9.334516573535616146e-01
9.999507141686546641e-01 9.693451356317432654e-03 2.146213968922433286e-03
7.842695481736241536e-01 4.664500031487893161e-01 4.090790514925372601e-01
9.008005288282867895e-02 5.350897964704182108e-01 8.399788650828504677e-01
2.879087115168733613e-01 9.549319563931252253e-01 7.220479549096593674e-02
6.908049301128157405e-01 7.003550431343784632e-01 1.796979746354168961e-01
-0.000000000000000000e+00 1.000000000000000000e+00 -0.000000000000000000e+00
4.469662861437407632e-03 9.955192296248365214e-01 9.445361592377930771e-02
1.025186820898469353e-01 9.878983602699666910e-01 1.163905047607925458e-01
2.596300565685110695e-01 5.927836922098334710e-02 9.638870829452652611e-01
