4.867799076310371786e-01
9.625226128453409080e-01
1.735406106413126329e-02
-1.851690147975472156e+00
7.671090551514141154e-02
-1.637658975021369256e+00
-8.501953683836565093e-03
-1.306371377705802139e+00
-9.771170476419801521e-01
-4.864426784305294627e-01
9.596496276422752936e-02
9.007898582447036728e-02
-1.108772298360273689e+00
-7.701492599702471908e-01
7.202200800420899274e-01
1.629142626809684247e+00
5.833279038347992662e-01
2.504379292531259682e-01
5.134750532557816882e-01
1.793622456545279187e+00
1.359739599295420875e+00
-2.280845040414158476e+00
-9.971301928017609062e-02
6.584937103361524491e-01
2.904599372610447983e-01
-1.388673942583795902e-02
1.103879749021295043e+00
-1.037578744373374162e+00
6.450119195887207280e-01
-6.403538631530631964e-01
-9.263437613473078924e-01
-1.673478944151679970e+00
1.452627119445727644e+00
1.902326888505262992e-01
-1.034444295621998577e+00
-6.994722571845304326e-01
-1.105162873513160893e+00
-1.514653893714682509e-01
8.399682904909619441e-02
1.458636087017534555e+00
2.767609877931346274e-01
-1.066485727907632519e+00
-6.999978684714952548e-01
8.087110838096331911e-01
8.765325169524457172e-02
1.312568147616062442e+00
5.313109719792079577e-01
1.391756469268342067e-01
8.235572640251661580e-01
2.525527882442973326e-01
-5.730064446397878930e-01
-4.628582081646493984e-01
-1.212085123946062604e+00
6.093882864461104554e-02
2.276972056464441063e-01
-1.819235139672743973e+00
-6.963453258011129687e-01
-2.527539410288391353e-01
9.065574489368534161e-01
2.520482332718109730e-01
-6.768725241075185250e-01
-1.717586778089293456e-02
5.726914072416158241e-01
1.122443210412438219e+00
-8.879595240642468301e-01
3.997546142199479569e-01
1.842887811145242985e-02
3.117371350560516063e-01
9.050979035462042299e-01
7.703218704245643478e-01
-9.025729188670230663e-01
-4.013190759605793634e-01
-5.873691732675483390e-01
-6.833024553429509207e-02
8.187036495292072669e-01
6.787613794390877642e-01
-7.864704097919335002e-01
-7.136130804844822428e-01
9.973314795279723810e-02
1.023503461985864504e+00
