-4.568698884813938710e-01
-5.396262709137356062e-01
2.479660566335977964e-02
-1.379674693215676040e+00
3.783081233703998736e-01
5.149948458390775086e-01
3.901986076689838434e-01
1.912285122283318151e-01
5.193906962399216093e-02
-6.795987440154514260e-03
2.619348073165718160e-01
3.888796260111607173e-01
-1.060514878395894645e+00
2.554135123930408868e-01
2.447731382507117581e-01
4.440730862554986835e-01
1.119201392326868161e-01
4.383412892186676069e-01
-2.385241160720845965e-01
4.374252905619501197e-01
5.844312472390231772e-01
-4.193472363705968431e-01
8.445820973355323835e-02
-1.062704685640692537e+00
-8.971484102149336615e-02
4.957300483819637171e-01
-4.773633415250640444e-01
-2.620583690412197631e-01
-1.285905404578787103e-01
-1.148958072443274192e+00
6.506585771327090262e-01
-7.882187060874036311e-01
3.377104439053585927e-01
4.715483046381807042e-01
5.292455675956821981e-01
-1.093688366483434260e+00
3.463456937892946952e-01
2.734959359477722174e-01
-9.550972862505352490e-01
-1.497516067562150166e-01
-6.409731727955021441e-01
2.391702635268563026e-01
1.226391604352432108e+00
2.134436590724479166e-01
-3.456857458898356938e-01
-8.039905108477675144e-01
2.067414626282408074e-01
-6.301295730683934559e-01
3.309544725912114682e-01
1.377552946698914760e-01
1.777038402511852411e-01
2.744314717706648477e-01
2.143094967362430547e-01
3.173866760275538823e-01
-4.687265713661240563e-01
6.121530124280947227e-01
-5.778899261041623436e-01
-1.045667269827064844e-01
9.173905536638772285e-01
4.910813628338437514e-02
1.017623697458642562e+00
9.480123557089588093e-01
4.045669905886077333e-01
-4.584314236191357195e-02
2.397457681644591110e-01
5.039523222627951826e-01
5.870793676237302527e-01
1.092508005578778363e-01
3.677123782831006604e-01
-3.127544128438830562e-01
-6.007265613857373093e-02
7.207900261932107533e-01
2.232405037628364119e-02
-5.402453823204459438e-01
-1.409009775900845196e-01
4.499751198841243915e-02
-1.299534431278571121e-02
-5.958022788460817232e-01
1.510292580160931819e-01
-2.641157329299356205e-01
-4.642897404561873720e-01
