2.932728790118074857e-01 -0.000000000000000000e+00 -0.000000000000000000e+00 4.353498818565323392e-01 4.383520846040677155e-01 7.281785388136837733e-01 -0.000000000000000000e+00 -0.000000000000000000e+00 -0.000000000000000000e+00 4.544187868107976702e-02
-0.000000000000000000e+00 -0.000000000000000000e+00 5.523877932946604798e-05 -0.000000000000000000e+00 -0.000000000000000000e+00 9.583687671300606947e-01 2.855333660682844443e-01 -0.000000000000000000e+00 -0.000000000000000000e+00 -0.000000000000000000e+00
-0.000000000000000000e+00 -0.000000000000000000e+00 -0.000000000000000000e+00 -0.000000000000000000e+00 9.129310108461008433e-01 4.031811939227868402e-01 6.326052720704007648e-02 -0.000000000000000000e+00 -0.000000000000000000e+00 -0.000000000000000000e+00
-0.000000000000000000e+00 -0.000000000000000000e+00 6.523745400339884259e-01 8.874310735259868452e-03 6.704521947279696859e-01 -0.000000000000000000e+00 3.396563985729058044e-01 -0.000000000000000000e+00 9.724186268436345315e-02 3.343037892271420687e-04
8.112256225873099025e-02 -0.000000000000000000e+00 -0.000000000000000000e+00 -0.000000000000000000e+00 -0.000000000000000000e+00 5.231351794218701556e-01 3.576280357460955017e-02 8.476259409812265666e-01 -0.000000000000000000e+00 -0.000000000000000000e+00
-0.000000000000000000e+00 -0.000000000000000000e+00 -0.000000000000000000e+00 3.732084891243321323e-01 7.383268075032735078e-01 -0.000000000000000000e+00 8.863705975462332631e-02 5.547363523383092021e-01 -0.000000000000000000e+00 -0.000000000000000000e+00
9.117340925727550338e-02 3.636177417131634254e-02 -0.000000000000000000e+00 -0.000000000000000000e+00 6.141649536127184641e-04 9.847409901292015766e-01 -0.000000000000000000e+00 1.437012038372981193e-01 -0.000000000000000000e+00 -0.000000000000000000e+00
-0.000000000000000000e+00 9.491255448689653123e-05 2.010524552767152875e-03 8.272293916461441743e-01 -0.000000000000000000e+00 5.431552659335633360e-01 -0.000000000000000000e+00 -0.000000000000000000e+00 4.086206455534689003e-02 1.378409632449474342e-01
2.072126113774356571e-01 -0.000000000000000000e+00 7.772320321810941568e-01 4.801461510097424501e-01 -0.000000000000000000e+00 -0.000000000000000000e+00 6.407333335853306056e-02 3.276953929572399837e-01 9.749322227057095891e-02 3.792603995340964457e-02
-0.000000000000000000e+00 6.410480772949159745e-01 7.583858725486676278e-01 -0.000000000000000000e+00 -0.000000000000000000e+00 -0.000000000000000000e+00 -0.000000000000000000e+00 -0.000000000000000000e+00 -0.000000000000000000e+00 1.179331629147949562e-01
3.559611978532244980e-01 -0.000000000000000000e+00 -0.000000000000000000e+00 -0.000000000000000000e+00 8.680312104542100560e-01 -0.000000000000000000e+00 -0.000000000000000000e+00 1.167459325810925597e-01 -0.000000000000000000e+00 3.258586051128119498e-01
-0.000000000000000000e+00 1.235477309909299194e-03 2.339722035288962776e-01 2.248906728086906559e-01 8.023551000874387662e-02 7.224473792925822924e-01 -0.000000000000000000e+00 5.435396836941936982e-01 2.662260809759937064e-01 -0.000000000000000000e+00
6.022751207056442624e-01 -0.000000000000000000e+00 3.115937958657830631e-01 -0.000000000000000000e+00 6.256349935382285454e-02 6.113729100444998954e-01 9.994522218928240595e-03 3.647322077118734685e-06 1.956242976101537276e-05 4.029678248928839079e-01
-0.000000000000000000e+00 5.042341755846814488e-03 5.300783024254235309e-01 -0.000000000000000000e+00 5.020522260101339951e-01 8.984225124425490594e-02 -0.000000000000000000e+00 6.030984338072502976e-02 -0.000000000000000000e+00 6.747045450628181840e-01
1.241292724926797431e-01 -0.000000000000000000e+00 7.520684605439214021e-01 1.320523646004315328e-02 -0.000000000000000000e+00 9.280476376736929156e-02 -0.000000000000000000e+00 -0.000000000000000000e+00 -0.000000000000000000e+00 6.404669015005001187e-01
-0.000000000000000000e+00 -0.000000000000000000e+00 7.289118476856008000e-01 -0.000000000000000000e+00 4.991301566549706525e-02 6.726320011814288513e-01 1.173132565288581841e-01 -0.000000000000000000e+00 -0.000000000000000000e+00 -0.000000000000000000e+00
3.888411337389491003e-05 -0.000000000000000000e+00 5.308846445938564251e-01 9.689372811867086321e-02 8.107049425526577924e-01 1.476576502459504558e-01 -0.000000000000000000e+00 1.618614861012620254e-01 -0.000000000000000000e+00 5.940262481888031187e-02
-0.000000000000000000e+00 -0.000000000000000000e+00 -0.000000000000000000e+00 2.742688792992734048e-01 7.291652314654997191e-01 5.988946998982463965e-02 1.763403352453350448e-01 -0.000000000000000000e+00 -0.000000000000000000e+00 5.986751912512204843e-01
1.254144821473838489e-01 1.730105151913854389e-01 3.501268285651270573e-01 4.125821227393306478e-01 6.493098598145278233e-01 1.698371906359844030e-02 4.889398593585739250e-01 2.350183906018972479e-02 -0.000000000000000000e+00 4.416100243779954616e-03
-0.000000000000000000e+00 -0.000000000000000000e+00 2.113119950462115926e-01 2.570523960775313310e-01 6.425316949269374023e-01 -0.000000000000000000e+00 -0.000000000000000000e+00 -0.000000000000000000e+00 6.902349798689623173e-01 -0.000000000000000000e+00
7.440443481989433838e-01 -0.000000000000000000e+00 4.135135132799474394e-02 -0.000000000000000000e+00 1.978877794491392395e-01 -0.000000000000000000e+00 5.607179240848881863e-01 3.554514603528084119e-06 -0.000000000000000000e+00 3.018673715368161981e-01
-0.000000000000000000e+00 -0.000000000000000000e+00 5.615644594085972274e-01 -0.000000000000000000e+00 7.368044163207283781e-02 7.776838557247152395e-02 1.543234959812411489e-01 8.055456015344990561e-01 -0.000000000000000000e+00 2.119365688204794679e-02
-0.000000000000000000e+00 4.395295855700757648e-01 6.161386716022141385e-01 3.955949658322853169e-01 1.151423308024921918e-03 -0.000000000000000000e+00 2.309945613965266042e-01 -0.000000000000000000e+00 6.042036896056720424e-02 4.622564976474320964e-01
6.110153694888988962e-01 6.178650429907106556e-02 1.145109889566222755e-01 2.921188791278952752e-04 6.035770361337158274e-01 -0.000000000000000000e+00 -0.000000000000000000e+00 -0.000000000000000000e+00 4.889308340249597928e-01 7.981976698336284981e-02
7.739684638088324409e-01 9.015923590577309618e-03 -0.000000000000000000e+00 -0.000000000000000000e+00 -0.000000000000000000e+00 5.858397141660739438e-01 3.356353708038996297e-02 -0.000000000000000000e+00 2.378168379986393133e-01 -0.000000000000000000e+00
7.347664636394964921e-01 -0.000000000000000000e+00 1.135033966398127240e-03 1.102198896011812035e-01 1.114757214890197690e-01 4.718487669694474557e-02 -0.000000000000000000e+00 6.580594005725530771e-01 3.230152585739549335e-03 1.620721773991062181e-02
3.540663819317328431e-01 3.488257451302578804e-01 8.815252627251178585e-02 4.509782752329519750e-01 1.510529580978859643e-01 3.250226432448671821e-01 1.183915356829499804e-01 2.888575607159031833e-01 1.450553193694761045e-01 5.430030548222424258e-01
4.253674894244972027e-01 8.141064072663188600e-02 -0.000000000000000000e+00 4.889138212281608498e-01 1.478500198186482595e-01 1.282551771327271051e-01 2.758304383663917614e-02 -0.000000000000000000e+00 5.217301986967862737e-01 5.119822639194189229e-01
2.444192193321074735e-01 -0.000000000000000000e+00 4.175897767558988116e-01 1.661275662586136600e-03 -0.000000000000000000e+00 2.519495866356807889e-01 2.114894305463012325e-01 4.545532403054797776e-01 6.716027412260272555e-01 -0.000000000000000000e+00
-0.000000000000000000e+00 -0.000000000000000000e+00 3.159146102970055714e-01 3.630737178806994203e-01 1.036277159161106548e-01 1.932196142118801363e-01 5.340766864416661708e-01 -0.000000000000000000e+00 6.595945759043883028e-01 -0.000000000000000000e+00
1.830931385941989009e-01 -0.000000000000000000e+00 4.529895191284235012e-01 -0.000000000000000000e+00 6.170300277084896923e-01 2.756608494801358611e-01 3.726508120736438667e-01 4.070443234660254817e-01 -0.000000000000000000e+00 2.954678394494822304e-03
-0.000000000000000000e+00 4.625519008063714854e-01 -0.000000000000000000e+00 -0.000000000000000000e+00 -0.000000000000000000e+00 6.589940727553948718e-02 1.607254571310957111e-03 -0.000000000000000000e+00 -0.000000000000000000e+00 8.841382380113916861e-01
-0.000000000000000000e+00 3.308314227558247222e-01 7.254372896308127761e-01 -0.000000000000000000e+00 -0.000000000000000000e+00 4.502419829733105838e-01 -0.000000000000000000e+00 1.554563326888657171e-01 1.398004272983330298e-01 3.433112792391918577e-01
2.135256152518351987e-03 2.265193141295338553e-01 8.524843123396411149e-02 2.482261646505822261e-01 -0.000000000000000000e+00 -0.000000000000000000e+00 -0.000000000000000000e+00 -0.000000000000000000e+00 3.670435021363808396e-03 9.379698529639494131e-01
7.772116320056249306e-01 3.949981346058635823e-01 -0.000000000000000000e+00 -0.000000000000000000e+00 4.733258998914752769e-01 -0.000000000000000000e+00 1.229016108761160214e-01 2.786286541298390110e-02 -0.000000000000000000e+00 -0.000000000000000000e+00
-0.000000000000000000e+00 1.406428791629111858e-04 -0.000000000000000000e+00 -0.000000000000000000e+00 1.584689717676521226e-01 1.177054285848951332e-01 9.161795387018957237e-01 2.938393372014065918e-01 -0.000000000000000000e+00 1.879002236963799033e-01
8.798518599664736373e-01 -0.000000000000000000e+00 -0.000000000000000000e+00 2.240671195837825591e-01 -0.000000000000000000e+00 1.198105824258987456e-01 4.016217807511572868e-01 -0.000000000000000000e+00 -0.000000000000000000e+00 -0.000000000000000000e+00
-0.000000000000000000e+00 -0.000000000000000000e+00 -0.000000000000000000e+00 -0.000000000000000000e+00 5.680590139313310694e-01 -0.000000000000000000e+00 2.533534724713562003e-01 1.943079342817240207e-01 7.455555804168597644e-01 1.396863553197598418e-01
