2.185083027319015159e+00 1.386545699368528896e-03
2.318257994602856975e+00 1.575433158647702170e+00
2.016377622557933069e+00 1.590985986774019922e+00
1.167372724753194202e+00 5.650624186705710539e-01
1.337392754462520201e-03 1.399475423320318601e+00
1.101011724923167234e+00 5.565227549120616013e-01
4.632123006534756282e-01 1.152875844049876974e+00
6.497854266256107847e-01 6.968727106910387326e-01
1.824010367822903822e+00 1.572624894005454577e+00
1.773895052185232302e-01 1.407323226512701364e+00
4.871379015444017579e-02 1.965304649668269565e+00
4.804631643393779128e-01 2.979404114925792157e-01
2.109648144480119836e+00 1.865611259192836879e+00
1.363112395547543265e+00 1.217145287538677012e+00
7.814687136234324538e-02 1.276748317094660023e-01
9.701031994271405723e-02 1.816192092687156368e-02
1.634744381779436040e-01 4.594862667937662515e-01
7.944732112874816066e-01 1.798816998670962120e+00
5.078985639958240039e-01 1.844442468286341397e-01
9.478675815871759891e-01 1.421512755892186952e+00
1.902877170975511234e+00 1.908062643629748312e+00
2.429598959193870034e+00 1.335170978105406671e-03
1.096400124531770937e+00 7.462034212285734332e-03
5.172902190085951757e-01 2.788885507335135960e-01
1.430849495218938561e+00 2.319055017602634994e+00
8.701365681472023050e-01 2.325602490538193345e-01
9.529222795685864805e-03 1.713462967378991619e+00
1.164003302368934900e+00 1.309400548232200645e+00
9.808804863963018761e-01 9.378357528887808908e-03
1.797657642772072240e-01 1.095991163030412663e+00
1.412420048810108186e+00 1.329583935595936017e+00
1.982627902429171529e-01 1.932084697682093233e-01
1.362845323289237687e+00 1.751337389468442307e+00
6.332012412422529657e-01 1.634004227523261132e+00
8.396375345809689583e-02 6.745889897554907533e-01
1.478201373037527855e+00 6.162267033754057488e-01
1.372763262487710190e+00 8.244016870876053060e-01
5.748274744992305958e-03 1.182730254080988563e-03
1.411316267167137761e+00 1.494189896892668790e+00
8.462635504262786545e-01 4.616491220792407271e-03
1.207986700112560347e-01 1.723649815166440266e-03
1.264287733519728674e+00 7.124036669327341587e-01
1.550668501631789375e+00 1.003281815118939324e+00
9.442459487278910268e-01 1.659522930918702066e+00
3.338021083953528478e+00 2.097408766724676629e-03
1.347015022052679312e+00 2.127936582730210802e+00
1.296668360549473098e+00 1.919959709355137933e+00
5.312738286952570221e-03 1.003177214795573535e+00
1.762730209416816032e-02 8.353439414937867680e-01
5.395659667934527698e-03 1.790106719084979980e+00
7.465980725445625632e-01 6.642446924736847835e-01
5.826628373234388203e-01 -0.000000000000000000e+00
5.418441796772575092e-01 2.163853584034283739e-01
8.846212158330440944e-01 1.920311232535732104e+00
2.099326859905298104e+00 9.007476644712474750e-03
3.589090386630618655e-03 7.591252899845382096e-01
1.330274901728953019e+00 2.552001941020265452e+00
9.998363554428540967e-03 5.844491175385575499e-01
-0.000000000000000000e+00 1.929527782219434107e+00
1.631172623584103309e+00 1.851633242526920187e+00
1.141846337298165759e+00 2.409026219597943108e-01
4.287704492449040949e-01 2.378001331641927951e+00
1.813217465736496675e-03 1.372026481596304803e+00
1.387600256251498854e+00 9.790863258505693167e-01
2.777333555412754840e-01 -0.000000000000000000e+00
2.155118090450445223e-01 2.490323700435492338e+00
1.208905978421129790e+00 5.135867072083121279e-03
3.893758216167845787e-01 8.853548465353506961e-04
1.764040908753556902e+00 1.267947562419775132e+00
2.066359065658741390e+00 1.445152596860940220e+00
4.086964426462929567e-01 1.639969097742304927e+00
6.593107476092303632e-01 1.074626531320961066e-02
2.230773019609171293e+00 5.018525247390979160e-01
2.272024082215036600e+00 4.703785129667991116e-01
4.455512865633819986e-01 4.705871276684909232e-01
6.452433899527525440e-01 2.030251929706972547e+00
3.446742318488845574e-03 1.087417598300781219e+00
1.872369688592396553e-01 3.320568726833276196e-01
4.944521325900075315e-01 8.038982716924616412e-01
4.245433459143739818e-01 1.280459245577100447e+00
9.769951292243239660e-01 3.336319373034615232e-01
