9.994066979376668991e-01 1.273753756733950082e+00
8.526799709838200902e-01 1.147718669672735059e+00
1.731720855718738572e-01 8.861595317790925408e-03
7.946365111527287084e-01 7.594303452140807043e-01
2.794672237095109923e-01 1.364605597747314158e+00
1.110973333514835709e-02 1.868240921563371515e+00
1.287582923931333889e+00 5.481532627651920786e-02
9.446307104001582244e-01 9.542483049785083216e-03
4.931334148286651287e-01 5.006191226438728714e-01
8.075478534993633106e-01 2.141691605254026687e+00
1.188176262541194905e+00 8.848622443657767622e-01
1.596975045675700366e+00 1.172467511569776022e+00
1.343222229416007663e+00 4.083655096611601282e-02
4.771974255409188181e-01 2.693262039634778948e-01
3.775279772974612924e-01 9.490901174650092642e-01
5.844380849284714907e-01 1.158457791533089143e+00
3.035568879497600042e-02 3.341113975111019707e-01
1.026109238320992212e+00 1.519472684342999314e+00
1.732004637545302497e-02 9.531073548636450621e-01
4.537138522815917785e-01 2.742522386348071883e-01
1.986670193152126451e+00 3.527070833736298816e-01
1.363503306407533831e-02 1.209668900328708885e+00
6.844366514372568489e-01 1.994539773943716440e-02
2.461647991005690983e+00 8.014864022451499981e-01
4.064218737138314275e-01 1.217493226292167385e+00
1.484356226127948875e-02 1.126846421639090323e+00
9.912643596320909190e-01 3.693222136894838137e-01
5.610281528740828083e-01 4.120669346924492049e-01
1.831617117840657283e+00 1.963195507683795915e+00
1.649957431363859195e+00 7.040336227351007281e-01
3.307124796905561714e-01 -0.000000000000000000e+00
1.123690394310004059e+00 6.647971657918010091e-02
1.039890646748425906e+00 4.888952309524150497e-01
1.633437523120312651e+00 1.489395983201468265e+00
2.249198036832529279e+00 5.292653878602560091e-01
1.191207152578743544e+00 1.428718951043904895e+00
4.116732252959718480e-02 4.202736195343615977e-01
6.567154982330408730e-01 2.319044394794019803e-01
1.007796597266986449e+00 6.736399057215142205e-01
9.115562465992984587e-01 1.621251684171137297e+00
7.995748075713206976e-03 1.828802278790474301e+00
1.340225535790703804e+00 6.143969785189445920e-01
2.267788194329174445e+00 2.310221164758361034e+00
1.152078434155021647e+00 1.269939390137239110e+00
4.953880172055688536e-01 9.203228230277700206e-01
4.143148782772863026e-01 2.296102267756653936e-01
1.907515996451396301e-01 3.152492722978271100e+00
1.006805511776136308e+00 2.423490209815297280e+00
5.680334215927014263e-01 1.780434860263660213e-01
2.423608497111625404e+00 1.481632869298073807e+00
8.358957946983173182e-01 1.746907119106919093e-02
1.889645231638271972e-02 1.459050401922199258e+00
1.980832569744639615e+00 1.033787545588841006e+00
2.156943547930320060e-01 8.101608182124462321e-01
1.042247237969806228e+00 1.033869061038730663e+00
1.990005905746496051e+00 2.050023742965310536e+00
3.475616016553692567e-01 6.145293381249504749e-01
1.773103745622057303e+00 5.624562405850961344e-01
1.698962564906201511e-01 8.886744683447102000e-01
7.453556023757951232e-01 3.335144812455059227e-01
9.342708469415199612e-01 1.295977479054416515e-02
1.012844466480139927e+00 8.663937134670706142e-01
4.176372794667619903e-01 2.491780513930410113e+00
6.427027603753454610e-01 9.438003669752028646e-01
1.352622226232221836e+00 4.011618092243048918e-03
1.254427619303706554e-02 1.452845791859510349e+00
1.393641923082498568e+00 5.216835207456889389e-02
1.645981952297467021e+00 6.452685513192455424e-01
6.499446157763679732e-01 2.351040636865988631e-01
4.801776729271692856e-01 3.991442475508503729e-01
1.121016569438310739e+00 3.410884115295060859e-01
1.152881279308220153e+00 1.378947811462075457e+00
1.231992267032628874e+00 1.410519107236130276e+00
1.758429330801601465e+00 3.102212785188319250e-02
9.621551053246061302e-01 1.453819510262215564e+00
8.008591571813840071e-01 6.203872675249489932e-01
7.421706632457317765e-01 1.054611248314966769e-02
1.413939268466182009e+00 5.955738285515014274e-01
1.920180923642219595e-01 2.606649018014586122e-02
4.596448055412975520e-01 1.632851486952570097e-01
2.021671979946997766e+00 5.220721926067486418e-01
