4.747439309628144755e-01 7.052792322135187364e-01
-3.205759690514415894e-01 1.248477301643903026e+00
4.910287939348473296e-02 1.979474429878830710e+00
6.163820306291895035e-01 6.391546576110423983e-01
5.588623166849221446e-01 1.552098224100580293e+00
-2.444916161988041070e-01 1.113694162633545925e+00
3.218522066173156726e-01 1.793286816422309471e+00
1.654324036722943925e+00 1.607661626000854715e+00
-7.621255789829806115e-01 1.673565740014819836e+00
1.910749131964671221e+00 7.193078044661633808e-01
8.226518875893189253e-02 -6.400964709473508374e-02
-1.041947695928659851e-01 -3.681664967123356447e-01
1.184438790150694198e-01 2.132099014337585363e-01
5.412219358057427376e-01 1.180205360019565886e+00
5.872960835457413653e-01 5.585317273300872687e-01
1.709151165748819812e-01 2.624987838936168050e-01
7.407299107860280118e-01 2.679659917491842069e+00
-1.267822442064903576e+00 -1.708174931701680888e-01
2.020676014597534209e+00 1.428702832643405363e-01
-8.217912130817717209e-02 1.481007665710517340e+00
1.187315893396923006e+00 1.731954138537754040e-01
1.840132565775374429e+00 -7.240651815801403268e-01
8.909177181656668942e-01 -5.298702306447237165e-01
-6.081906711110410951e-02 2.007579275034043764e-01
1.389111651635182021e+00 -1.399795166481587527e+00
1.512444078859827568e-01 6.608384816525094685e-01
-5.697974956177543904e-01 7.721370589694839248e-01
2.034989812793981834e+00 4.746182058994425357e-01
5.821341186153701219e-01 1.692659643638916966e+00
3.050158777495868764e-02 9.552417500974119680e-01
2.079295190816774497e+00 1.397329984352902565e+00
1.537671463463836874e+00 -9.079944336452304698e-01
1.008177473741743269e+00 1.001817509327998373e-01
4.543595893821322784e-02 5.269565092458090572e-01
1.545940233794801166e+00 1.954803516264762120e+00
1.755273758495052183e+00 1.675552225974055176e-01
8.552768841662652388e-01 1.820096110132621181e+00
2.035831674042391182e+00 -1.631012448249509125e-02
7.854610185616062168e-01 2.666611670117163602e+00
1.630805885958315216e+00 2.658247197968620079e-01
3.037956548631877141e-01 1.577534845693758792e+00
5.412734494331385982e-01 1.655020412299438026e-01
2.007950330448829313e+00 2.400620457012912823e+00
2.097934711156905330e+00 8.442451562109882790e-01
-3.040145285252890961e-01 7.421079457702505211e-01
1.198779977235971073e+00 2.350278772789498039e+00
4.967787421613550358e-01 1.603825473180586991e+00
1.864824684713290326e+00 1.360847843912999178e+00
2.203381863567228371e-01 2.273443576819865974e+00
1.042910698503021871e+00 1.028055301485928164e+00
3.690109821440219484e-01 1.716620929032388387e+00
1.128729504627818514e+00 2.510939893715107729e+00
-5.115827683580835838e-01 -1.150292919742167408e+00
1.336994811474096156e+00 2.104417093489381330e+00
7.164431787513314553e-01 7.424045203619804578e-01
6.200772138571234576e-02 1.365866125867890801e+00
1.800270229018438251e+00 -1.125703803189664343e-01
1.928328593608874097e+00 1.636252448277512594e-01
9.414791294656302822e-01 1.354329225673081893e+00
1.510982901123906763e-01 8.725435190575924205e-01
-6.939077542619662697e-01 3.323088180625548116e+00
1.133948817359353045e+00 8.514949687356410113e-01
-6.753735185065162794e-01 1.286070354779935920e+00
4.018523396451476742e-02 -1.640341231854978987e-01
6.709454564222602224e-01 1.632386735911463438e+00
2.328110391074245944e-01 9.654618427638106404e-01
1.156716986613574999e-01 -4.232948662912048299e-01
8.739712147002949294e-01 8.395675432248249637e-01
-4.670287253577791731e-01 -3.568932173871834646e-02
9.422243634555428349e-01 4.104722673119082899e+00
1.811764477826015352e+00 1.464076784581916257e+00
1.750768702707268698e+00 -5.122695790065033838e-01
1.087575173502809633e+00 6.997996362025986627e-01
9.274051670834950745e-01 1.050979390175263095e+00
1.795856408477800814e+00 -1.160544552595564188e-01
-1.136216365527495720e+00 8.404999102398141853e-01
1.984480359440486286e+00 3.296944024859836397e-01
3.707341559845139245e-01 9.174400634639463814e-02
6.712756193957596373e-01 -5.560906731700079875e-02
2.302714876879995654e+00 1.066254847194164634e-01
1.372187100946258731e+00 1.569888836068436877e+00
1.104053712476158911e+00 2.558130672255736204e-01
-5.523472594347115239e-01 7.031943990243680331e-02
9.680363209826925441e-02 -2.365148573935584586e-01
1.612633812379560050e+00 2.108528768078610227e+00
1.715614953781154028e+00 -1.153971149785289807e+00
1.516099105338163167e+00 -6.468498108379482359e-01
1.528706800999257931e+00 4.935814306948043684e-01
-5.798852532460835318e-01 1.179243788316542751e+00
1.919012269418744365e+00 1.017973230473243396e+00
1.402825869275563797e-01 3.307789969534347119e+00
9.523400828079574554e-01 9.569828567011305909e-01
3.881130365796708892e-01 1.152606412883023512e-01
2.396813806092407795e+00 4.329243161624224956e-01
1.056788028578859340e+00 2.116527607997707783e+00
2.365234414188565726e+00 -4.573580275198395606e-01
1.268153555905415786e-01 -1.908641420677182676e+00
-1.042056706567703550e+00 -1.209994656379549616e+00
-1.279473105054401483e+00 1.112863071090363531e+00
-1.433358702120470340e+00 2.295446245114755257e+00
1.349785680851534497e+00 1.128273237752501990e+00
6.932490367239464435e-01 2.209262600689124056e+00
-6.367286174176748359e-01 2.881710218887077346e+00
-7.243084165288329879e-02 5.722544909493859633e-01
8.352613389533204424e-01 2.100761897115613674e+00
8.214534685359592414e-01 2.328546124149313723e+00
1.221912671540548612e+00 -3.171273427536454581e-01
1.249419897686235847e+00 8.021881945635019884e-01
-9.777478604272142604e-02 2.841771358361626088e-01
3.683579456640981853e+00 1.755100317507173768e+00
1.540033576553193395e+00 1.533667611072681236e+00
6.948980213797433247e-01 8.201411996717747899e-01
1.517359944613531075e+00 1.119059593423852972e+00
1.358321239160342531e+00 1.126236503555381852e+00
1.267478643667496740e+00 1.203060177964455635e+00
-2.324272511759376686e-02 2.221662198264460208e+00
4.796832207763482986e-02 -5.187808330636232146e-01
4.173212143802736973e-01 6.511934370361537328e-01
-1.754591294285463843e-01 4.430827831484855824e-03
-7.599746661364454869e-01 5.739962509556302273e-01
-1.978330864089039229e-02 1.615826599094157823e+00
8.172169831115140282e-01 1.837649603800086240e+00
3.427313494015720163e-01 2.728658044654326820e-01
-7.591938474774030388e-01 1.903137643837813142e+00
7.418744967830214199e-01 -4.313466010474645285e-01
4.133775411324679405e-01 1.373500263231802743e+00
-1.562613901889428503e+00 -1.420690420440604007e-01
-1.205052763682170847e+00 1.162781372687334613e+00
1.414535762689036691e+00 1.401583160767206016e+00
-5.642508254894755826e-01 9.443807393250276405e-01
2.284350004262512002e+00 5.761560329468411457e-01
9.256245512885953597e-02 -1.992170570965598186e-01
-1.885506123942770895e-01 7.418777640059017742e-01
-9.667839825970295231e-02 1.171638241382997991e+00
8.314862760242434092e-01 1.674467068398858283e+00
1.400183171326924159e+00 8.923468734657296064e-01
1.823491689996322274e+00 1.322636259629797140e+00
9.793779391262169565e-01 -1.726664755719553135e+00
1.068628764461903025e+00 -1.416349961645349653e+00
1.119083127975113001e+00 1.811468786036712908e+00
5.065554648683491534e-02 9.659754340890773783e-01
1.391387107078382313e+00 -3.993481544556327090e-01
-5.991078220521456332e-01 1.431959012498799977e+00
7.265572387048956360e-01 -9.676569958706724428e-01
2.800518662914500134e-01 1.913935153722272631e+00
-4.516047467033815765e-01 1.377584387548494993e+00
3.023970644966702093e+00 2.512415426407304864e+00
1.493746306980229921e+00 1.448328096465457460e+00
3.510235661399933038e-01 -9.986488530823073306e-01
1.894952430458463954e+00 -1.852727261959298266e-01
1.316878123213583995e+00 1.536612205810275134e+00
-3.968347100556810503e-01 -9.825808584054780415e-01
2.249753741300793752e+00 1.089031731873263631e+00
-1.078171088003702760e+00 1.509870881619705396e-01
1.735345297023178635e+00 1.483776315899562492e+00
-3.170273617391775045e-01 2.585595608856269489e+00
1.386399495423403350e+00 2.155329412892178720e+00
1.382060803882148248e+00 1.410380232440335391e+00
1.086476189087658861e+00 -6.082403990265228266e-01
1.558148686310368181e+00 1.394000205283410843e+00
1.019389927697428033e-01 5.930116104669381771e-01
7.077290387552137574e-01 -1.681529149933054690e+00
1.492830554633566731e+00 6.050693794405896941e-01
2.271651121147969743e+00 7.834011576431032520e-02
9.448073648378735312e-01 9.211687796504822723e-01
-4.017498917042466172e-02 -4.573136032426373676e-01
4.196387773006723387e-01 4.477022543959770506e-01
1.879150941556778198e+00 -7.285920547157705984e-01
4.041394551054939277e-01 2.991837806086712903e-01
4.831075512480414447e-01 2.617807556971411653e+00
1.060981906851121925e+00 1.746706573401928919e+00
4.570677677126544491e-01 2.025822861595018232e+00
3.122159554711450569e-01 -4.484423202660445251e-01
-1.617261867830979694e-01 3.019146557742426185e-02
1.115218618639363113e+00 4.157241004106585480e-01
3.097701495151468087e-01 1.751001906227818150e-01
-1.438926673279634361e-01 1.045815423976181213e+00
6.325879532765608104e-01 1.039175179115937597e+00
-6.966913303592934259e-01 -1.226079700120155991e+00
1.301697321792610218e+00 3.727574026989748379e-01
1.487280356505444212e+00 -4.225508153150120405e-01
-8.127861324775582930e-02 6.470477064099090792e-02
1.159407480265490786e+00 -9.782036479139710750e-01
1.024502221540342317e+00 1.159848030811194697e+00
1.254249731929342415e+00 -3.404261153030098130e-01
-9.901433954274517779e-01 7.383747772342671434e-01
1.835755817616597341e+00 -3.460509654970880811e-01
5.288345891550667588e-01 9.270165812679124206e-01
2.234701748420872214e+00 6.156782082720124727e-01
1.235504142386378013e-01 3.997634011794408693e+00
9.270500529906049447e-01 -5.694223656580476023e-01
-4.156615800090904811e-01 -4.243106886112003040e-01
-8.082359246815450093e-02 6.175837917032256374e-01
1.829306435148042143e+00 -7.903223803257851676e-01
2.187080741540657236e+00 1.735368223764191808e-01
1.275281845282585813e+00 4.792952213315984089e-01
1.507257991242089146e+00 1.013759539807289167e+00
1.187376958845715480e+00 1.765759066992752757e+00
-2.466951360367214685e-01 1.463962354577357905e+00
-2.338878519694834179e-02 -1.310949186348113082e+00
2.602519943463969643e+00 -7.267678657966508693e-01
1.653475882022187315e+00 2.612432978686876073e+00
1.942653144222626638e-01 2.620792996310075673e-01
7.001918041039963958e-01 7.438155837710876961e-01
3.498674197240163597e-01 3.582765292885164432e-01
1.041510219897213707e+00 8.053975456798482258e-01
6.787952130495781278e-01 8.334347508568462626e-01
9.187981861159955077e-01 7.459425053056805144e-01
-4.029739309901728128e-01 2.802424785403162533e-01
1.809220887851266335e+00 1.434938137806386571e+00
-2.005707632187436473e-01 -9.231398302645087151e-02
1.837336254534762681e+00 1.244979838780225112e+00
2.756933182017159978e-01 -3.573395155684204738e-01
-2.145303611842410696e-01 1.339434445220056835e+00
-6.063776648459328067e-01 1.622236743949844406e+00
-1.029710618777851944e-01 3.467214101220747469e-02
2.755899010274269312e+00 1.172389245054162643e+00
