1.162821075079655264e+00 1.255000939585422470e+00 6.919425438611358503e-01
1.426524995073390256e+00 1.345214698912958085e+00 1.256666191426114798e+00
2.110626917282447224e+00 1.768420647908716115e+00 5.384873517245697405e-01
7.775778319353506829e-01 1.217084876498610635e+00 1.386452577923402929e+00
4.134565455919263048e-03 2.766068282124567457e-01 3.216262269129032680e-01
6.223536132721469993e-01 1.428138846617542645e+00 1.102218492042819964e+00
1.497182629791081465e-01 8.676485786267519318e-01 5.962022083408589079e-01
1.024057884113777961e+00 1.718663947945142309e-02 1.922105220457728914e+00
1.259426903015758104e+00 5.840769966875059699e-02 2.140563765849495148e+00
2.610875791538454505e-01 1.050659500569917637e-01 8.740938321586437798e-01
1.451323500501089825e+00 7.000546273802714659e-01 1.852378424396361467e+00
6.578522439811820277e-01 8.716490639772164206e-01 4.888665102282666042e-01
8.717878488108513624e-01 1.087066517699762258e+00 1.096752205241208866e+00
1.070686772082849236e+00 6.074758581685266723e-01 1.064941663073592171e+00
1.321799161135095879e+00 5.076793159975157010e-01 3.430158456944001344e-01
1.226943848379367985e+00 3.475746858841012310e-01 1.416826122260357756e+00
8.231615508551941574e-01 -0.000000000000000000e+00 1.373398744371969293e+00
6.405277499891115500e-01 8.641140310569871419e-01 1.277633009588249546e+00
1.059839159996139174e-02 9.575551927270942176e-01 5.053124172697833760e-01
7.673459425150215285e-01 3.941652570531645194e-01 9.578171637643276837e-01
8.685160458271778960e-01 6.265302308079809812e-01 6.815361526335861342e-01
6.952171692859631102e-01 8.242608478412168926e-01 1.107809768494097291e+00
5.500673400014395309e-01 1.306365709114226004e+00 1.009301753244553623e+00
1.136526146734078424e-01 3.978953315724724771e-01 7.501611330515698395e-01
5.961668268949598115e-01 1.428396945084112746e+00 1.156749789610666435e+00
1.589107094915257923e+00 1.035156592294605993e-02 4.146462951372628103e-01
1.604692497499190074e+00 1.261523513538158170e+00 1.404217265565716577e+00
1.600734694026089366e+00 2.344255066750386529e+00 8.703005428276199273e-01
1.144730696952334981e+00 7.835882613813969222e-01 2.126321191529016996e-01
4.413385778653236002e-01 3.603746827004811748e-01 7.738528633161902981e-01
1.546533642266481712e+00 1.319991349244231893e+00 1.209856016989078631e+00
7.094257213856157707e-01 7.561148546534180283e-04 1.788578633268449236e+00
1.684372095162077088e+00 8.532526047555581972e-01 1.661409505119895158e+00
1.268663456016726698e+00 5.516694402609019221e-01 7.061000611778773806e-01
6.469627264593086520e-03 1.600427177403279000e+00 1.582706781505825777e+00
5.689846807894685110e-01 6.616098701277945970e-01 1.179867389811151135e+00
1.394629609073054555e+00 7.790609251321763962e-01 6.564338562296535562e-01
4.796092317411034811e-01 9.968627735886132282e-03 9.111218498009531971e-03
1.562499149184258806e+00 1.680834255026523394e+00 1.960331532077117966e+00
2.152416151083464957e+00 1.556253121696304031e+00 1.141102674929151406e-01
1.777045269320275178e+00 2.524886969918054280e+00 3.228800680166593606e-03
2.068984056559234119e+00 9.343269525773264528e-01 1.372012199942743704e+00
5.975900026332003900e-02 1.473407757376092198e+00 9.378276262542202882e-03
1.285273981123630893e+00 1.434966996245730764e+00 5.112970723150409014e-02
1.647245829203628775e-01 2.581960597966255211e+00 1.577947442588368610e+00
1.201960405523674114e+00 3.449853065007061903e-01 1.972344872449505626e+00
2.245099404009050503e-01 1.837496155339199744e+00 1.674697696805312441e+00
8.364069338164775713e-01 1.730406471418691194e-01 1.454629476079633221e+00
5.225542948669034127e-01 7.174624980121184770e-01 6.052373720593193784e-01
9.702888573112838227e-03 2.105935227202472060e+00 1.760259007465603931e+00
1.163649379655484539e+00 1.395378567336321707e+00 1.578040771645012122e-02
9.667315565236610508e-01 8.154537378261980107e-01 3.557845935805727632e-03
1.256808456038039479e+00 3.570980587470968803e-01 1.667589747169019240e-02
8.469165084199915539e-01 8.814049930875176297e-01 1.222532946608581250e+00
1.765327749894113514e-03 4.105084789995067096e-01 1.398579168887692292e+00
8.326228916555569182e-01 1.618193498057916901e+00 1.533556023343883412e+00
1.750420941611344205e-02 1.370350189657510050e-02 1.411589521085606425e+00
1.586381602429047355e+00 1.662322936216409142e+00 1.183745635284270958e-01
9.735270525727030000e-01 1.026376186312926431e-01 7.119085978330657039e-01
1.588224892902518670e+00 1.276141116196760406e+00 4.271332065104576636e-01
6.508699599783090983e-02 1.369716397409077802e+00 1.374755184334313540e+00
1.561118236443214125e+00 8.627786204525674796e-01 1.821333109537023875e-02
1.060980842639516641e+00 7.776262086074942070e-01 3.277450958220101684e-01
1.401586942175410133e+00 8.688110804361982575e-01 6.733017261553208010e-01
2.418330704658981090e-01 1.414629783897097814e+00 5.355532979680305283e-01
7.942532746169009839e-01 9.675635857097726333e-01 2.455597148234820004e+00
3.290978979732839954e-03 9.857176793155033451e-03 3.674351467207055966e-01
1.374303440178557656e+00 3.696453793693383737e-03 7.074670095938364600e-01
8.207791108070294772e-01 7.589801299955503677e-02 1.754044766215987705e+00
1.687846465645304050e+00 1.329117945704531289e-01 1.311722516043930531e+00
1.377716563956512319e+00 2.804159124481378496e-01 1.400092612202494369e+00
5.086225076449608223e-02 9.085847370944822865e-01 7.621898860710998869e-02
4.835784126887587853e-01 8.367531714242795182e-01 1.414914837995199549e-02
3.106030319392760197e-01 4.236768674192682993e-01 1.213320374958377496e-01
1.145184734010282201e-01 6.196314531243806156e-01 3.508888844877557176e-03
1.190392906065605327e+00 9.174810094419632023e-01 3.080498022157153182e-01
1.297139591265692005e+00 4.273612574155336540e-03 2.944641323228653351e-01
1.367060268874474405e+00 6.328666846071161478e-01 1.351824091283136520e+00
2.169988785004305587e+00 1.584449199347688075e-01 1.408241894636054307e-02
1.565377153516563480e+00 8.196401732438266530e-01 1.378636625999054788e+00
4.562471821824788942e-01 1.245976499844553498e+00 2.445860526984933170e-01
