-5.269722054012794255e-01
-5.166570783876440753e-01
-2.324045573907586593e-01
-1.153941682303662564e+00
8.086505981789239295e-01
4.019981403566464384e-01
-4.191115975027814300e-01
7.289775427443621891e-02
1.411012448505242212e-01
-2.445672132144715294e-01
1.272336183157400269e+00
5.576869665754233818e-01
-6.020619539257437980e-01
1.469551241536229680e-01
2.876462614095623427e-02
1.404782193617362562e+00
3.691117651576820147e-01
-1.374293116282784000e-01
-5.035567501445452621e-01
1.159100154511130826e-01
4.082787334262820145e-01
-6.661481759205605258e-01
3.321156266341946522e-02
-6.455123865051729526e-01
-5.207182390786021520e-01
3.865713140282274196e-01
-4.144124590864686764e-01
-8.500333862300433196e-01
-3.291132561746823448e-01
-7.497407595867167096e-01
1.849860785908990224e-01
-8.334525477310323893e-01
6.898136080631369627e-01
3.498562384341331183e-02
7.633103260044907801e-01
-7.208638661556284744e-01
-5.077212972886525622e-01
3.080892381064604946e-01
-6.985304741907557569e-01
-2.942331818599567272e-01
-1.394987378908827624e+00
-2.283164267947794535e-02
5.794378297690949697e-01
-1.490912882749347301e-01
-3.855985639799605624e-01
-9.913057219087364480e-01
8.319436518866353547e-02
-5.642758643649705037e-03
4.656833278241181429e-01
3.205421504530649446e-01
-6.527289877283624919e-02
3.136867104756956848e-01
-2.346599671018652078e-01
6.044078443078018670e-02
1.365120334268901114e-01
1.062024661534166192e+00
4.083385220815206607e-01
-6.152661676311577121e-01
6.459832347340974668e-01
2.185373601023828105e-01
7.305847785452008747e-01
1.837171778077600348e-01
-1.286997876326640977e-01
-1.041714069403035375e-01
3.165064378844695270e-01
7.781500376288640330e-01
6.714675053117135084e-01
3.274616744292339621e-01
7.811910837510691596e-01
2.877402943536568891e-01
-1.840185111278751229e-02
5.390131540261569043e-01
4.441722496509084572e-01
-1.077708917191643606e-02
-2.955950208955324676e-01
-1.704011459925970084e-01
3.672097407711350514e-01
-2.313913174217948343e-01
5.405452321911116131e-01
4.269216784483463589e-02
3.590683233947318254e-01
