1.474666378819112555e+00
3.382146166697422185e+00
3.921213617178673227e-01
3.921890634964408040e+00
5.181734550376840831e-01
2.140935498195704945e+00
4.556334255463763694e-01
3.828197490628103328e+00
-2.323232623069107494e-01
8.951130645410971809e-01
2.426672760304984688e+00
5.099396939424201136e-01
-1.119887935685796310e-01
6.741062812257414549e-01
1.802275820047891663e+00
2.799394373074149400e-01
1.923048490305970581e+00
8.836072410706805602e-01
1.031665804610894632e+00
1.043447847849050980e+00
-1.514082199806327800e-01
1.665168911062770096e+00
5.335144824716507861e-01
4.483158762798479913e+00
9.803408678074421179e-01
7.238349718034369218e-01
2.023847091415143851e+00
1.329522505524180831e+00
1.238082696521528581e+00
1.645799884074820030e+00
6.790735121317782452e-01
-9.989090952385267785e-01
9.699496378525988005e-01
-1.157256578636682409e+00
4.172727815698600295e+00
7.412855459057468011e-01
3.174898789468998395e+00
2.765388894419848587e+00
1.016854618769619023e+00
1.894752049405636463e+00
2.080077471197677941e+00
-1.218867199222235298e+00
2.613201767519719887e+00
1.654922036562556098e+00
1.902599486265663220e+00
1.476285980286395016e+00
8.427739439669820198e-01
3.150407090690063305e-01
9.960357656000706772e-01
5.586097344284004507e-01
1.442238651198567201e+00
2.114734633906690586e+00
1.866057024875913184e+00
-8.950146601566948412e-01
1.927705043682659714e+00
3.652916782128859730e+00
1.739505054465360301e+00
-3.368628755241722672e-01
1.074780617254537107e+00
-4.011640460191230884e-01
5.450096588987549673e-01
2.086676854223943334e+00
2.285167264053847624e+00
2.118167986177919015e+00
-7.310117162976934035e-02
6.226610105394273509e-01
4.847463155847965277e-01
2.658852879376556455e+00
1.845766829560492761e+00
9.473369417515927760e-01
1.751749014034307717e+00
2.858485256044306366e-01
5.019012076981886894e-01
3.930096060182919793e+00
4.326842497573397672e+00
1.188774914076393463e+00
2.160637642349934495e+00
1.002827294143276288e-01
4.318005056813007947e+00
1.446417634062248325e+00
2.255206555956430048e+00
2.446657742550516268e+00
-2.270791093454718190e-01
2.852182134032843486e+00
1.272387019246560058e+00
1.075503705365661533e+00
1.132963005640721388e+00
1.079521179546853782e+00
1.810728229883616702e+00
7.343591771615256558e-01
1.541714452996561846e+00
2.177256779430933875e+00
-3.063223405490593798e-01
1.557356661872923542e+00
8.891392399633860633e-01
1.043278514218963116e+00
-1.370192212888031724e+00
-1.381931002016371313e+00
1.932987809546667379e-01
2.660711916311384151e+00
1.552224450784863707e+00
1.892391874290265119e-01
-1.479691179746296381e+00
1.196150917080231135e+00
9.386626884436989338e-01
1.141926968625428751e+00
2.732905238215425303e+00
9.226219982437147138e-01
1.335975601175410921e+00
2.209522269030033570e+00
2.073747632502449978e+00
1.277544951414106178e+00
2.149453605491124186e+00
2.833569831193851751e+00
3.862685685268822056e+00
2.628902785638391304e+00
-4.648375982360664072e-01
-1.930575764664418659e-01
4.682040404571319314e+00
2.846171558840911775e+00
2.344573819758946964e+00
1.454748616039700515e-01
7.495009559436834889e-01
-3.432394937003644397e-01
3.025544869451639141e+00
2.909526648210864597e+00
-1.058648728920129400e+00
6.711796985179396824e-01
5.693644212363487833e-01
4.066938390831912109e+00
1.854636781982901939e+00
1.630174083350128589e+00
2.259372975583943954e-01
-1.056172242847487563e+00
4.502972011285548692e-01
2.674438296056986797e+00
1.502902690880953296e+00
1.504840048177597867e+00
-2.583700772798323553e-01
-8.044459791544366078e-01
1.924945667941349470e+00
1.841020026003664434e+00
1.424260388072762673e+00
1.643695280396552771e+00
3.601566607328336111e+00
1.465578797577657744e+00
2.685980870401453391e+00
2.681912650057389769e+00
3.982822027353957184e-01
-1.540388544089797307e+00
1.186631569008360199e+00
5.689985819118402455e-02
1.826841495782514757e+00
1.912866245989170544e+00
2.611714721817826934e+00
8.891708984926774972e-01
2.131005844743951716e+00
-4.717963931664873600e-01
4.892239760044942987e-01
2.506370117517256357e+00
1.617896998769805528e+00
1.768074197009334769e+00
4.493031358960561050e+00
2.394891222950534360e+00
2.365555195698817670e+00
-7.484924533965779669e-02
2.256153083731779141e+00
4.411813353955639228e-01
2.733892731304248258e-01
1.190085456807333353e+00
1.327870814120334142e+00
1.884501467198024027e+00
6.364899779838708582e-01
6.565162054285230697e-01
1.799077535875205913e-01
5.271146256671973562e-01
9.435999735792658383e-01
9.430190554732283958e-01
-1.868685148870797619e+00
2.051064967751149215e+00
-5.213338810512824217e-01
2.966404290872541427e+00
-1.407715667937113613e-02
6.939471118550566420e-01
1.720258678046523659e+00
8.899081440020243372e-01
1.651753793281781180e+00
1.521471090098762691e-01
1.562859942316054740e+00
1.447167671715289483e+00
1.073630444287712482e+00
-8.481654528934866599e-01
2.369571850910280608e-01
-8.923050856911839412e-01
1.704166097378426281e+00
1.873123356539202922e+00
4.562419499196374018e-02
1.259924561526269526e+00
2.332457248057040022e+00
7.865759401496810188e-01
-2.651404032211588935e-01
1.591294772733325980e-01
1.857967152860372284e+00
1.363366246657278902e+00
2.201692266658628050e+00
2.456628975384641311e+00
3.126932778058399420e-01
1.093320435353495323e+00
1.569891685679125182e+00
5.382998957635694026e-01
8.440467340896106174e-01
