2.930262674279302537e-01 4.426571126918507626e-01 6.491710368485249516e-01 0.000000000000000000e+00 2.679625614451857651e-01 0.000000000000000000e+00 2.404777031866416892e-01 3.280072697381564151e-01 0.000000000000000000e+00 2.440184891157087532e-01
1.209117464022119726e-01 1.699991451815967280e-02 6.173869337020412296e-01 4.473551404753535743e-01 -0.000000000000000000e+00 5.747271440234714701e-01 -0.000000000000000000e+00 2.665661323486916978e-01 2.706326230112739411e-03 4.921369401122448889e-02
2.483990143312346521e-01 -0.000000000000000000e+00 -0.000000000000000000e+00 4.015493115714182659e-01 -0.000000000000000000e+00 5.518064048894758544e-01 6.213017955413941973e-01 1.570418406186144950e-02 2.901157761855998607e-01 4.621758806948743359e-02
3.867370911601470951e-01 8.920752457683212551e-06 0.000000000000000000e+00 2.928290165588516847e-01 0.000000000000000000e+00 6.484922925649648784e-01 0.000000000000000000e+00 3.344581719314403401e-01 4.819554616504506672e-01 0.000000000000000000e+00
1.239345730017333246e-04 4.287655396818496611e-01 1.356538459552473763e-01 7.453912723144631158e-01 0.000000000000000000e+00 2.999935394723410309e-01 6.631861342550463868e-03 3.900065101507536047e-01 2.181176784975155138e-03 2.026188114662388256e-04
3.338352122861020454e-04 7.900241055827060821e-01 -0.000000000000000000e+00 1.779814636712299392e-01 -0.000000000000000000e+00 3.317880841763077293e-01 1.443988489823182393e-04 2.916581742602694094e-01 3.860525292733350544e-01 1.087005572238528947e-05
3.009993902269981758e-01 0.000000000000000000e+00 1.474155901490921405e-01 0.000000000000000000e+00 4.593936184871096340e-01 3.157135185261933930e-01 6.576196564419614088e-01 0.000000000000000000e+00 3.801142931254464230e-01 0.000000000000000000e+00
5.106233711446557244e-01 7.309728394133492568e-02 -0.000000000000000000e+00 -0.000000000000000000e+00 -0.000000000000000000e+00 6.149078072438689535e-01 1.709617624380164623e-03 1.246735562249680525e-03 5.964934797378930176e-01 -0.000000000000000000e+00
4.304773830352742192e-01 -0.000000000000000000e+00 -0.000000000000000000e+00 1.750863178904863149e-01 -0.000000000000000000e+00 -0.000000000000000000e+00 -0.000000000000000000e+00 7.729679121170515144e-01 4.319196809825403549e-01 -0.000000000000000000e+00
2.035966593394440971e-01 -0.000000000000000000e+00 1.644869624506462708e-02 -0.000000000000000000e+00 -0.000000000000000000e+00 5.361781741337462437e-01 5.837282684576355907e-01 -0.000000000000000000e+00 5.745016230470622043e-01 -0.000000000000000000e+00
3.964076322185630108e-01 2.129230974689774736e-01 1.852596707038146329e-01 -0.000000000000000000e+00 2.612154935181242310e-01 -0.000000000000000000e+00 7.818547430950149035e-01 -0.000000000000000000e+00 -0.000000000000000000e+00 2.892632447092338133e-01
0.000000000000000000e+00 3.184699654489136209e-04 1.912674688477871213e-02 2.332623542743485490e-01 6.531767990507937327e-01 0.000000000000000000e+00 1.273047629517058132e-01 5.885127410427659633e-01 3.950051380153522529e-01 3.594783740637751021e-05
-0.000000000000000000e+00 3.274094848409543901e-01 -0.000000000000000000e+00 3.537405482341036689e-01 -0.000000000000000000e+00 -0.000000000000000000e+00 -0.000000000000000000e+00 1.204441595495637507e-01 8.678501357962766782e-01 -0.000000000000000000e+00
0.000000000000000000e+00 6.173130872192826623e-05 1.575902012507178788e-03 7.890852368013510920e-02 1.546520112541985570e-01 3.439924252666581306e-01 8.616145508992300028e-01 2.345133763999135978e-01 7.598700838748803864e-06 2.326945772840408322e-01
2.383513318150056737e-01 2.645736702380562200e-05 2.674342688231898801e-01 1.518632266391427288e-01 -0.000000000000000000e+00 6.226904406103019873e-01 3.449484044778274305e-01 5.846984928974283680e-01 -0.000000000000000000e+00 -0.000000000000000000e+00
3.827861331873128048e-01 -0.000000000000000000e+00 -0.000000000000000000e+00 8.158431192791475439e-01 4.774100164442077188e-02 3.010729636829123645e-01 -0.000000000000000000e+00 -0.000000000000000000e+00 3.081406306632578085e-01 -0.000000000000000000e+00
3.110981888668167272e-01 -0.000000000000000000e+00 5.631845416607607069e-01 6.059296133229730846e-02 -0.000000000000000000e+00 3.103493011474526275e-01 -0.000000000000000000e+00 -0.000000000000000000e+00 6.917237350825410358e-01 8.701245632594367674e-02
-0.000000000000000000e+00 -0.000000000000000000e+00 1.834257596037432714e-01 3.718399189834541430e-01 -0.000000000000000000e+00 -0.000000000000000000e+00 6.757676750620201789e-01 2.413764993537398373e-01 5.596119193380123535e-01 -0.000000000000000000e+00
0.000000000000000000e+00 7.074619910552604196e-02 4.510835981600873068e-01 1.875760254716401787e-01 0.000000000000000000e+00 2.681024404542974859e-01 8.273178826024388810e-01 0.000000000000000000e+00 0.000000000000000000e+00 0.000000000000000000e+00
1.462626106653615032e-01 1.112987377641122891e-02 1.882499260699424583e-06 6.887362094685983442e-06 1.556394641070295325e-04 2.818206035422737288e-01 4.846778489380509369e-01 3.742471982207964953e-01 8.315991547555590113e-02 7.191462602324275588e-01
2.111886590814886482e-03 0.000000000000000000e+00 3.171307311855920408e-01 3.313655320941800153e-01 1.724613398664855968e-01 5.862504275730341385e-01 0.000000000000000000e+00 1.275684973306007641e-03 4.827833265181947220e-01 4.279096611417256835e-01
0.000000000000000000e+00 2.072549469781623799e-01 0.000000000000000000e+00 7.141526653453452478e-06 0.000000000000000000e+00 1.255480692108200125e-01 1.016134660713526316e-01 1.189326951519519742e-03 9.648607973349737632e-01 0.000000000000000000e+00
5.559442079015011196e-01 9.888874987827266094e-02 -0.000000000000000000e+00 4.334638109125761862e-01 -0.000000000000000000e+00 -0.000000000000000000e+00 2.176536557426829444e-02 8.714665337973254156e-02 6.965543102612764548e-01 -0.000000000000000000e+00
0.000000000000000000e+00 1.172354383037238212e-01 5.333339739057383309e-03 4.804041162843773471e-01 5.763128927043914551e-01 3.548620615812544954e-01 3.611252692986472446e-01 5.706612656362197028e-02 0.000000000000000000e+00 4.046080283138125400e-01
3.992580201054569677e-01 5.651645440198846959e-01 -0.000000000000000000e+00 5.480545845200330835e-01 1.408703931127259779e-01 -0.000000000000000000e+00 -0.000000000000000000e+00 -0.000000000000000000e+00 4.175621035748351417e-01 1.631430842949368742e-01
6.179667789134219991e-01 1.942194675222043698e-01 3.594355198778687033e-01 5.524719958785561102e-01 1.245394572253261944e-01 2.824549761539451032e-01 2.251350027311343482e-01 -0.000000000000000000e+00 -0.000000000000000000e+00 -0.000000000000000000e+00
1.670470254114301417e-02 1.308209733597077706e-01 3.130190559939984929e-04 2.637250702643343381e-01 1.079704397098049107e-01 8.976736033998616859e-01 2.970047187174507108e-01 0.000000000000000000e+00 2.419688298774483586e-03 8.580584625453632763e-02
-0.000000000000000000e+00 2.022649338295389593e-03 -0.000000000000000000e+00 -0.000000000000000000e+00 -0.000000000000000000e+00 7.743719242108817458e-01 2.548625231513310108e-01 -0.000000000000000000e+00 5.791279013970297429e-01 -0.000000000000000000e+00
4.135491632121252037e-01 8.585310447047495019e-02 1.241165317359178843e-02 0.000000000000000000e+00 1.200231164373969338e-02 8.308579290126712202e-02 5.180545671556425757e-01 6.357252776526213234e-01 1.997412235570926731e-01 3.193450498639339163e-01
1.642587112155817334e-04 0.000000000000000000e+00 2.357006391159656780e-03 0.000000000000000000e+00 1.324353251441953983e-01 6.747532140828579328e-01 2.740350754133502598e-01 4.653674680438452671e-01 4.402544836236977344e-01 2.041501630115527544e-01
5.843051768816363012e-01 1.771796814193889458e-01 0.000000000000000000e+00 7.615381689620016188e-06 2.623092035619885021e-01 2.637547001813447811e-02 2.681304221572514690e-01 1.119635560726076772e-04 6.955064726228625815e-01 4.549557922575601238e-02
4.183309668620175947e-01 3.756182064830249079e-01 -0.000000000000000000e+00 -0.000000000000000000e+00 -0.000000000000000000e+00 -0.000000000000000000e+00 -0.000000000000000000e+00 -0.000000000000000000e+00 8.269886124504771674e-01 -0.000000000000000000e+00
8.760556934451147664e-05 7.592156848680332581e-01 -0.000000000000000000e+00 -0.000000000000000000e+00 4.179918886833887126e-01 2.947156476632735722e-01 2.274201410637939902e-01 8.322566075988539758e-02 -0.000000000000000000e+00 3.215129437869377882e-01
2.885541500686121617e-03 0.000000000000000000e+00 2.971087877246587072e-01 4.868681123341682127e-01 0.000000000000000000e+00 4.317250248294701165e-01 4.158425385198838420e-01 4.291810499757315323e-01 8.487207851840866999e-06 3.621734328498206201e-01
4.526620879274522724e-01 5.365987058699293044e-01 0.000000000000000000e+00 4.386294343585673827e-01 0.000000000000000000e+00 0.000000000000000000e+00 4.128056298817111558e-01 3.502438610738151659e-01 0.000000000000000000e+00 1.472543107831810472e-01
9.324621923527952902e-05 7.130634692560209320e-01 -0.000000000000000000e+00 3.718065037463205158e-01 -0.000000000000000000e+00 -0.000000000000000000e+00 4.022258025978925344e-01 3.369849795805822668e-01 2.792058938332132589e-01 -0.000000000000000000e+00
2.832120145564003821e-01 -0.000000000000000000e+00 1.666891799651082640e-01 5.271090150407308113e-03 1.461294364857170598e-04 3.982651497300153665e-01 -0.000000000000000000e+00 -0.000000000000000000e+00 8.563660063657404509e-01 -0.000000000000000000e+00
1.878502136085673235e-01 3.513160263825387819e-01 1.272803376602599885e-03 -0.000000000000000000e+00 5.281120588651169179e-01 5.456443529483925164e-02 6.420988290497745554e-01 3.790859965684784116e-02 -0.000000000000000000e+00 3.816806706040156705e-01
1.498296348273100431e-01 3.673066593469663799e-01 3.702369750764555184e-02 3.707002114648620950e-01 -0.000000000000000000e+00 5.193006956851452249e-04 4.655221812752207700e-01 -0.000000000000000000e+00 6.979515216955998191e-01 -0.000000000000000000e+00
-0.000000000000000000e+00 2.499356810872089552e-01 7.430008009721500439e-01 -0.000000000000000000e+00 -0.000000000000000000e+00 3.001969336300903679e-01 -0.000000000000000000e+00 1.478244857576605084e-03 5.035718082851465827e-01 2.043942631432604240e-01
4.742290873009479824e-01 4.087430917186522517e-01 2.327929832974219015e-01 8.743356394695881318e-04 2.787604435279015247e-01 -0.000000000000000000e+00 6.679146293959062897e-01 1.127783612447925687e-01 1.315531238422667226e-01 -0.000000000000000000e+00
5.456368180106633270e-01 -0.000000000000000000e+00 -0.000000000000000000e+00 5.822652468326819375e-03 2.763021008140698620e-01 -0.000000000000000000e+00 -0.000000000000000000e+00 3.909227886426656640e-01 6.286939288142804338e-01 2.789749555552775706e-01
-0.000000000000000000e+00 -0.000000000000000000e+00 -0.000000000000000000e+00 1.780517867510452434e-01 -0.000000000000000000e+00 4.074027252067210503e-01 6.130143558128607895e-01 5.909562437782567290e-02 6.504165492018444406e-01 -0.000000000000000000e+00
3.174707136581997324e-01 4.973046935616710906e-02 4.967980527341827601e-01 8.215291019633702563e-02 6.288097834233851158e-01 2.909095858774254917e-01 3.050842383979048833e-01 -0.000000000000000000e+00 2.647173910599687208e-01 -0.000000000000000000e+00
3.220764150753828159e-01 3.761537930701570054e-01 3.399095093148765123e-01 0.000000000000000000e+00 0.000000000000000000e+00 0.000000000000000000e+00 0.000000000000000000e+00 7.866650004039644761e-01 0.000000000000000000e+00 1.428103967779439376e-01
0.000000000000000000e+00 6.390645382608206582e-01 3.950915838814384462e-01 9.619737016513806027e-02 0.000000000000000000e+00 5.573808577299450562e-01 2.424331790475473813e-01 0.000000000000000000e+00 6.579794130358873356e-04 2.383223079215925633e-01
9.735796042458855215e-02 6.010474859306725870e-01 4.607228943397942977e-01 4.706808454239074235e-01 -0.000000000000000000e+00 2.800973974180526738e-01 3.169788978090078424e-01 -0.000000000000000000e+00 1.162516224872742763e-03 1.285526290669605498e-01
0.000000000000000000e+00 5.704473772542264509e-01 2.057008356061066634e-01 2.255115265206768527e-01 4.098580091626726624e-02 0.000000000000000000e+00 6.631218363083166700e-01 3.727488607893639228e-01 3.270150662595499441e-02 0.000000000000000000e+00
9.687367266396568546e-03 0.000000000000000000e+00 0.000000000000000000e+00 3.796030758518165182e-01 3.178466804710156079e-01 2.731148711641031844e-05 0.000000000000000000e+00 5.301672491266966603e-01 8.010180958792265105e-02 6.835843289171397164e-01
0.000000000000000000e+00 2.547928933974442645e-01 3.049231804126023015e-01 5.701992163769744604e-01 5.707976910944049243e-01 2.770214688068567757e-02 1.587069478366119057e-01 0.000000000000000000e+00 3.371255425057211319e-01 2.270602328951812354e-01
3.629792418477901812e-03 1.949634950318258342e-01 -0.000000000000000000e+00 7.978531898613369089e-01 1.718840166884499573e-02 -0.000000000000000000e+00 2.375819114765092277e-01 -0.000000000000000000e+00 -0.000000000000000000e+00 5.183297616646204142e-01
-0.000000000000000000e+00 6.516923446297534506e-01 -0.000000000000000000e+00 1.148937294895250039e-01 6.258137382892537959e-01 9.092645924400225010e-02 1.283266526751847963e-02 -0.000000000000000000e+00 4.020935580859739678e-01 1.849746200520663297e-02
1.315440975451409589e-01 3.110809872979881097e-01 4.610373693890247094e-04 -0.000000000000000000e+00 3.345658579168794573e-03 -0.000000000000000000e+00 4.870041017137968220e-01 -0.000000000000000000e+00 8.054442025419999984e-01 7.253536101721165877e-05
2.191800416294542933e-02 7.284270581619937124e-01 4.561364839580315800e-01 0.000000000000000000e+00 3.754471286981831413e-01 2.324628458332540504e-01 2.529427157175210827e-01 0.000000000000000000e+00 4.328500269401510531e-02 0.000000000000000000e+00
6.987752314557911237e-01 1.076000612663129546e-01 0.000000000000000000e+00 4.602687001182355075e-01 0.000000000000000000e+00 3.897638179406189840e-01 2.553114472038057747e-01 0.000000000000000000e+00 4.411964410801241104e-02 2.631383943207331044e-01
0.000000000000000000e+00 0.000000000000000000e+00 4.748864525479971378e-03 6.027631459812405587e-07 0.000000000000000000e+00 0.000000000000000000e+00 9.231919788365077206e-01 1.143928167600629514e-02 3.841395076421943999e-01 6.617196982389144722e-07
-0.000000000000000000e+00 1.577786386406256347e-01 8.942114387361327354e-02 6.614886438063477536e-01 6.422358446715955432e-03 -0.000000000000000000e+00 7.244435459692194490e-01 6.843018875569518988e-02 3.815949021842756023e-04 -0.000000000000000000e+00
0.000000000000000000e+00 2.778424274268397332e-01 1.437641809809847016e-01 1.156702902412128364e-01 0.000000000000000000e+00 1.029942779397772070e-03 8.573557769572718312e-01 1.576932447066564658e-01 1.323182037258863533e-02 3.586831473366426382e-01
0.000000000000000000e+00 4.073431983247779442e-01 6.745517803055171846e-02 7.535146624427585538e-02 2.398492322400230248e-01 4.138982835585928166e-01 0.000000000000000000e+00 2.102029283601327125e-01 7.421716511968051710e-01 0.000000000000000000e+00
-0.000000000000000000e+00 -0.000000000000000000e+00 3.169160443612728528e-01 7.530148263317187896e-01 -0.000000000000000000e+00 -0.000000000000000000e+00 3.907876968599313106e-01 4.240493699251601245e-01 -0.000000000000000000e+00 -0.000000000000000000e+00
-0.000000000000000000e+00 3.584489080127088445e-01 4.359502008833139561e-08 5.200016939223836010e-01 -0.000000000000000000e+00 1.307966959089368504e-03 1.686732369623996919e-01 4.366250471808144074e-01 5.626056719155912988e-01 2.559173169603106146e-01
1.705855610223955265e-01 0.000000000000000000e+00 0.000000000000000000e+00 1.367727851126853463e-03 1.917952664752538283e-01 0.000000000000000000e+00 0.000000000000000000e+00 0.000000000000000000e+00 4.312627067480852006e-01 8.649426277026710519e-01
1.682042811378009484e-02 2.114949242332180013e-01 9.730267883664602824e-01 1.306758304006586276e-02 5.220608397074652518e-02 2.109648442815418985e-06 4.609910459478761783e-05 8.719793592045719851e-06 7.286700355595542022e-02 -0.000000000000000000e+00
2.597535093935396944e-01 0.000000000000000000e+00 6.304426951275001745e-01 6.506395473130326401e-01 6.410244812590658228e-04 1.936666125007070532e-04 4.670253680738733690e-03 0.000000000000000000e+00 1.713020610481689673e-02 3.338002371788070244e-01
-0.000000000000000000e+00 3.050055066837446538e-01 -0.000000000000000000e+00 5.230202317231898851e-02 -0.000000000000000000e+00 4.909803402879363565e-01 8.132660857746960570e-01 2.316776391538237154e-02 3.515640993165226880e-02 -0.000000000000000000e+00
4.256200555813979824e-01 -0.000000000000000000e+00 -0.000000000000000000e+00 6.617843991990783881e-01 9.737659926753622353e-02 3.183854833620522462e-01 2.097953877942828060e-01 -0.000000000000000000e+00 4.754191355249082762e-01 -0.000000000000000000e+00
3.576715039788278538e-01 4.955729472768571342e-01 2.029899973328882778e-01 9.879400889865121160e-02 -0.000000000000000000e+00 5.789767560352850895e-01 -0.000000000000000000e+00 2.806928208318543172e-01 4.018840756507958134e-01 -0.000000000000000000e+00
6.779941250726153647e-04 7.253694856034580141e-02 -0.000000000000000000e+00 4.693513824115659872e-01 1.772220383871921101e-01 1.068258000176015438e-01 8.311094604723796575e-01 -0.000000000000000000e+00 2.018082622583775021e-01 1.258168525771552124e-02
6.678375885311420290e-02 -0.000000000000000000e+00 6.172563366506309546e-01 -0.000000000000000000e+00 7.346734777887091727e-01 -0.000000000000000000e+00 1.370751611683389791e-02 -0.000000000000000000e+00 1.097780775716831470e-01 2.501005860419112659e-01
6.840788637711727738e-01 5.771347819227294895e-01 0.000000000000000000e+00 5.466134871930953801e-08 2.862280483430515378e-04 2.412778843004949880e-01 8.723456714649138743e-02 0.000000000000000000e+00 0.000000000000000000e+00 3.648651566706357929e-01
4.616560427658057408e-01 -0.000000000000000000e+00 9.583335264184414393e-02 3.702615218472234959e-01 3.383154130763368350e-01 -0.000000000000000000e+00 6.431775571476345821e-01 3.353526254485081348e-01 -0.000000000000000000e+00 -0.000000000000000000e+00
-0.000000000000000000e+00 -0.000000000000000000e+00 -0.000000000000000000e+00 7.349436607847090741e-01 -0.000000000000000000e+00 1.199968171903444125e-01 3.991909538281992464e-01 2.624011108179512552e-01 4.634552684316133875e-01 4.959871896306004835e-02
5.108819980726359011e-01 7.290369177802807736e-03 1.414280970076786659e-01 0.000000000000000000e+00 0.000000000000000000e+00 2.948560909290360349e-06 6.803162296778798579e-01 0.000000000000000000e+00 5.060774205271466597e-01 3.452750991161097295e-07
3.960536651916009565e-01 -0.000000000000000000e+00 -0.000000000000000000e+00 2.849145594717789609e-01 2.826072822346119978e-02 1.926739364311929603e-01 4.566980841230593446e-01 -0.000000000000000000e+00 6.880863714490237371e-01 2.049567733307017803e-01
4.545334638235201119e-01 3.472722223141129771e-01 2.297767743216095337e-01 4.642234632779925763e-01 2.318590528035930909e-01 2.311005364435559095e-01 5.878135557943441752e-02 5.292552289902225926e-01 0.000000000000000000e+00 1.173376346677611204e-01
7.211814984304667497e-01 0.000000000000000000e+00 2.606629024494787616e-01 0.000000000000000000e+00 8.450299762263459302e-02 5.801302330267227303e-01 2.533510803910735687e-01 6.319252868654548494e-02 8.954781528629269030e-03 0.000000000000000000e+00
-0.000000000000000000e+00 -0.000000000000000000e+00 3.137196076605182626e-01 2.396598050781695256e-05 2.513696169390034485e-01 1.532843753596856984e-01 5.173808738716796363e-01 -0.000000000000000000e+00 7.397393152302162989e-01 -0.000000000000000000e+00
4.554478488014231941e-01 -0.000000000000000000e+00 2.679478132789964717e-01 3.287814567112611885e-01 -0.000000000000000000e+00 -0.000000000000000000e+00 -0.000000000000000000e+00 1.884524770784405390e-01 7.597102368580938014e-01 -0.000000000000000000e+00
1.221318795409365304e-01 0.000000000000000000e+00 4.163951457381409038e-01 0.000000000000000000e+00 1.501017683236623157e-02 6.245940648402914519e-01 4.264569637648650269e-01 3.251745180208205355e-01 0.000000000000000000e+00 3.657209677467691544e-01
0.000000000000000000e+00 8.905687530782261385e-01 5.047757607353327985e-02 6.165640659682372973e-03 9.696838913481417577e-02 0.000000000000000000e+00 0.000000000000000000e+00 6.910687540684093411e-02 1.919117921584776176e-01 3.915259002164656610e-01
