1.563268266435765774e+00
2.070067092439153544e+00
3.378411581665917485e+00
1.759277136378979201e+00
1.480305665002001891e+00
1.231124788758694910e+00
2.053486584981561336e+00
9.053987918650847622e-01
2.100636176818386325e+00
4.231698287917399881e+00
3.983515467772893892e+00
1.549269591974806293e+00
1.539300511582218034e+00
2.930109500912795983e+00
1.581217102343919878e+00
2.711665765377627046e+00
2.292236473074924952e+00
1.585404922031984354e+00
1.764282952756172973e+00
2.242971591368142725e+00
1.687706545699710015e+00
2.214898638761260141e+00
8.455176973222466863e-01
2.765271378820985948e+00
3.389935535510826270e+00
2.382662970390772017e+00
2.350666602284329443e+00
1.584157282870555239e+00
3.739425784462099944e+00
2.922586579405376916e+00
2.324813148722967515e+00
3.450846842520055358e+00
1.543213876348469737e+00
2.078165976993854525e+00
2.453344308191691248e+00
3.429333234086983762e+00
2.312142800505162299e+00
3.137391276645372429e+00
1.903807905328479766e+00
2.921254816193353587e+00
2.451218606653870147e+00
2.517555081936339256e+00
2.071423197910443825e+00
2.886026616324340655e+00
2.733486805213343196e+00
2.734704817546897537e+00
1.557815316032250541e+00
3.169627565261726510e+00
3.267089106082648353e+00
2.358155733300566048e+00
2.357263427249973287e+00
3.153757424635960316e+00
2.343050940136807370e+00
3.348103847865838922e+00
2.519663395318735066e+00
3.694762320549212831e+00
1.240864130619241834e+00
4.029171995072316825e+00
9.987730723803310839e-01
2.222096286425372824e+00
2.242852804068610428e+00
3.734191647504541578e+00
3.061477046320225881e+00
3.230905934382512612e+00
3.166071849199769250e+00
3.216353261514170558e+00
