-2.746806425647423389e-01
1.730967526791847289e-01
-1.892501689615332106e-01
2.458344081850996066e-01
8.309806450451091842e-02
-1.994003542933706075e-01
-7.532400679974590729e-02
-4.719735691224093976e-01
6.191083384271656165e-01
5.235046251966312125e-01
3.973291117911562781e-02
-3.043275662063342837e-02
-6.572289443356493788e-01
1.887969321591784488e-01
3.076071716384971011e-01
-4.727587756055668389e-01
-1.991914522368107288e-01
1.911731606274661155e-01
5.325934855424788728e-01
-1.384425476311210434e-01
8.626488313960391230e-02
-2.183340297442823985e-01
1.682314267254751694e-01
-1.069547696113443830e-01
-3.846284347398194747e-02
-7.654860997598146310e-01
-5.283615012967329827e-01
2.695053710450261986e-01
2.092032107165142651e-01
-3.712774098119951405e-01
-2.381678927940348023e-01
-8.296242620716763605e-02
5.269418809081644062e-01
3.096988961537053622e-02
1.532357608245471514e-01
-1.544475584179400285e-01
1.346959313536413017e-01
4.354721547916785562e-01
-8.510420758277290054e-02
1.998147553990238801e-01
1.581079247187850423e-01
-4.615336979496873493e-01
-7.293763258238681324e-01
-4.650706736475517800e-01
-3.406984285579566230e-01
-2.951342561152226485e-01
1.923041695149649288e-02
4.313346507542679953e-02
-1.272297297347978369e-02
-3.192648939854860618e-02
1.533669328174726565e-01
-2.974949406884215275e-01
-2.401868735534576013e-02
2.865312036376678195e-01
2.388888148937222122e-01
-2.073353566572175566e-01
-1.739811524714331981e-01
-6.405378762015422056e-02
-8.584470738887467478e-02
-7.528334357427181323e-02
4.453208060145733005e-01
2.012035950368897819e-01
-3.436223836914938101e-02
-1.577657773381716255e-01
1.136897702476576399e-01
-3.285259358094742010e-01
-4.995250559267798152e-01
-7.003344553628729208e-02
-1.607031488863211732e-01
9.915106037940806666e-03
2.924538451090987201e-01
4.625327976116831441e-01
1.255153476020983982e-01
-1.329261340610830011e-01
-1.682767730863947708e-01
1.541635483507085014e-01
-4.601448450364401532e-01
3.746031153698564653e-01
-5.265404956305073936e-02
3.920866940924282347e-03
