1.759418283836998276e+00 6.781239538397220157e-01 9.306779338343397837e-03
1.218305107345937444e+00 1.093136835058973633e+00 5.007858322469996848e-01
1.599294544385745809e+00 1.251596336927292219e+00 4.354540006705556743e-02
3.436678801838362052e-01 1.714504819470821451e+00 5.945792327318523071e-03
5.576065389330691069e-01 1.149594073991129894e+00 7.704974555092596322e-01
7.247204137600713469e-01 6.247112184527324752e-01 5.310144664509701407e-02
2.880741845040007965e-01 6.484940076339737458e-02 1.437511019222948550e+00
1.216668585173857675e+00 2.428755065016008907e-01 4.777798437504915396e-01
1.164041836895423482e-01 2.723559469970457947e-01 6.773943996197222539e-01
1.600218822136969532e-01 5.632049038661400830e-01 1.477728790928931890e-01
7.851852075634657702e-01 2.061761402810363339e-02 1.836558535427092131e+00
5.115548035346540595e-02 4.875923049167437129e-01 1.300174582689105574e+00
7.629519024638106717e-02 3.541122920922406547e-01 9.372437363962826673e-01
7.506461265459513088e-01 6.445201770752633230e-01 5.912312738489875485e-01
4.167097612925951822e-02 1.773418276986988770e-02 5.959659003805290595e-02
4.223043832165054162e-02 1.215217397285978107e+00 1.362009481455553894e+00
5.510956544147638247e-01 1.268352567356123561e+00 3.679072184674340301e-02
7.206580270728741855e-01 6.173404210753367094e-01 4.964332268273335957e-02
5.722846303852513472e-01 4.157619316421902744e-01 1.125820525234268565e+00
1.719478546262197760e+00 1.184913063870393080e-01 6.620977231086825343e-01
1.828208322903781824e-01 1.987531779787898856e-01 3.423503507686412317e-01
2.837019780330357066e-01 5.283192332972150296e-02 1.123580163741215499e+00
1.291519491584559809e+00 2.690438083086654081e-02 1.481585613463966888e+00
5.875263865641715544e-01 3.491899262820987327e-03 4.733411184932337923e-01
1.491365806065112043e+00 5.949055569619476902e-01 6.367824923178232455e-01
4.934671874105778788e-01 2.511403356021959729e-02 7.440398433848928114e-03
3.024495236758742989e-01 1.118194667692531175e+00 1.821271834478922214e-01
1.525408268766487607e+00 5.465235668962958870e-01 4.218499688615899856e-01
6.709649978192850917e-01 4.779061611941157195e-01 3.398382658545162638e-02
8.436907709709554615e-01 2.153853100203614868e-01 2.708468128552744547e-01
8.672195167388342674e-02 7.307370195708102756e-01 5.429546247661310998e-01
1.393909717842477081e+00 3.733365342753690586e-01 9.084405375411259698e-01
1.111259991843169592e+00 4.545468666898426491e-02 2.935757324144142588e-01
2.774023757598925166e-01 8.941406399725442267e-01 9.307035803827382603e-01
6.277355076461266226e-02 4.368761979575380705e-01 9.774494083494696950e-01
1.379458277487557671e+00 6.704359501934544774e-01 7.528620744550501565e-01
1.163486398897183027e-01 1.458871503267880732e+00 3.651725891179156691e-01
1.134817847081036161e-03 7.217975082447424251e-01 5.246624381752859057e-01
8.793380034670836842e-01 1.507146631615134291e+00 2.818955307582657333e-01
1.326743357366611253e-01 6.067228071619548135e-01 3.743606590749108676e-02
2.000375676143910653e-01 4.651182839987200862e-02 2.805770763823129191e-02
3.336477264156512690e-01 1.013053135149494244e+00 3.155521309910291894e-01
6.106477489430907069e-01 6.779267272014138923e-01 1.077842251083070302e+00
1.696933955840032870e-01 1.090323447133024093e+00 1.475969465126792390e-01
4.848066230671209398e-02 9.632257336189750108e-01 7.925731760289109751e-01
1.025584593319449400e+00 9.091981325222758814e-02 2.676792160767539341e-01
9.469847094342539462e-01 7.700647396418709711e-02 5.734666142298752156e-01
5.223974616293592943e-01 6.553696673045814602e-01 1.113042113940991146e-01
1.021875969295617526e-01 2.833549045312200865e-01 3.017090573829817046e-02
2.853287677194894095e-02 1.194208400581305618e+00 1.566764250307649764e+00
4.627189025904124287e-02 4.860629676854114067e-02 7.614565463300637660e-01
5.497624432861824006e-01 8.039839274296031180e-01 4.440544452406506859e-01
6.005023680344925285e-01 1.067812733931629454e+00 1.650953397158520408e+00
4.931439383226802337e-02 4.717620322673551359e-01 7.855495673935203316e-02
5.818202411480192238e-01 2.261206716524069571e-01 4.073276290311901859e-01
4.174669335248424873e-01 1.561356464691290746e+00 1.776488336255813039e+00
4.898557988173588007e-01 6.485932443096857902e-01 3.154363513452270174e-01
4.462600588443384475e-01 1.029447210553759762e+00 1.002814652047973487e+00
8.690790776223913938e-02 5.574862893662574370e-01 6.183762954840101855e-01
1.370009474995252496e+00 1.782215486611599564e+00 3.117986648013603701e-01
3.333112779941267007e-02 7.769700509118386833e-01 8.591831860228420492e-01
5.544048642361140145e-01 7.149527969171580732e-01 5.407686374105703520e-01
4.974648024854594341e-01 1.193925529475114322e+00 5.744532595581933743e-01
4.186151445760609713e-01 4.384852821293545033e-01 2.097600603358255877e-02
5.811797869407427930e-01 1.251363713990258086e-01 8.314680948969446206e-01
1.240319799320174443e+00 9.299264386579440822e-02 1.349184908065114596e+00
8.900393089122565771e-01 2.720889329795013190e+00 9.129730106602339523e-01
2.156793818732515369e-02 6.286368041249950078e-01 1.714257636841013621e+00
4.396750298176563265e-01 5.786516920986056745e-01 3.266498290258353920e-01
8.798870609958765465e-01 5.485147775721094243e-01 1.119655827148932636e-01
3.982255895252074379e-02 4.612202358595038909e-01 5.375376229654498239e-01
2.998816566541882139e-02 2.674259653070519549e-02 9.579757729827156343e-01
2.104828158486187970e-02 1.657386210022490758e+00 5.111743459043189830e-01
8.081707851892374617e-01 3.368883540693087819e-02 2.301320679483239984e-01
3.747212044296474587e-01 5.788752682442304121e-01 1.675009018901355007e-01
5.122706247710168831e-02 1.128156055067201180e+00 1.105234510913728485e+00
4.695953397057977541e-01 1.129852228505423550e+00 1.102026447995462510e-01
7.900009471731046506e-01 8.667511056201839814e-01 8.531710508836779505e-01
2.227434589228107331e+00 6.701247251360814561e-02 1.581274121908994079e+00
6.631063219113049190e-01 4.938877393944826610e-01 4.187124065680377649e-01
