9.683835503815263479e-01 2.494554911180213996e-01 2.292880619794453352e-03
-0.000000000000000000e+00 1.000000000000000000e+00 -0.000000000000000000e+00
8.792487323607305338e-01 3.432020007986506527e-01 3.303544358561749106e-01
2.195503668751780380e-01 9.222096488208235687e-01 3.183190224079424646e-01
3.255369114592229218e-01 4.705043375156140462e-01 8.201532708320947718e-01
3.236177080849209076e-01 8.569936077193135437e-01 4.010405657063861318e-01
3.289327271949513132e-01 3.635486281438155554e-01 8.715707980163409641e-01
9.504034228261910577e-01 7.335969501498722234e-03 3.109333006156362322e-01
7.590620882201991604e-01 -0.000000000000000000e+00 6.510182380139520886e-01
-0.000000000000000000e+00 8.015539395941941869e-01 5.979224714969549881e-01
-0.000000000000000000e+00 8.648325727528044515e-01 5.020603759566824031e-01
4.327291968526756349e-01 8.711636331624214025e-01 2.319900136783660805e-01
3.329078899729573382e-01 7.968648242750535626e-01 5.041614707877244417e-01
2.813990781523419971e-01 9.092499623929313213e-01 3.067231075472881541e-01
8.494286890948531399e-01 3.419012256128970417e-01 4.019632496472758110e-01
6.828714545576016759e-01 7.119534456110683251e-01 1.637341376528211601e-01
6.361211413613868659e-01 7.606602074053906426e-01 1.294061141641875134e-01
6.172625159004080375e-01 1.345848725839313142e-01 7.751605630679786474e-01
-0.000000000000000000e+00 9.019889402688011648e-01 4.317591361312057008e-01
7.224925426268891115e-01 3.543587722391854933e-01 5.936618451489619197e-01
6.605981362056939643e-01 3.893793522550706987e-01 6.418674493063073472e-01
7.798925972121911743e-01 3.536632921236744220e-01 5.164201899789236938e-01
1.391660866792733264e-01 4.262425051853594993e-01 8.938401015235811764e-01
7.716980126505835758e-01 3.930664798083877698e-01 4.999809193581112310e-01
1.799486867640062993e-01 9.836644684396981253e-01 4.762736729629441987e-03
6.796603305726848371e-03 9.999769028250126146e-01 -0.000000000000000000e+00
5.690297644062529692e-01 2.741189268492024156e-01 7.752831361269286736e-01
4.314163338875856013e-01 7.355578304989169869e-01 5.223357395839592909e-01
4.782775160457943264e-01 8.773174044462626053e-01 3.955742029933025095e-02
8.023635394224928330e-01 1.442114365294867862e-01 5.791509407568219414e-01
6.160638955076157552e-01 7.703598940190909961e-01 1.643499630023584623e-01
6.086597081190440184e-01 7.474078370291586948e-01 2.662984882792890362e-01
4.988180235923581618e-01 7.471002560831766504e-01 4.393424480970005153e-01
4.133880976828854248e-01 9.105533141328900903e-01 1.715463708664011775e-03
2.852153746917832633e-01 7.503052275836943341e-01 5.964010860989491514e-01
7.792026950342458014e-02 5.767835992685560464e-01 8.131722518724576743e-01
3.327569354026406745e-01 9.377585389929684601e-01 9.940696397746077995e-02
3.616473347298215790e-01 7.938887846663148506e-01 4.888269661790949350e-01
5.129647661270660963e-01 4.499761300954416288e-01 7.310188992471635672e-01
1.556827528898769575e-01 7.318486074257850582e-01 6.634459256499873891e-01
8.538098529432037731e-01 3.688264736578071856e-01 3.673904834726284263e-01
3.681155010876323574e-01 7.767759403024647735e-01 5.109893505996216945e-01
3.070411473146925641e-01 5.565654030815836428e-01 7.719849000779172021e-01
5.157373972610315022e-02 4.667258918791691302e-01 8.828969878871817389e-01
1.691648123944168580e-01 8.399954820731214689e-01 5.155490823814025125e-01
5.272246293348654689e-01 6.961667865567470193e-01 4.872227370699835358e-01
5.397361579126235265e-01 8.414877551695323366e-01 2.415031555612910316e-02
1.411576288161866533e-01 8.924140494278492985e-01 4.285693505265861791e-01
1.537665902725149636e-01 6.713474245107481364e-01 7.250161869356777089e-01
3.503840832425076934e-01 8.867644799598631833e-01 3.014626864005238716e-01
1.337393222572362539e-01 8.816645928840405322e-01 4.525277221748897905e-01
6.830578492001370128e-01 1.960543142214625778e-01 7.035585835744134764e-01
4.936861617318542006e-01 3.982753339866431097e-01 7.730787359980206830e-01
5.837177286282317912e-01 4.558467483334010528e-01 6.719206465937500594e-01
5.323523026490252219e-01 6.324695424918104214e-01 5.626573590423221694e-01
6.592914743852423820e-01 7.212834964269599913e-01 2.123319796569347884e-01
4.454676603401551138e-01 6.914253173771577332e-01 5.687614562195341117e-01
9.801501131705849801e-01 1.982546790939451187e-01 9.153518703310609215e-04
4.817878017051433481e-01 4.378936444565623143e-01 7.590320614260477328e-01
3.080415777575585823e-01 9.509608089662151542e-01 2.799868180746731619e-02
5.485209208005281667e-01 3.171463875985556236e-01 7.736555876340114324e-01
6.278854601065160246e-01 2.220756987074977429e-01 7.459505566928718023e-01
7.201248272641992410e-01 4.178348664266942070e-01 5.539262203180979061e-01
7.850081794511468702e-01 5.766564822571570437e-01 2.263392578975135239e-01
4.797823552543359696e-03 9.883920479988415053e-01 1.518490709283873974e-01
3.466696695754184487e-01 9.007157004400939693e-01 2.617849636193436691e-01
5.832510414449647573e-01 4.869316203010986555e-01 6.501659940386844694e-01
4.075496430258093716e-01 8.935075532958026701e-01 1.885405544515127430e-01
7.455842366574912949e-01 6.025333719167234037e-01 2.847063079289419152e-01
7.704947845839479892e-02 8.791863374501341921e-01 4.702071478724117459e-01
6.237081390311655094e-01 7.816348633080726360e-01 5.924336895464179034e-03
5.706049804089383670e-01 7.595166400253847705e-01 3.123210365266249622e-01
2.432357225290867481e-02 9.997041381493114720e-01 -0.000000000000000000e+00
5.744819778076359906e-01 -0.000000000000000000e+00 8.185172308352628434e-01
7.851251298972397041e-01 6.193371702100903819e-01 -0.000000000000000000e+00
9.619461044254093429e-02 9.712616343051366785e-01 2.177095189667248576e-01
9.465516686590313977e-01 2.146521981187386741e-01 2.407579124381932223e-01
8.693069777195210346e-01 4.224028303170272447e-01 2.566733866771487294e-01
3.633265423840418840e-01 5.508656399525013736e-01 7.513593483274020324e-01
6.063847951762537658e-01 1.506741877134524232e-01 7.807655021425730091e-01
3.732112768771422839e-01 8.898123562991674396e-01 2.625782043297892887e-01
7.467577459501575365e-01 6.650923561289624475e-01 2.242026374844086588e-03
3.234435153757257986e-01 -0.000000000000000000e+00 9.462474794478412665e-01
-0.000000000000000000e+00 6.964712462512607782e-01 7.175847010250537839e-01
4.600735886483957593e-01 7.124757065488871444e-01 5.298213478200467508e-01
4.248936727053653772e-01 7.524069423443150439e-01 5.033380176452249000e-01
8.418263999773458739e-01 3.501167042939908880e-01 4.107877866678802947e-01
4.721531256165243939e-01 8.814381675190808840e-01 1.175511850860013439e-02
1.374739556238263605e-01 8.220752243555725647e-01 5.525334714077269060e-01
7.226233367977571431e-01 6.384662932970942562e-01 2.649081075368288629e-01
4.048169414166236657e-01 9.143605762546050952e-01 8.245030832960164799e-03
4.116694666188779328e-01 5.502084399330184894e-01 7.264977101685885508e-01
1.636820466562743243e-02 9.993234002000369598e-01 3.293666177166530706e-02
-0.000000000000000000e+00 2.939017787753234745e-01 9.558356262625393729e-01
1.209404077985026388e-01 8.037745584639417462e-01 5.825116968161476727e-01
1.497354397686068428e-01 8.996995163869339063e-01 4.100244849889081444e-01
4.899030710110215403e-01 7.137908374418675539e-01 5.004973740170945984e-01
4.735965351097855547e-01 3.401982820887261387e-03 8.807353452910199332e-01
6.917781152652318077e-01 4.252630578406806777e-02 7.208568183463646140e-01
8.483955213710284715e-01 5.293616096480014965e-01 1.151324653479659718e-03
2.533844043288528969e-01 5.165358764915126688e-01 8.179162744071406532e-01
5.857490979645012530e-01 -0.000000000000000000e+00 8.104924393439912889e-01
4.717154776276615280e-01 8.030039049937617301e-01 3.642378848105685130e-01
7.877244678443088288e-01 5.189017878993522626e-01 3.320106884939946768e-01
1.647631602480634228e-01 7.806114898688616410e-01 6.029086190375677612e-01
5.601440387673536359e-01 5.454684164948707670e-01 6.234603936417897341e-01
6.545139660715516561e-01 1.203544527132091591e-01 7.464089187097053824e-01
4.247688841816554262e-01 8.918864378531943249e-01 1.552738774057360327e-01
8.115282626582773773e-01 5.113682525208091967e-01 2.827090186404597749e-01
9.632635978021551401e-03 9.952555184224045615e-01 9.681769143016040469e-02
3.043721714906649223e-01 9.510959755836534413e-01 5.266902743203011328e-02
3.526312163043943126e-01 5.212140021550203395e-01 7.771661271859640063e-01
5.725218481785386837e-01 7.107566332675145648e-02 8.168029036682549204e-01
4.100940152442170139e-01 8.152394848207601408e-01 4.089101136558713212e-01
8.653098696996178729e-01 3.783117940880046937e-01 3.288145614998611022e-01
5.346863371125709641e-01 4.588273720493541430e-01 7.096393193471072225e-01
1.804467132666169246e-02 9.426303723823193925e-01 3.333502225874205305e-01
1.151246724031630524e-02 9.070502114027678697e-01 4.208650342951228973e-01
4.288168706802312768e-01 9.033874918541835441e-01 2.670389750828389055e-03
-0.000000000000000000e+00 9.999951607214426774e-01 3.111034184320486760e-03
6.815132035758246776e-01 4.862179010547726388e-01 5.469295256664317151e-01
3.923840643887914759e-01 9.135255802361251787e-01 1.072649069732676402e-01
7.243885094415482007e-01 3.057369941011063852e-01 6.178884833261355514e-01
9.349936893199389809e-01 3.546637004008745264e-01 6.786382307926174017e-04
7.136920168025744082e-02 8.838213759858696283e-01 4.623485832161344233e-01
5.778793113903795131e-01 7.939859371776282204e-01 1.887904474043752834e-01
7.408572973624375502e-01 3.560320709254398697e-01 5.695363284439080021e-01
3.508776702442127377e-03 1.258769387776265125e-01 9.920396588695564732e-01
1.374094660532912127e-01 9.905143303551693368e-01 -0.000000000000000000e+00
1.947573375159851738e-01 9.495799868218055551e-01 2.456978390445963001e-01
6.021845633749752791e-01 6.715740730213825005e-01 4.316966713774393338e-01
6.459216912663584553e-01 3.436955888020548633e-01 6.816586469704730700e-01
3.758819017889582503e-01 9.264451718333686081e-01 2.030121903127699023e-02
2.048056871021816661e-03 8.966436530802534000e-01 4.427481957658905842e-01
4.248162721430693289e-01 5.293071552655200795e-01 7.344147808338203909e-01
5.417380917169371812e-02 6.997204220511188399e-01 7.123598313804850868e-01
7.247768561185495839e-01 6.593541746565829698e-01 1.998764148113718053e-01
1.632344134787480361e-01 6.131278184081415672e-01 7.729351878070516157e-01
6.975543025785865270e-01 3.622963873020482173e-01 6.181903612173081930e-01
4.059738687950901204e-01 9.138842388832119079e-01 9.032034099126230427e-04
4.590411686175261408e-01 8.076816341412881295e-01 3.700426777888118357e-01
5.410362988927045480e-01 4.197496989502977893e-01 7.287591601562333210e-01
7.733360611710671240e-01 4.934421402149321012e-01 3.980781214190585171e-01
4.063535367286016942e-01 4.803196261972204617e-01 7.772836418437734096e-01
1.375276475503383888e-01 9.904966031883578603e-01 1.620256644674304431e-03
3.232757149621225297e-04 8.646911051712791174e-01 5.023038802662029845e-01
5.466070013961188412e-01 1.013073128569761949e-01 8.312386025603252238e-01
6.518806785783429758e-01 5.697218843494454843e-01 5.004683360508994650e-01
8.271905659860029347e-01 4.615914358831717523e-01 3.204514220019437643e-01
7.346462097761117249e-01 6.086788463332681864e-01 2.996748379293713294e-01
9.724035768352671250e-01 2.226156418074745971e-02 2.322406220242388131e-01
6.955333289347218617e-01 6.049706609969659477e-01 3.876130643746134585e-01
3.085057724843179305e-01 7.599196611663424639e-01 5.721418503454240856e-01
3.912215220075335731e-01 9.201822229621744453e-01 1.450507712837245319e-02
7.730101291853870293e-01 4.351225451418453197e-03 6.343787567485708045e-01
8.006123400624464148e-01 2.754807651207112906e-01 5.320998299081114435e-01
4.408654638489850064e-01 8.975675440871483390e-01 3.185370713808865616e-03
-0.000000000000000000e+00 4.326571393844424497e-03 9.999906403461854554e-01
9.668224161116937276e-01 2.554494386448071808e-01 -0.000000000000000000e+00
1.601526211049477122e-01 9.747772618273067291e-01 1.554362498829457151e-01
2.865042730407214855e-02 9.408795736485392469e-01 3.375274520779565357e-01
6.806518089388641224e-01 2.632713514140864741e-01 6.836675438492401113e-01
7.381327046625787980e-02 7.733749699342681305e-01 6.296370041398813289e-01
5.890517964147823360e-01 5.288200936826115139e-01 6.110378790697283957e-01
4.025258641859824071e-01 9.154086129490632828e-01 -0.000000000000000000e+00
9.355300752031364686e-01 3.532418531897390523e-01 1.916127733948354891e-03
3.929785759111585342e-01 7.412258385590836385e-01 5.441985806001530257e-01
