-0.000000000000000000e+00 4.300729198663083563e-01 6.550106917903624204e-01 9.135185270386864120e-02 6.145348779732111577e-01
4.591106638742110668e-01 -0.000000000000000000e+00 1.605463208678362119e-01 -0.000000000000000000e+00 8.737518395819164896e-01
2.312920131772626953e-01 5.789204035220286704e-01 2.040906793770593808e-01 3.359166930999054612e-01 6.759157794537236086e-01
8.958482166582838486e-04 6.902597475876109945e-02 8.738369088476270752e-02 9.937800072611301383e-01 -0.000000000000000000e+00
4.086241935457295971e-01 1.611721006742060924e-01 8.575991345847994163e-01 -0.000000000000000000e+00 2.675323284628774445e-01
6.158598713619183318e-01 1.160468668039419705e-02 5.739195675662326357e-01 1.821078929585165096e-01 5.079714513434092638e-01
6.806193698931436442e-01 6.454717511990814005e-01 3.519658262651036151e-02 2.698132053776071126e-01 2.146753979978323623e-01
2.786505214765176014e-03 8.193611775353537574e-01 7.005204342229168213e-02 3.314902587983644122e-01 4.624353097144739411e-01
7.816317800933102189e-02 8.646503623820999129e-01 4.488978426227619445e-01 -0.000000000000000000e+00 2.115679449364082643e-01
2.883311001360892023e-01 2.228291511607087723e-03 9.065026290901242456e-01 7.045342025344142160e-03 3.083237876319154247e-01
-0.000000000000000000e+00 2.838514108771463818e-01 8.615404562393975674e-01 4.209232932564606067e-01 -0.000000000000000000e+00
3.446712163429073716e-01 1.739485497080465364e-03 7.206338943874104341e-01 2.674809561540566483e-01 5.388315647489970717e-01
6.573678818187783657e-01 1.550632828027514731e-01 2.427211853679334674e-01 6.963401141481988521e-01 4.440482089283315052e-03
3.932045811648743894e-01 -0.000000000000000000e+00 4.904193473713505669e-01 7.261809996578775239e-01 2.784603684740434848e-01
8.791305662300699653e-03 7.088796620783234248e-01 3.828609769125548845e-01 3.446568583969730759e-01 4.817068195012055298e-01
1.431951988334552277e-02 3.292458025239683450e-01 6.226403336659847021e-01 1.362087724040610126e-01 6.965330847010416937e-01
-0.000000000000000000e+00 4.181882533604454055e-01 4.375692964826007059e-02 5.748574555829116806e-01 7.019564243027041073e-01
3.951918219985539049e-01 8.030754543200968598e-01 3.372076646500013486e-01 1.628761833368818912e-01 2.421891374462033508e-01
5.675137774580173433e-01 -0.000000000000000000e+00 6.172248087632142832e-01 5.449418756551434040e-01 -0.000000000000000000e+00
3.646501763183995770e-01 7.335207160904452239e-01 3.938278602023826958e-01 2.711705822158794188e-01 3.167708001793002603e-01
2.030707823273776025e-01 5.498987307495876165e-01 7.377907294400830596e-01 3.153490064626072731e-01 1.122207064683527905e-01
3.344007472087940913e-01 6.979643483188526787e-01 1.233537485065128864e-01 2.760064018143733033e-01 5.564406775469549205e-01
3.385074728260243360e-01 3.205950246002440274e-01 8.650193828415819741e-01 -0.000000000000000000e+00 1.853995370837695500e-01
2.020939509158859448e-01 7.030764603719786843e-01 4.883685738158332068e-01 3.186083028195768607e-01 3.533078138925527800e-01
1.423286401580606542e-01 6.477061752632815583e-01 6.422871893362931406e-01 3.116596296895146612e-01 2.248437465282228376e-01
3.917168899793991299e-01 -0.000000000000000000e+00 5.429872211497123180e-01 -0.000000000000000000e+00 7.427804223140113127e-01
3.501505584307188501e-01 6.575203561057559876e-01 6.170161183538129812e-01 2.536083826285260856e-01 5.955307662269787583e-03
4.979131706169331872e-01 1.501276510129346403e-02 8.001885958133013732e-01 1.319313261982428282e-03 3.339963502091901071e-01
1.258563770993849536e-02 1.192594910394796127e-02 4.754443743302637637e-01 4.673485599519202616e-01 7.451424990496614553e-01
7.368496945053130964e-02 7.678011128449994116e-01 5.472163201173838587e-01 3.248423110351699172e-01 9.151412435983490024e-03
1.223106769724393167e-01 5.390498325244227340e-01 8.333324696481093641e-01 7.875674598119637628e-04 4.663809774712002545e-03
2.079078417265249612e-01 3.399372403092740802e-01 7.034972150126810320e-01 5.884632364036178620e-01 4.437326933460227635e-03
3.258409816920135871e-01 1.688907700433780190e-01 7.990280763904522576e-01 2.738660664960314572e-01 3.896858647755966354e-01
1.122356372510650707e-01 2.310216571428363452e-01 4.787552174666638294e-01 6.749977792657715359e-01 4.992029601239854064e-01
4.968079377496585347e-01 2.921255212585242012e-01 5.593758747297542522e-01 5.882450051944425606e-01 9.439807970758477829e-02
4.535903278624469070e-01 1.670641998076903278e-01 8.754115418546034588e-01 -0.000000000000000000e+00 -0.000000000000000000e+00
2.692974589909835070e-01 3.300379848765856629e-03 6.277298551520245073e-01 5.170804141016843714e-01 5.158013768662337295e-01
5.882027853277564944e-01 3.055649217153866282e-01 5.427879558749426625e-01 3.667609079232256875e-01 3.626502906743235832e-01
6.227349794896706037e-01 5.003520578931449636e-01 4.497059978721086870e-01 -0.000000000000000000e+00 3.995165565529738005e-01
8.508419600165989527e-01 4.124544585864757702e-03 5.253829333956882008e-01 3.621309067701566214e-03 3.256781271362685620e-03
1.405095466905919577e-01 7.537724428043174330e-01 1.612188622322141551e-01 5.417599610621269823e-01 3.042840692644447342e-01
3.840200439199276672e-01 3.591928829363570316e-03 8.097522025589910522e-01 4.348593481166196928e-01 8.783178081692885608e-02
5.097744922299803916e-01 6.265058851055353983e-01 7.163088908422491491e-03 5.776592605796475599e-01 1.178083690730845207e-01
5.302350574267796768e-01 3.987260871421922648e-01 2.224301537941217599e-01 7.144150298864675452e-01 2.069556314177978078e-03
4.952541146918231774e-01 7.229455991694365598e-03 1.577419977771181425e-01 3.781799610058756422e-01 7.660081436106020991e-01
9.352708055713347957e-01 1.349767118085742346e-01 3.271712276603968572e-01 2.965688196748373848e-03 -0.000000000000000000e+00
1.091066061796836517e-01 6.895090522939995026e-01 3.874295687553784562e-02 3.774233580875938632e-01 6.072261583257149153e-01
5.403461237602195100e-01 5.028124249927534532e-03 6.863063742299033709e-01 3.897179073060050847e-01 2.917264093637473854e-01
8.285823664259274191e-01 2.626836297681641244e-02 5.498377307441253414e-01 8.474800662397398432e-02 5.707434080164187906e-02
3.176446342244168553e-01 2.985626222455393746e-04 7.697166907141583803e-01 4.390093233027809183e-01 3.375038181977739749e-01
4.473839066049126179e-01 4.768599516887924057e-03 2.138722977092112620e-01 8.683789963180557070e-01 1.208137327988562494e-03
4.493398752401259189e-01 7.085147596878403897e-01 2.063787069318564690e-02 5.154976299828960551e-01 1.730224944882561011e-01
6.342985274279620000e-01 5.998620170417628961e-01 3.101855715097918270e-02 4.300326831367105584e-01 2.279049783568133369e-01
5.299527111559996229e-01 4.643069421138504849e-01 2.706047793273509416e-01 7.681730578327414932e-03 6.559597791509849118e-01
2.897465455803910905e-01 1.647438407373699645e-03 9.468530478124000949e-01 1.396834562836491711e-01 1.436370407264961303e-03
6.283213707737732301e-02 -0.000000000000000000e+00 9.691117369270991766e-01 -0.000000000000000000e+00 2.384838860393518889e-01
3.500894704092254450e-01 1.510983399268398253e-01 8.819745801093216153e-01 2.087619541473750562e-01 1.820602672784385478e-01
-0.000000000000000000e+00 6.642172547526875581e-01 3.258430902022587251e-04 4.448369375025269523e-01 6.007790203963991882e-01
4.309347933349909621e-01 2.765964688405150146e-04 8.003908941881278105e-01 3.139245014366033870e-01 2.740820156198348068e-01
2.196823492365800132e-03 6.199946404750605183e-02 3.826282584336068160e-01 5.702933982511928512e-01 7.242322115064592225e-01
4.081842299353250492e-01 3.391434840818973728e-01 8.475550333532567704e-01 -0.000000000000000000e+00 4.218657897637617671e-03
1.650359801972736962e-01 5.465868907584754410e-01 8.019575915068468674e-01 9.966957633567726307e-03 1.754154419410547394e-01
1.123273216930863400e-03 6.707179247506507291e-01 2.359018446703317340e-01 7.031534537965535847e-01 7.857720443824602399e-03
-0.000000000000000000e+00 1.192713285514293842e-01 9.927171939766706865e-01 6.985107133824382947e-03 1.543150177368555684e-02
4.080120892199410286e-03 7.235979651938677648e-01 1.273032505826109662e-01 6.359841372417139871e-01 2.360241448428798683e-01
3.401579338957615994e-01 6.429066080100079295e-02 5.429625915751732368e-01 -0.000000000000000000e+00 7.650822930191947258e-01
3.219672168894129327e-01 6.171591290353193315e-01 5.604332939829798077e-01 4.487385025738697686e-01 -0.000000000000000000e+00
6.631281351494073828e-01 4.310451853933894815e-03 1.222791659134965653e-01 5.419696471272174021e-01 5.015567799904447899e-01
2.852227962740486872e-03 4.562123282354502152e-01 5.239868293144042122e-01 4.824791066848390653e-01 5.333984352051248656e-01
6.576266733942243148e-01 5.476276917580906629e-03 4.332397680049749900e-01 5.244017224886199369e-01 3.237333867575790669e-01
6.034208962957707256e-02 3.714102386924367782e-01 7.589465202317752235e-01 1.208329563050251345e-03 5.314244877509034515e-01
1.900866212819815604e-01 2.397522114828886386e-01 6.592751658775931611e-01 5.836365123448439274e-01 3.620920195387955509e-01
8.813132222836560226e-02 -0.000000000000000000e+00 9.359450268261687578e-01 3.409280723818776671e-01 2.797545999515007892e-03
3.155751198202401686e-01 9.192382309663956752e-01 1.787695453875808305e-01 1.529577452839080975e-01 7.667873224905175610e-03
-0.000000000000000000e+00 1.436071064538186615e-01 6.674990857530498367e-01 7.305747782378818611e-01 9.080908405784402990e-03
3.070730611290429790e-01 -0.000000000000000000e+00 6.681061212295781315e-01 6.685134057615856884e-01 1.114906822180794510e-01
2.610546113714021232e-01 6.787689476623489648e-01 2.266511516871248244e-01 1.967717661051722119e-02 6.475841796481844881e-01
-0.000000000000000000e+00 1.483958258243854578e-01 2.533724034958982352e-01 9.414867036120576627e-01 1.654807872422412729e-01
6.757032957842014076e-01 5.385394035636659194e-01 1.246269238712883892e-01 3.201295440300124806e-01 3.679477840144923517e-01
2.043074488212963946e-01 8.323756774840455064e-01 5.057085795477844758e-01 3.197676971697092571e-03 9.827413353907847593e-02
4.428683832766406869e-01 2.557298536316384915e-03 8.000995948283288195e-01 1.053701155654931110e-01 3.906390052457502371e-01
4.589496783524494618e-03 4.472147736562910869e-01 7.782520511192708712e-01 1.000374018986139868e-01 4.292949404463666241e-01
9.334419157686285606e-01 2.835032491096168283e-01 2.197471311797488946e-01 4.826589764355014231e-03 -0.000000000000000000e+00
7.757657852986811209e-01 4.276752043042120754e-01 3.819190343078819345e-03 3.797585793148345323e-01 2.665524361268776232e-01
3.905837911090427883e-01 4.135560040643739832e-01 5.790944778049634811e-01 5.615520057277586519e-01 1.603891026975431955e-01
4.304561185789617106e-01 3.063501579456258672e-01 7.161899123542009304e-01 3.669335991981298450e-01 2.707191421495958594e-01
1.803139711886486418e-01 -0.000000000000000000e+00 8.514358345143310247e-01 2.741533004007824011e-03 4.924798224250938605e-01
8.710647457976471164e-02 1.095077962615361757e-02 4.070446708328929741e-01 5.315565983199552758e-01 7.376006787150645172e-01
5.892564257766373936e-01 2.606002748067149377e-01 -0.000000000000000000e+00 4.867719624379371335e-01 5.898452492272242553e-01
4.527003425896582688e-03 2.954830136651435124e-01 8.488095792702201603e-01 4.295757931654630712e-01 8.749989108977095087e-02
3.510860668074960445e-01 2.908479545084187157e-01 1.342782334437862268e-01 6.969233911026200268e-01 5.370411380975873561e-01
6.773182027340436395e-01 4.774571542539998159e-01 4.613971745842872507e-01 2.999762374133380094e-01 1.019883442838968313e-01
3.699967290078775561e-01 2.535839257996582718e-01 7.362016364960833129e-03 6.684791248214774773e-02 8.912209436561316922e-01
1.781387707786547814e-01 4.809932312505251113e-04 6.400243589462204508e-01 5.693196047254593939e-01 4.842626917507765749e-01
7.724918055037398590e-01 5.884791247824813949e-03 4.741092351032313856e-01 2.365449179520617840e-01 3.499838776892772452e-01
4.443914749383376384e-01 3.530189404403330511e-01 5.461769533750601147e-01 6.156797692667894673e-01 2.286923719855667170e-02
2.809532537016654063e-01 1.648912898655403581e-01 3.488562108199426692e-01 7.439524803299080169e-01 4.676646051865112619e-01
1.791085628838318643e-03 8.653707489872979330e-01 4.824913856126112344e-01 1.353168037850638883e-01 4.656633166825742756e-03
3.429016881685204576e-01 8.053769010533792239e-01 4.733834233067796826e-01 4.912135404668524497e-02 8.533291636765241717e-02
1.410233800083348643e-01 5.563267291692498562e-01 4.062609686098659356e-01 5.458621754421238981e-01 4.556308675985797918e-01
7.310520148025519971e-01 3.683825279963048871e-01 5.373627271020380292e-01 1.494710465970744973e-01 1.369560895718644478e-01
2.608908258913810174e-01 9.583978040467489024e-01 1.043144739791163934e-02 1.153291423243365810e-01 -0.000000000000000000e+00
3.475130716678402898e-01 9.044104748558270956e-02 5.112472153011707876e-01 7.519036728225807487e-01 2.105284626657523139e-01
3.184290365795011679e-02 4.570462487641231975e-01 7.604362453889267348e-01 3.237327610465431937e-01 3.271522154918831693e-01
7.032035604858428712e-01 1.695335809300042018e-01 4.169145069384468938e-01 5.180449109820393083e-01 1.859432213525563926e-01
4.715180083317707660e-01 5.913704445125707032e-01 7.582611474690627296e-02 1.286849451007329725e-01 6.369005812547631207e-01
3.306133827048074719e-03 4.547269208107740379e-01 6.488674815830692832e-01 6.100514326391829334e-01 4.553882738393416271e-03
2.616452965707553036e-01 1.958903361355643913e-01 3.434945740920590795e-01 7.438732653340819345e-01 4.709912501115308681e-01
3.707377124291674764e-01 4.185041598911858896e-01 3.619399257476009213e-01 -0.000000000000000000e+00 7.459271458301955926e-01
4.442258378003680619e-01 1.412734941423744450e-01 2.693977747421303914e-01 6.155939463224316954e-01 5.754773124099065162e-01
4.790616774545931600e-01 2.646650266082018477e-01 2.497601223255196401e-01 5.629248710105723141e-01 5.667343326273281967e-01
6.380407261638281202e-01 3.784748259896272837e-01 5.888044478391272207e-01 3.164633582346747520e-01 5.311405603179673862e-02
4.425338222328506488e-01 8.145237861796912338e-01 1.021197815418995597e-01 1.864083938491341019e-01 3.090926703238127682e-01
4.269258579435544210e-01 4.310728708592360126e-01 4.611823081464663243e-01 1.240133429902055481e-02 6.473542904690122723e-01
7.919038778361746356e-03 6.737127686208408406e-01 5.202958851425693032e-01 3.909115133832503641e-01 3.500411044865951449e-01
6.287342313117079140e-01 5.739231593877400783e-01 7.220082896354873200e-03 2.735281621197155899e-01 4.477004449692349453e-01
5.130992340116620198e-01 -0.000000000000000000e+00 3.934259892449861185e-01 7.616537172342430217e-01 4.276426155693104081e-02
3.702992196163760186e-01 1.394988407815152525e-03 7.601154070852660372e-01 5.335252995293174871e-01 2.125710781355934914e-02
1.262115202672978165e-01 2.479009433522406380e-01 2.950356473322257589e-01 7.427140278181174615e-01 5.328654746953774834e-01
3.653700598450677073e-01 -0.000000000000000000e+00 1.224940094034807601e-03 2.936022287399974173e-01 8.833464496840885971e-01
2.374692052136073966e-03 7.526855280071399479e-01 2.884581068961100669e-01 4.246392032690836094e-01 4.122284856474390247e-01
1.886514010640329836e-02 1.504415253559043169e-03 4.923600106414621758e-01 8.555635933559985196e-01 1.588533942615696082e-01
2.935636488821816159e-01 7.887678413102533481e-01 3.607330227298644609e-01 2.047434221059912240e-01 3.458576209746512253e-01
5.397106161095998993e-03 4.351792013703670303e-01 2.216233316666945882e-03 3.220123529232876702e-01 8.407693303245722394e-01
5.840979736394745769e-01 3.142342885435727567e-03 6.563572079990542818e-01 4.774363861307866497e-01 8.330400801306663341e-03
4.925665208299152831e-02 1.153814574634183521e-01 7.661839781634532942e-01 5.537807420075588904e-01 3.009151091028414715e-01
2.070043177006404000e-01 4.577364367559164093e-01 8.232062702384783659e-01 3.245262010572630938e-03 2.644758435733309265e-01
8.418967241460084683e-01 4.852322222329392698e-01 -0.000000000000000000e+00 -0.000000000000000000e+00 2.361346996506511198e-01
2.513047446866744083e-01 6.082850930818407831e-02 -0.000000000000000000e+00 3.992077750311930906e-01 8.796470713348359949e-01
2.071870061620610659e-01 7.986218976856737650e-03 8.320196366271161992e-01 5.042404433542506670e-01 1.024434689809269883e-01
5.148446530891966910e-01 3.330249700219812259e-01 1.327297191722673075e-01 3.962514735492027318e-02 7.777159004886523563e-01
4.018064002277397240e-01 6.946278914676016214e-01 2.474940194988583392e-02 3.465876043432935538e-01 4.850857746316613039e-01
2.619398328491353012e-01 6.879132136729280284e-03 3.975665280894244424e-01 3.773669611319900863e-01 7.942765474927107050e-01
6.683743783914374292e-01 7.045367654179664945e-04 5.158316884539748681e-01 5.050776640645513460e-01 1.791351902547999864e-01
7.037362219383815898e-01 4.410403561762628599e-01 3.862345286490014296e-01 7.974986538175361794e-02 3.933212198784651892e-01
9.318849329103179313e-01 -0.000000000000000000e+00 3.475670074019228672e-01 4.409446581945267868e-02 9.403895610065693411e-02
2.127747272012754653e-01 5.220778949255521217e-01 3.510578455479859694e-01 3.827681214761216588e-01 6.421904245279390633e-01
1.485905440879445316e-02 5.885714709774035880e-01 6.274059383527983425e-01 5.096281206688153542e-01 1.949152838496741227e-03
3.109805808522548842e-01 7.182776667403679705e-01 4.771638905062184910e-01 3.095336072302550812e-01 2.527287862250814365e-01
1.588748626504397909e-02 1.264416584867408995e-02 3.306451474661319390e-01 7.274048065507222605e-01 6.009523664269702525e-01
3.350006338618596868e-01 3.092241231212959351e-01 2.849511821018894109e-01 6.386677274415558658e-01 5.505101041174379484e-01
5.681309740606657055e-01 4.561869759535923663e-01 6.685834535478908380e-01 -0.000000000000000000e+00 1.487171978123951743e-01
1.216385613566102475e-01 4.716168384929967927e-01 7.936820557818220490e-01 4.092749114442911090e-02 3.621813811331666133e-01
4.390388678531434441e-01 2.964789539733423962e-01 8.480942295091361549e-01 8.059266947390134050e-03 4.040848262236804850e-03
1.489033883434532409e-04 -0.000000000000000000e+00 4.722165099688235834e-01 1.414500869720009824e-01 8.700594338528020444e-01
5.094757518231718407e-01 -0.000000000000000000e+00 2.500709933677088270e-01 8.233159996407991565e-01 7.051334325694688480e-03
7.032906296174148419e-01 2.930893530799470459e-01 2.012302701516622827e-01 6.104790768955895564e-01 7.938889375042448848e-02
1.454791622210246660e-01 3.197539063872839038e-01 8.439173987766934726e-01 3.859775622644797677e-01 1.241692320177984754e-01
7.724946272575365820e-03 5.379115660846417457e-01 6.336714225732508199e-01 2.491987368843055495e-01 4.969426425923954560e-01
3.507599543615654292e-01 5.335910997679170764e-01 1.049800344440659540e-02 6.296110036988310510e-01 4.424113115752905667e-01
1.341421686226051957e-01 7.474181272510324048e-01 2.773234723595289219e-01 4.532619534552908558e-01 3.755227221915228841e-01
3.838130515663394360e-01 2.074217510265078390e-01 6.219163481534388804e-01 8.060435101722281115e-03 6.502452183091338433e-01
6.467148023825665115e-01 2.296909961251866195e-01 4.814536811693952978e-01 3.754677926582697389e-01 3.952572583053499677e-01
2.952036033492905776e-01 7.976664917981438757e-03 4.628096028250802130e-01 5.123783281359932662e-01 6.603536369066479450e-01
1.704639009888587464e-01 9.014261800811180780e-01 -0.000000000000000000e+00 5.329862433307652227e-03 3.979252353023945976e-01
1.528829093304021336e-01 4.003101931787108603e-01 8.823013983773781987e-01 1.947347200415688595e-01 1.093848047044678612e-03
1.287641863603584957e-01 1.305777477051690144e-02 4.282983336258662233e-01 4.467216278758085468e-01 7.747577708098779548e-01
7.204458318813015127e-01 1.923462592565778617e-01 1.092177764542035939e-01 -0.000000000000000000e+00 6.572915617754883089e-01
5.113963555955660864e-03 2.888135076301941995e-01 -0.000000000000000000e+00 6.234155352924375393e-01 7.265766824934143386e-01
2.899375049478788990e-01 1.523258685562649175e-03 8.727946803157743405e-01 2.487245052822752434e-01 3.038083102749962738e-01
7.137268020390121759e-01 4.203640587532827752e-03 5.413768228914122016e-01 4.443956762761945845e-01 -0.000000000000000000e+00
4.335472603652822388e-01 7.108296188298337537e-01 8.191893777150592582e-02 1.185222579243344204e-01 5.347894801086660044e-01
8.153117942810738095e-01 1.516992085157394254e-01 4.209399987062000803e-01 3.023510991404577131e-01 2.089195026311700953e-01
4.017746981018294194e-01 5.279596690030925465e-01 5.774737489208491281e-01 3.433397052086086809e-01 3.293593721239683747e-01
8.224351006410438036e-02 3.038561643711826937e-02 3.255693468593033879e-01 4.957717249212514887e-01 8.003297548637595682e-01
1.388088890699474276e-01 5.046116969752409975e-01 3.979140765500631116e-01 2.795402241498675666e-01 6.997290749686531086e-01
6.302455774292498036e-01 1.595090481654955483e-01 6.518027025146132525e-01 1.834383180324039020e-01 3.447477282830136991e-01
