-1.014945256346946545e+00
-9.248276492620807199e-01
-1.465888273160675936e+00
-2.463007590845657901e+00
3.144440022535397006e+00
8.096931005116788649e-01
-6.956112829669680586e-01
4.392181496590349954e-01
-3.039273148172056960e-01
5.444816202718154585e-01
2.965942425190475351e+00
2.274429051850141548e+00
-2.006472982692049989e+00
2.578506951958665194e+00
-9.806693934749431962e-01
3.012359971744101195e+00
1.214963317824963474e+00
-8.589083725416676307e-01
9.066319175137139974e-02
1.111058230993840823e+00
2.421884850121246657e+00
-3.611182028446370262e-01
6.852718165174028764e-01
-3.012503916479420063e+00
7.665412656080867748e-01
2.663628088559999885e+00
5.937386350324633799e-01
-2.422238669615747186e-01
1.994680186201700289e+00
2.949302873457853025e-01
3.039039994326501848e+00
1.855994824615204153e-01
1.994347421205689086e+00
-7.852674760929562181e-01
2.114931685349156432e+00
-2.602139934930186360e+00
-2.988431171361560224e-01
7.711085171685311268e-01
-1.830750640348161706e+00
-1.744434447824337209e+00
-5.910999156299062696e-01
8.009048944599389541e-01
3.898198397106687807e+00
1.309663273837917474e+00
1.185995577263112999e+00
-3.213622755363527705e+00
5.805400611127707888e-01
3.388877493527483464e-01
1.887817136094843140e-01
1.160660336234286882e+00
-4.169945146614644771e-01
2.413968902014012929e+00
2.262568717203885971e+00
8.543639691801778735e-01
3.847936012144019813e-01
1.866684792656893688e+00
-2.332352126676153770e-01
1.454224919408359629e+00
3.080601976191906566e+00
5.020511373149030288e-01
2.372750606805281937e+00
3.002711829645107411e+00
1.166905882397586192e+00
-9.582480402528940067e-01
1.549986122108090614e+00
3.120019038783505283e-01
2.136325053664724027e+00
1.521333536680700371e+00
-6.758986582893236963e-03
2.762817710103318003e-01
1.241922872950887546e+00
1.472658900390083847e+00
1.083269461567564429e+00
-5.687226349874096032e-01
2.553094829739292138e+00
5.297406343367312420e-01
7.828991015844170009e-01
-2.188548875887736500e+00
-1.494575155457308624e-01
-7.087007808318491753e-01
2.263988223568331737e+00
