1.812665365764314085e-01
4.511163879934008275e-02
7.318436571208428720e-01
1.534363220012500417e-01
2.341099345373172935e-01
-1.704907800818086239e-01
-7.040180758294853902e-01
-2.500407704522019658e-01
3.719640179382509015e-01
3.564814363117549401e-01
7.796527808813463745e-02
1.535600374617432096e-01
-7.240899188843380463e-01
6.233000860461724857e-01
-1.048697057968644153e-01
2.834868489194559624e-02
-3.950474822782658602e-01
1.714367851412134658e-01
3.897332695959037085e-01
-1.570532085787510190e-01
-2.902843562053980531e-01
4.693905419282839442e-01
1.599929407203184994e-01
-7.822657718849308772e-02
2.406575143199253808e-01
-1.737204802493907962e-01
2.667730234144817802e-01
7.212351840042564577e-01
-6.577361017068932003e-02
3.281029615898896634e-01
-5.328754559349397901e-01
9.752285865822253597e-02
7.442912306323876681e-01
-4.409697546748631014e-01
-1.214433170578199384e-01
3.243920766635740582e-01
2.991940647024665667e-01
3.301593600990614108e-02
6.870273036185664539e-01
1.475971220734646205e-01
6.820668349918947992e-01
-1.088019279301495473e-01
-5.122154169052867134e-01
-9.962518932476471800e-01
-7.224435330781031617e-01
-4.599280651451077007e-01
3.607957728628629068e-01
5.066332036780335502e-01
-2.809397071332078721e-01
-1.460808802568218101e-01
-5.634586524010821301e-02
-4.430976787192040245e-01
2.054565426039707821e-01
1.938727045872146171e-01
1.823048735039177470e-01
-3.139702087533596114e-02
1.548101841821697688e-01
-5.439985022510952090e-02
-3.937763662222018568e-01
1.052422077990724292e+00
2.760175528754925112e-01
1.952322390307225930e-01
3.080407608203776793e-01
-1.231045851344580722e-01
-2.012023853851040989e-01
7.008946932974428889e-02
-5.816907331586106400e-01
2.714862886039572931e-01
2.015245618001181571e-01
5.096908044458140497e-01
5.649646345870503739e-01
1.759974881200177255e-01
-5.069095058308900614e-02
1.709468756791096555e-01
-1.534714961514919151e-01
6.200455282834858028e-01
-4.752884079603467149e-01
9.269674893250140491e-02
3.703615104244100675e-01
1.161229662008390340e-01
