2.076735409840178848e-01 1.718688690530991714e-01
6.845107162666260250e-03 5.623255604305758826e-03
1.143539045119546654e-02 -0.000000000000000000e+00
2.101194617543319099e-01 7.316350218283056671e-04
3.634398310869985105e-01 1.846067858314441312e-01
4.808685644134829129e-01 4.279935935648424006e-01
7.001019551057272028e-02 3.371156842147138843e-01
3.007260465745257294e-01 4.756682445274564852e-01
-0.000000000000000000e+00 2.956563941271569528e-03
4.599570433994834735e-03 -0.000000000000000000e+00
1.047339007850605491e-02 7.663234267625994300e-02
4.712578518692698420e-03 4.104346840461542412e-01
7.250303983060368829e-01 1.288933258339247483e-02
3.488075917512969450e-03 -0.000000000000000000e+00
-0.000000000000000000e+00 3.382198955701213872e-01
6.414328696465847468e-01 1.569818495524047744e-03
5.366792699931557387e-01 9.177394026160237347e-03
2.555476023044725431e-02 2.934623903108662859e-03
-0.000000000000000000e+00 -0.000000000000000000e+00
2.811253210940199421e-01 2.215491227301368340e-02
4.057894320844402380e-01 4.104723049221439650e-03
3.256254213946763731e-01 1.700565072929593330e-02
-0.000000000000000000e+00 3.366780073958384745e-01
3.241425349200172720e-03 2.062292342249332500e-01
3.445077838627059325e-02 7.419692886988701330e-01
5.979194202206157271e-01 4.317340941907289453e-01
7.011271251962865048e-01 3.063715127203580635e-01
-0.000000000000000000e+00 2.143521621068504145e-04
2.613472178632889661e-03 6.342653643478867809e-04
3.060228778496495994e-01 3.043463515346789827e-01
1.039782619575010392e-01 5.825123826798930260e-01
1.580677755920176231e-01 1.003466996992081290e-03
2.100809316983728251e-03 -0.000000000000000000e+00
9.562312714275874237e-04 5.883165231279700036e-01
1.362017097532093493e-04 2.693651797892491762e-01
6.969229390839430660e-03 2.850297295831492606e-01
9.713451994952292112e-03 2.662341087766609618e-02
-0.000000000000000000e+00 4.470127402614021395e-04
2.388557815114741578e-01 3.351180002232660438e-01
1.077856340256571760e-01 1.027836612713448200e-01
7.867689918726623183e-03 4.345291656788188329e-03
5.189372488130507000e-01 1.878263287689399541e-01
2.505478993139094723e-01 1.326034666146257701e-01
7.219381625474156072e-01 2.432944735202944297e-01
4.430923565863237878e-01 8.654773583209840167e-04
9.442253284066275121e-03 6.626819165602712003e-01
2.555818600264380888e-02 2.680330852730224422e-01
3.753573187903885139e-02 1.527133945061534825e-01
1.939158022419887675e-02 5.600463151583627841e-01
3.094519291264154291e-03 5.315811905528160519e-01
-0.000000000000000000e+00 9.178686978313338463e-02
4.022755268480071589e-01 4.623653576987870814e-03
2.711557426877786101e-02 5.000645585564669204e-01
-0.000000000000000000e+00 -0.000000000000000000e+00
4.397569723449105267e-02 1.405191591399971261e-02
3.323898436805756695e-01 3.793848092910576675e-01
2.667939166579970101e-01 3.256373039452918339e-01
2.646388910273030359e-01 4.212662541463496266e-03
8.390662156300897692e-03 3.267573400958051488e-01
7.762232688110567644e-03 2.136638070588301463e-01
3.423557534497988653e-03 7.691632875478354855e-04
1.624079195682608849e-03 5.699123619528322256e-03
1.914169015704889898e-01 3.951322128603310113e-01
3.763517097867311589e-01 4.544117766934989769e-03
2.661450307892389011e-01 6.880378517397832405e-03
7.758516110117703174e-03 2.137668299390764748e-01
2.591891594648341179e-01 6.229989897635241913e-01
9.203112914435510050e-02 1.760139407520237009e-01
7.335647554228659495e-02 2.013365793933051713e-03
7.629596459502501794e-03 9.878964863857965517e-02
-0.000000000000000000e+00 1.766495034406859177e-03
2.808317863749794623e-03 -0.000000000000000000e+00
2.026751403091663160e-03 5.179223880324167473e-01
1.060369528976403269e-01 3.065588951035602347e-02
2.178102596841558769e-01 4.002143430761788689e-01
-0.000000000000000000e+00 1.211307360012030543e-01
4.234286501222672139e-01 3.065235744569240195e-01
1.522123462836904792e-02 -0.000000000000000000e+00
2.568440486771330633e-01 1.641416401360337382e-02
2.553339304362922113e-01 4.228565075980565691e-02
