4.826002854019208477e-01 1.180516939879956873e+00
2.116154166773655514e-03 1.572915499937192069e-02
8.441012335213530227e-01 7.803402071014371444e-01
2.432529701770574260e+00 5.793954290940354079e-01
4.616579712840453986e-01 8.792134078783730988e-01
5.899774606069989324e-02 1.411640907859419869e+00
-0.000000000000000000e+00 1.391607133544169039e-02
6.025045159139438278e-01 1.071829815779355988e+00
9.131420214756524878e-01 9.300206424722579079e-01
2.536939984347754140e-01 3.641154428857668046e-01
1.907343450084523662e+00 6.110857237309854639e-01
9.371196683855431697e-01 3.065785852231532327e-01
1.097806296254273395e+00 1.091770714842956069e+00
1.328900117799817648e+00 1.207179381720729743e-02
5.967610534579946557e-02 1.621027665762464487e+00
4.354407482595037959e-03 6.956955007050488193e-01
1.034750844267271042e+00 1.526397517369769918e+00
7.497803965034596230e-01 1.458192913196708074e-01
1.118422818507877947e+00 7.630135346918600625e-01
2.441712882031222553e-01 1.231626569396062409e+00
7.262117075324318050e-01 4.757405178278247687e-02
8.781913503352035688e-01 6.721727035714740728e-01
-0.000000000000000000e+00 5.659199234043353899e-01
1.311237947539325432e+00 3.395430668290987164e+00
2.446983341826826364e-01 5.781968607676487570e-01
1.313509082770150105e-01 1.889027136024962417e+00
4.718631386548614859e-02 -0.000000000000000000e+00
6.400676694030084102e-01 4.673910710356291021e-03
3.761425979920297175e-02 3.364574779658260351e+00
2.297132296089162473e+00 1.629022523758364871e+00
3.955350867543414584e-01 8.978214861904241229e-01
1.317141209088815712e+00 1.096204490351986749e+00
9.667227158732270842e-03 1.242885952694455565e+00
1.123863174291485967e+00 6.345203933859617021e-03
2.254166199395579273e+00 7.849550599662042938e-01
1.090001820709910058e-01 2.342596852044446898e+00
4.337497596436491049e-02 1.378509032056178363e+00
1.953010436807733230e+00 5.139814069217706581e-03
