2.944857929137190133e-02
4.546484293353386663e-01
4.574943261432760089e-01
7.388450863889950426e-03
9.609964255408092182e-01
8.544711956012628340e-01
1.315328168463655301e-01
-8.549948623491385180e-02
3.265888138296015875e-01
1.552718119535581698e+00
6.209705090130418492e-01
1.186446683819740722e+00
-3.973482674843492601e-02
2.654880806395577331e+00
1.078813931749149413e+00
-2.680673906486338298e-01
5.919999140800432658e-01
9.593055676916455443e-01
5.044822391031791309e-01
2.429953374951952849e+00
2.458565268843322382e-01
1.953996494346565971e-02
1.615163761769303319e+00
1.753447395721376090e+00
3.697039808700025576e-01
1.204684952168041771e-02
4.660476074780544459e-02
2.969273737568431382e-02
4.620079891088121893e-01
1.466367379858388720e+00
1.463846608496509827e+00
1.347481074785294330e+00
1.853294633225000432e+00
1.018036684131226277e+00
2.600679964611803396e-01
-2.097176892447472421e-02
5.219639454250468713e-01
1.066448967097422873e+00
1.181309781795558900e+00
7.853772160902734445e-01
2.921573450299251196e+00
8.291505084060529773e-01
-1.886012537656108767e+00
5.105033356241918119e-01
1.267047579704872140e+00
8.030573010496541153e-01
4.879756236133893643e-01
8.880898555268795791e-01
1.101296000400565633e+00
2.398101582043340452e-01
1.541709241766087812e+00
-2.490445375978631137e+00
8.114671124915001643e-01
4.489863265804662218e-01
2.953150627488414059e+00
6.554274862068310004e-02
6.360506041510216590e-01
2.621488161980706888e+00
1.310609655851851407e+00
2.994673013732602751e-01
2.283316425298202113e+00
8.355390279624251848e-01
6.337170150118096590e-01
4.159196577367130221e-01
2.498704421096368922e+00
1.827110761496979041e+00
1.273353281743907939e+00
1.272264639984563184e+00
1.443005779422112944e+00
8.803577182518237398e-01
1.117918997410823456e+00
8.110405370316485785e-01
1.461284914622300590e+00
1.724988069962619941e-01
3.755483916990007276e-01
1.572194660543091427e-01
3.420609694552370073e-01
5.790665016981216828e-01
6.838876282046677524e-01
1.229927893974680275e+00
9.588678308472512457e-01
5.332865989985396959e-01
3.083139473448434753e+00
-2.008258724833604236e-01
4.149512855990744598e-03
8.791204860959989098e-02
1.279196100632553179e+00
1.805384056996296005e+00
2.282895465373135924e-02
1.651480041136181187e+00
6.619458674606737425e-02
4.709477319409308693e-01
1.296387227133553921e+00
6.985691931198781957e-01
4.618759451042870889e-01
2.874962010955404601e+00
6.259622391168214728e-01
2.342750606646799127e+00
-1.023673041962538610e+00
1.047129721094382848e+00
8.733285777769383973e-01
2.557985269248975957e+00
3.271237281175257028e+00
5.760786338260298622e-01
9.074945112912994327e-01
9.615256196969013125e-02
1.231407502394881837e+00
2.189023879673801520e-01
2.602599937035470212e-01
8.841975021064886198e-01
1.530195047796981678e+00
-1.162654607592592093e+00
1.993617692516285622e+00
1.819517355403621917e+00
1.779169514083597470e+00
4.459064999467147183e-01
8.780487157580247892e-01
1.911927866075220361e+00
7.747316066420046887e-01
5.347820121014145167e-01
-2.534298102704417577e-01
1.284516539547168046e+00
2.274021501079819707e+00
2.597349791487909343e+00
7.338460793284018457e-02
5.303796787002694746e-01
2.195598599224955413e-02
1.983283190806738761e+00
1.549164281070667393e-01
1.839750184757771079e+00
6.899261564138771119e-01
4.906816210332481387e-01
8.402799282755792076e-02
5.201865168814357593e-02
2.075229160142011864e+00
6.476625740728891856e-01
8.229091688970241458e-01
2.531097528141856845e+00
7.104409876238128030e-01
6.601296179596232161e-01
-1.337693537565192159e-01
5.518308742368052133e-01
3.822246876111413671e-01
1.671478151570918724e+00
4.281712566971029865e-01
2.133480613728611086e-02
1.589874082813129696e+00
-3.821343842940884694e-01
1.856189054925518001e+00
4.182073906706152977e-01
2.332797458863462570e+00
1.302313466641919604e+00
1.527325346559981645e+00
1.423455737230464591e+00
7.756676691953070524e-01
1.009864228817159093e+00
2.858944002660958050e-01
2.369571926905644332e+00
