-0.000000000000000000e+00 1.000000000000000000e+00
-0.000000000000000000e+00 1.000000000000000000e+00
-0.000000000000000000e+00 1.000000000000000000e+00
1.000000000000000000e+00 -0.000000000000000000e+00
1.000000000000000000e+00 -0.000000000000000000e+00
1.000000000000000000e+00 -0.000000000000000000e+00
1.000000000000000000e+00 -0.000000000000000000e+00
1.000000000000000000e+00 -0.000000000000000000e+00
9.699853442866629427e-01 2.431633851324740969e-01
2.882993032143371659e-01 9.575403447198074236e-01
1.000000000000000000e+00 -0.000000000000000000e+00
2.322661762208287975e-02 9.997302257278398718e-01
1.000000000000000000e+00 -0.000000000000000000e+00
-0.000000000000000000e+00 1.000000000000000000e+00
-0.000000000000000000e+00 1.000000000000000000e+00
-0.000000000000000000e+00 1.000000000000000000e+00
2.654986030107062481e-02 9.996474903274621404e-01
-0.000000000000000000e+00 1.000000000000000000e+00
8.104749740553156556e-01 5.857732636695150985e-01
8.974798032932352898e-01 4.410555550956541393e-01
1.000000000000000000e+00 -0.000000000000000000e+00
1.000000000000000000e+00 -0.000000000000000000e+00
9.859475568671844936e-01 1.670551259543688327e-01
-0.000000000000000000e+00 1.000000000000000000e+00
4.338203108858424417e-01 9.009994105785592566e-01
2.714233770771147247e-01 9.624600513143671821e-01
-0.000000000000000000e+00 1.000000000000000000e+00
1.000000000000000000e+00 -0.000000000000000000e+00
3.080949005263909912e-01 9.513556287054978355e-01
-0.000000000000000000e+00 1.000000000000000000e+00
1.000000000000000000e+00 -0.000000000000000000e+00
-0.000000000000000000e+00 1.000000000000000000e+00
-0.000000000000000000e+00 1.000000000000000000e+00
9.900619105783224627e-02 9.950868173844030773e-01
8.125240337555099668e-01 5.829276924024755502e-01
-0.000000000000000000e+00 1.000000000000000000e+00
1.000000000000000000e+00 -0.000000000000000000e+00
1.000000000000000000e+00 -0.000000000000000000e+00
-0.000000000000000000e+00 1.000000000000000000e+00
-0.000000000000000000e+00 1.000000000000000000e+00
1.000000000000000000e+00 -0.000000000000000000e+00
1.000000000000000000e+00 -0.000000000000000000e+00
7.973856963425026700e-01 6.034700085906359313e-01
9.388105151633144851e-01 3.444340526411291958e-01
-0.000000000000000000e+00 1.000000000000000000e+00
1.000000000000000000e+00 -0.000000000000000000e+00
-0.000000000000000000e+00 1.000000000000000000e+00
-0.000000000000000000e+00 1.000000000000000000e+00
8.676566901768325568e-01 4.971638240976348766e-01
7.718090425737913485e-01 6.358543872627817617e-01
1.000000000000000000e+00 -0.000000000000000000e+00
1.000000000000000000e+00 -0.000000000000000000e+00
7.120690331562921083e-01 7.021094587169890433e-01
8.211146458917752966e-01 5.707632944592919699e-01
-0.000000000000000000e+00 1.000000000000000000e+00
8.345756801874103514e-01 5.508933054954664454e-01
1.000000000000000000e+00 -0.000000000000000000e+00
-0.000000000000000000e+00 1.000000000000000000e+00
1.475077500953791143e-01 9.890608998751284631e-01
1.000000000000000000e+00 -0.000000000000000000e+00
2.510437807996580561e-01 9.679757332298229988e-01
-0.000000000000000000e+00 1.000000000000000000e+00
-0.000000000000000000e+00 1.000000000000000000e+00
9.284279930730933161e-01 3.715123977450394688e-01
-0.000000000000000000e+00 1.000000000000000000e+00
9.701576215400227188e-01 2.424751314419817116e-01
9.898438305796577463e-01 1.421590344065042921e-01
-0.000000000000000000e+00 1.000000000000000000e+00
1.000000000000000000e+00 -0.000000000000000000e+00
1.000000000000000000e+00 -0.000000000000000000e+00
1.000000000000000000e+00 -0.000000000000000000e+00
4.396102564775605237e-01 8.981886340851422679e-01
-0.000000000000000000e+00 1.000000000000000000e+00
1.000000000000000000e+00 -0.000000000000000000e+00
-0.000000000000000000e+00 1.000000000000000000e+00
-0.000000000000000000e+00 1.000000000000000000e+00
1.000000000000000000e+00 -0.000000000000000000e+00
-0.000000000000000000e+00 1.000000000000000000e+00
9.944581885744998573e-01 1.051328263537346097e-01
9.332271681788520956e-01 3.592868666857726434e-01
9.073425963793045890e-01 4.203919751799053972e-01
