2.083565992976407433e+00 1.339457130960022946e+00 1.781463134852368624e+00
5.150916851541414987e-01 3.560101215206478154e-01 2.689982416851703362e-01
2.550897513928955182e-02 2.168400137515332560e+00 1.026923637655507981e-02
1.635840427030158750e+00 1.422478311721085131e-01 2.907011866674440448e+00
3.489670741363324336e-01 9.176568902432066244e-01 3.217323436349403543e-01
3.530587807454922955e-01 4.055683254554799944e-01 1.134616014357456848e-01
1.079769905572910416e+00 9.006463177350872845e-03 1.660901891383592233e+00
5.194284594910256736e-01 7.129696792417904438e-01 3.268887913192728423e-01
7.763826811196185007e-01 2.527837839859325086e+00 3.109075225124762615e-02
2.059520843791151634e-01 9.713027713963490184e-01 7.652740592505206108e-01
1.490386012228999690e-01 5.231469512202738814e-01 1.485840384395097802e+00
7.008418530660389667e-01 1.770660298860281090e+00 9.976358061226676677e-01
1.449499995126450891e+00 7.048709446108589738e-01 2.326701203067687296e-01
2.301711576617816724e-02 3.599183190052299142e-01 1.092825441579949652e+00
4.624954418771214382e-01 1.804953207837082907e+00 1.639216037211885357e+00
1.099780983741488125e-02 1.020518955012557516e+00 2.015835496541907190e+00
1.975722622758750324e+00 6.322892749497502352e-02 3.679888062949416283e-01
1.854855511089805731e+00 9.438329961631639620e-01 1.360320206553006228e+00
3.062300414877012766e-01 1.651294606815600252e+00 8.374462429629974114e-01
1.361054501238134318e+00 3.676649206138576376e-01 1.098267904664596450e+00
5.060959420952320514e-02 6.000646629731293258e-02 8.111741506967651283e-02
1.507146360910409898e-02 1.196236382470203426e-02 2.437103626164776937e+00
5.318350638758149174e-01 3.896206244484705650e-01 3.865493193823769102e-01
5.269865759643124203e-01 2.012866162570630946e-01 2.880332692705392716e+00
7.420713568394834460e-03 8.888937945736116175e-01 1.924425334481913094e-02
9.357375875510584029e-01 9.926436549592553282e-01 1.686541542353619860e+00
1.053917832794733389e+00 7.010457834937653399e-01 9.586343279521189822e-03
1.851370972203671972e-01 6.205067619572773863e-02 7.331053273525257917e-04
1.420911898760863101e+00 7.027679126164638850e-03 1.448627155190356230e+00
1.557378346371254274e+00 1.719496602981587102e-02 2.560562613894218909e-01
1.742539216183294881e+00 5.215715157290270465e-01 1.243593739471211990e+00
2.956571385307049660e-01 1.887977928557701690e-01 1.037130576334246657e+00
1.382533321581643979e-02 8.242159166739297660e-02 1.115794449003701283e+00
2.227094063971871984e-01 1.207181031033402130e+00 2.003986192130003396e-01
1.448811181092566569e+00 6.769245609861884727e-02 7.895304811768807385e-01
9.508332070110307732e-03 1.397682631307492207e-01 9.243783131331452241e-01
1.064421849556695054e+00 1.501916543870136955e+00 1.898548793017501568e+00
4.716542763990787535e-01 9.636425787117379738e-01 9.030618924077801202e-01
1.474969428193304122e+00 2.049749132510098715e+00 3.618220957319463402e-03
7.906513886232836574e-01 2.553605133795461501e+00 4.248843430331601945e-01
1.397966711762385073e+00 2.925259027403468437e-01 5.487169465851793326e-01
1.044455694456624117e-01 1.099741181954957681e-01 8.629838222142279802e-01
2.764702367103872405e+00 2.095088998535437064e+00 1.054222369356342170e+00
2.746242511149613597e-01 2.119756209122191856e-02 2.510288475461845970e-01
2.383472440901852174e+00 6.484074798265742068e-01 3.645617951917634048e-01
5.905375412523750870e-04 1.016968014815495591e+00 -0.000000000000000000e+00
2.713537645709777624e-01 3.836288294247529040e-01 4.564495087468440487e-02
1.983112857852744326e-01 2.669260378066597550e+00 7.160928138898177142e-01
1.421536396656126966e+00 8.611136380695201265e-01 1.103973065066333969e+00
2.518679110407552879e-01 6.231352981705070571e-01 1.860240540089644623e-01
1.624341400170872918e+00 1.874408112772768753e+00 1.779337695918953077e+00
1.841351412271833299e+00 6.571619971688913431e-02 1.767353741768412423e+00
8.105153024513499505e-01 8.316522170381206447e-01 9.667218740495615581e-01
4.324127605481012937e-01 1.568662835490653107e+00 3.408106559011853665e-01
6.732197700511999283e-01 2.138433977658077412e-02 2.873140519274538507e-01
3.822223136399883758e-01 1.267338859185691557e-01 5.175761374740239784e-01
1.831738063763508784e+00 1.495494545163209343e+00 1.022937424609912486e-02
1.907819761977513906e-01 1.435582993565816083e-02 3.721715863861070790e-03
1.376080709846873029e+00 2.810848893361138634e-01 1.130099900444261563e+00
5.596191191340837978e-01 -0.000000000000000000e+00 5.675958782906941336e-01
1.805964410799551154e-02 6.158083266717361282e-01 6.382093874074208362e-01
2.594159026323656470e+00 1.580104092989653486e+00 1.886537966896896235e+00
4.473078718292616274e-01 1.091339322969153258e+00 2.881021753792354853e-02
1.248252454823859381e-01 1.640201497872242342e+00 2.324441688668254513e-01
1.779288384844598947e-02 1.239937788835959211e-02 1.352609554983754681e+00
6.514504113109295114e-01 5.596034809201494431e-01 1.689996447059472162e+00
