4.886036750491861702e-01
3.810355808710085834e-01
5.109664112969322103e-01
-1.634254062309606681e+00
-8.934225949464402738e-01
-1.860412224033205497e+00
1.280768501945227289e+00
6.263753876541436894e-01
-1.413288840521024214e+00
-9.268660064842132451e-01
1.148636391463848883e+00
-5.730193800456059305e-01
-5.597815945617572869e-02
8.259394507221107240e-01
2.339722758728105312e+00
-1.199822708935130988e+00
-1.074800100248400891e-01
1.464781564003332148e+00
-1.949595998880784553e-01
-3.032654714743963226e-02
9.228266124705630791e-01
1.540405677878028623e+00
-1.359080777671098639e-01
4.503136561788360082e-01
1.219364174048905625e+00
-1.495733632536518698e+00
-9.065154229896196236e-01
-1.183594571380633953e+00
-7.921757529725199642e-01
2.659777624433728449e-01
6.048510916856371100e-01
-7.372167794708783806e-01
2.433000913478535754e+00
-1.209610847802482292e+00
7.104319635372058350e-01
9.273125883583320794e-01
4.599379114779687527e-01
-1.468691630422565009e+00
9.243136992009608477e-01
7.146393172072313948e-01
1.152756247061994532e-01
-1.863263094599541647e+00
9.775276308491888111e-01
8.852312769589794073e-01
-9.167825175141535166e-01
5.385538494663658637e-01
2.131521411323650528e-01
-2.593150802185241854e+00
-7.993963436373888731e-01
-6.109258690880460252e-01
-1.472462465344075988e-01
-3.493951904732141567e-01
-2.831310263495559476e-01
7.462252422760455861e-01
-4.772434643830962275e-01
1.542795289766620004e-01
4.074719622074377545e-01
-1.342940093749769970e+00
8.924827120933970237e-01
1.415691609793573447e+00
-1.444448919361909889e+00
1.842588942940541097e+00
-5.138350823274118184e-01
2.339827499712284542e+00
-5.401169395741378665e-01
9.083332921369954294e-01
4.525255095867932176e-01
-1.153665385623088735e+00
3.574797471353484690e-01
1.152010709588414672e+00
-7.115392256291849238e-01
1.685083345601874560e+00
4.832223683159111438e-01
-8.986124337448192501e-01
-2.291701740766526330e-01
3.864916611071642638e-01
-1.019284583922567267e+00
1.117875041713076278e+00
2.258184443207396641e-01
-1.496177904868297937e+00
-4.361636573250576299e-01
