4.506486773628752829e+00 1.993180652014660437e+00 2.629377621310797331e+00
2.553638496972367111e+00 3.697696636134615744e+00 2.939101703320771808e+00
1.672251477336841985e+00 2.233425067840605571e+00 2.142948338352034465e+00
8.343652781139331287e-01 3.408680518662797532e+00 2.013680266067263969e-01
1.561821590611934374e+00 3.304433098038764616e+00 2.812584049852123069e+00
2.933203033981173768e-01 2.913041297589012313e+00 1.089376085134026839e+00
2.689793664944764018e+00 2.138329333169946445e+00 1.779171065680605679e+00
3.323226630394590653e-01 1.616126341508812736e+00 1.310053575771006826e-02
8.426460194592236622e-03 1.917728494991084442e+00 1.403401368513419234e+00
1.343096305295746085e+00 2.093234432310704940e-01 3.927858186535431173e+00
3.272160784554182467e+00 1.217362548352276530e+00 3.000801270250888830e+00
9.113015739851301200e-01 4.625533399676386992e+00 7.593529125932890755e-01
6.841053199373399174e-01 1.012386114444358221e+00 2.393866151585164026e+00
1.200092477071484920e+00 3.320144136480950969e+00 1.882486797754069130e+00
3.252901966330039585e+00 2.916865181690206033e+00 2.671468788846237175e+00
2.239071177716518868e+00 4.089732245891687157e+00 2.475460480400449192e+00
2.492587174914870918e+00 3.167620387043087682e+00 2.604527622171080026e+00
1.932854332329635882e+00 8.848716139556117577e-01 1.525010182924957824e+00
3.324804615248894368e+00 1.556138146341096817e+00 3.865739476179172129e+00
4.206289867632627022e+00 3.291928902262734713e+00 3.375962371139338051e-04
2.889103038341769292e+00 4.478414939851513843e+00 1.490121542079650307e+00
-0.000000000000000000e+00 3.983633617190250331e-01 1.116015445462636535e+00
6.096457392743122317e-03 1.322067030721421274e-02 2.692036412151023850e+00
2.014125868698621424e+00 4.859281993233153685e+00 2.619408474712166868e+00
2.366877693753876244e+00 3.918125873758516509e+00 1.430661055114731406e+00
3.253857755680970687e+00 4.765211882490734574e+00 1.645811491765790446e+00
2.223251274428384772e+00 3.685681312478739535e+00 3.063427016221700772e+00
2.506286683480117294e-01 8.566842716284505110e-01 4.873077649270737055e+00
3.457742025838208111e+00 2.017458403310909421e-01 2.129008673848305833e+00
3.038415774974065342e-01 3.570839600057496011e+00 3.247273889066824570e-01
1.742857082564718718e+00 2.421037624645095213e-03 1.862340958083826825e+00
3.358495997104524178e-02 6.771008242830871549e-01 3.540734069937911954e+00
4.645420487372079243e+00 3.081293316211877187e+00 9.027339761209374073e-04
3.273086672927899787e+00 3.241982039981927688e+00 3.620232782357565959e+00
2.627929983415766113e+00 7.838827940608170813e-03 3.741801379916326109e+00
2.423345816281790577e-01 1.193049021700575141e+00 2.813316964046492785e+00
1.156980548355841298e+00 2.284978291965398811e-01 4.345211380879928420e+00
1.030750606582996776e+00 3.780132893524998927e+00 2.012282969877172256e+00
1.153551318797626291e+00 2.040246934259247968e+00 3.168598146903456314e+00
4.713529514198557813e+00 2.773668829792880430e+00 1.250284941622615241e-02
4.393546964982738778e+00 2.922032015146638351e-01 1.410203193602787897e+00
2.325613944214425521e-01 3.012029407385679480e+00 1.650010185555904341e-03
8.791718516451726417e-01 1.397107262600552902e-01 4.869821133051984496e+00
2.565078746936981791e+00 4.508524845858591590e+00 2.225650410371747157e+00
4.479123878136531012e+00 7.614488552487149765e-03 2.484749816665957400e+00
4.266237976471173532e+00 3.019790963575196052e+00 2.779761452261285126e-01
2.258418033430479532e+00 4.024628160845148628e+00 2.428522811575578810e+00
3.374987245190411933e+00 1.084584254994783725e+00 2.473429052929404293e+00
2.129507822482292756e+00 4.502549044215204077e+00 2.503230472759563896e-01
2.383144279181139691e+00 4.028092436009517385e+00 2.366513492582803302e+00
6.767217039988034921e-01 1.699823815377523806e+00 3.034488924943989030e+00
8.257974969241833607e-01 4.145033698221014973e+00 1.125280641149794425e+00
2.425686392186124102e-03 3.284460772156188278e-03 2.969195398220244808e+00
3.587733983746022925e+00 1.285564051168586408e+00 1.724521293497349284e+00
3.118504007876710560e+00 2.282905134960146187e-02 4.402021135496867466e+00
2.856765185101507298e-03 1.352510845214241586e+00 1.675016925247773347e+00
2.444405973117158126e+00 4.436961357914209758e-01 2.833207613240925404e+00
2.168532549841621027e+00 3.763946386174547687e+00 7.626692265651149327e-01
1.987997070091268803e+00 3.420451514665201476e+00 2.799397444551833924e+00
1.166103451860075912e+00 3.473907076649213721e+00 1.879470463098896094e+00
7.246335554042199201e-01 1.527150723983026426e+00 1.849688616414866260e+00
4.626150380694178388e+00 2.848334924287229342e+00 1.140630660999109296e-03
3.483709734997243235e+00 2.289492077906521317e+00 2.581682803954755911e+00
2.316033874108916368e+00 3.983727036385253939e+00 2.536921869843990152e+00
1.111815488530767615e+00 1.217726593257466572e+00 2.719739856757135588e+00
2.180892129571671223e+00 4.383959826688966999e+00 2.351260577746139724e+00
3.747794236043660021e+00 2.389536801029623625e+00 2.104777953192625173e+00
1.863863847845329769e+00 1.030500469535956087e+00 3.383320459579260309e+00
2.202575163250891421e+00 3.411438450855736715e+00 1.581054996558494796e+00
4.439700058065786159e+00 3.713763736861509009e-03 3.303295607732323891e+00
3.053342901312871671e+00 8.097345000282405447e-01 3.092201977601440444e+00
1.535414150993072102e+00 2.260301258462798391e+00 1.532944097585071441e+00
1.270242672437944531e+00 1.301582056105147350e-03 2.655972733606433156e+00
1.205720322499644004e+00 1.281466192212381783e+00 3.586152162233925633e+00
3.109383291166472052e+00 4.647031509984679509e+00 1.593312847538778998e+00
4.300611244065990491e+00 2.920232770354413976e-01 2.297973295890638479e+00
1.625145516627738873e+00 1.238911930458280297e+00 3.667157134577509137e+00
1.167981250951601213e+00 3.186221834028712258e-02 2.661064452849380313e+00
3.080561640682922153e+00 4.181874405572273190e+00 2.214498602213222700e+00
5.666294878515621747e+00 2.086284271592822481e+00 5.439258402565907676e-04
