-2.375778094042196309e-01
-2.486936313199057114e-01
-7.410606557588550990e-03
-2.694982032459959931e-01
3.853659456614252354e-01
3.300594895222966341e-01
3.511554489500436915e-01
-7.933823099620805896e-01
-1.098604740214697673e+00
5.131074297072167889e-01
1.952552734750874208e-01
1.217863355073666609e+00
-2.910588384177903998e-01
-7.962042699482080321e-01
-2.588717780309021665e-01
-2.437010030190460419e-01
-7.017540731835349987e-01
-1.299078434995719067e-01
4.337718970498999349e-01
3.256508389366061240e-02
-7.541444499393837875e-01
3.701651151510826909e-01
2.343047633676527963e-01
-4.854531302997538295e-02
-1.714636617575898421e-04
-9.328242741912734504e-01
1.776800116796120266e+00
2.957171707664501756e-02
-1.164770723291102955e-01
-1.589058788930948762e-01
4.542653477349489766e-01
-6.781284289244944585e-02
-1.495103778957033169e-01
1.786029065946127536e-01
2.662957561384872163e-01
-9.907514217964540348e-01
-1.789519530776883735e-02
1.178143252586739687e+00
-3.417257317591438914e-01
1.140688754268572441e-01
1.230798052275160037e+00
1.381666169442102188e+00
7.923096073728591593e-01
-2.266946436796452857e-01
-4.628460897376501793e-02
-2.368421277382910806e-01
-8.166074063963592033e-01
-6.816444811686688254e-01
-3.805700959800374129e-03
9.272350151098784909e-03
3.828034741032306787e-01
1.023824066684357777e-02
-8.402316519669468520e-02
-1.329849937606167598e-01
-1.371851010203275933e+00
1.226880456961981225e-01
-1.758087092633425774e-01
1.140134496301064559e-01
3.562458551379835570e-03
-2.958774334284993701e-01
2.078433821090345732e-02
6.729355070963716212e-01
1.054982170794391411e-01
5.792553871239032315e-01
8.163590985291601099e-01
-2.920043820193323758e-01
3.424969478689430247e-01
-1.978281243166951642e-01
-5.660465593798763573e-01
-5.236908996682583251e-01
1.084923156606303063e-01
5.417984901965935268e-02
-8.403498742755218798e-01
5.524362503552563419e-01
5.766476298267413092e-02
-1.102247270144814384e-01
-3.004502647843737030e-03
-5.073417331296670857e-02
2.137954232729536441e-01
