4.459694391809050917e-01 5.825871695746304146e-01
-8.211725793395675543e-01 -4.491714640279272364e-01
2.341116033184096057e-01 3.030498602575499856e-01
-1.501286044497419370e-01 -5.917392315160406868e-01
6.410290116796765747e-02 7.012773979750121234e-02
2.267175476788497457e-01 -9.992024399443014682e-01
4.486622366606821122e-01 2.063054049437763604e-01
2.037004182630663962e-01 2.764472224275946743e-01
1.593033365243478494e+00 -1.337211019080361218e+00
7.802075333250558797e-01 -7.689079663920029839e-01
1.088596939924975186e-02 -4.243005875797023485e-01
1.111723311036705991e-01 -5.397271599740801618e-01
-5.895769272992897880e-01 -4.156727988160420217e-01
4.457346678159058162e-01 -7.096317446926879713e-01
-4.559947135658604100e-01 -1.235459378562628469e-01
3.566702825360836826e-01 6.385779434022255396e-02
2.849407182755484547e-01 4.486822403608693027e-02
-2.269867987569330545e-02 -2.183766773881548606e-01
1.049772370128828070e-01 -7.883659375031188965e-01
2.113215787229202336e-01 -2.063968085903869487e-01
4.545972748769949723e-01 -8.421071986684429689e-01
-2.962949929133058824e-02 -3.513914476634637518e-01
8.670224746918760994e-01 -5.034992972909742015e-01
-4.123830317289260416e-01 -1.468957582323021427e+00
-7.545203464196912346e-01 -7.162805386519655038e-01
-7.851368128423302784e-01 -5.069079282946424847e-01
6.268779615046439213e-01 -3.368563094838037952e-01
3.951639673568401734e-01 -3.929310786365212277e-02
2.085072649302670111e+00 3.535374528378373293e-01
3.627344288457764465e-01 -4.766191338530279542e-01
3.818897365087751128e-01 -2.665683913259449533e-01
1.767523829535863900e-01 -2.253039702178578352e-01
1.070860379893219388e-01 1.486623785355178640e-01
6.196018431804946047e-01 -1.569854166777732152e+00
6.030725415550187707e-01 2.401042412302210327e-01
-5.336226946883018130e-01 -1.488438447633741335e+00
9.289346595051405364e-01 -9.634495112357751578e-01
-2.720827866027289432e-01 7.855669380109524605e-03
3.720341400273026733e-01 -4.844595075494875225e-01
5.651785052204202353e-01 -2.193890829219397043e-02
4.996532128071211609e-01 -9.054060578608028043e-02
-5.967252678027742396e-01 1.163359766095654613e-01
6.058670763398238401e-01 -3.964933428096525381e-01
3.179557827749722732e-01 -3.291835376309348304e-01
7.837945971283740709e-01 -7.195626310808400650e-01
-2.518751408842743178e-01 2.052248060519018188e-02
-1.329559948449891560e-01 -3.876558930824910432e-01
1.381250875104374609e+00 -7.963961444206373308e-01
-1.217677888467909031e-01 2.674066555186334071e-01
-1.766594645745039882e-01 -2.511313937133686225e-01
3.467218074389368798e-01 -4.587837397205149492e-01
-5.992564642420774579e-01 -2.540766426872520523e-01
1.178297602058455018e+00 -1.798340822328730493e+00
2.483550701667628091e-01 1.727020687305387825e-01
2.214151944605555200e-01 2.795502357658082859e-01
1.479119643613375112e+00 -1.430160336543285560e+00
4.017994880724281015e-01 -4.626813406233385995e-01
1.614075947215918294e+00 -6.089359170607290261e-01
-2.655113539078795409e-02 -5.427350694250868690e-01
3.444436706447200902e-01 -1.872211497788615620e-01
-4.783180496821243244e-01 -1.770802352854897177e-01
-5.409074650290990327e-01 -5.755049860148621077e-01
-2.633508266328140057e-01 -5.050211208191508483e-01
6.656610609881689067e-01 -5.671785648845641958e-01
3.424630227786630288e-01 -3.945001079569286362e-01
1.698359651114922098e-01 4.848350387303951466e-03
3.594756069888505601e-01 -7.248686649734512599e-01
3.471029642903306067e-01 -7.413063896162492838e-01
5.324434413792019649e-01 -1.532783583457890231e+00
6.411871082265855337e-01 -2.233751951507959577e-01
3.406027790045743076e-01 -5.473306804700777545e-02
3.429180968031027010e-01 -7.019818879176763504e-01
1.364689939652034223e+00 -1.121330378044427478e+00
1.548321420525346215e-01 2.839929852149374878e-01
1.411009085876418157e+00 6.893932894529933297e-02
-1.305713530971483738e-01 -1.073819978213612497e-01
6.733095165817674088e-01 -3.628017696537411685e-01
2.899362088991213060e-01 -1.249934699635979612e-01
9.302991718528836884e-01 -5.972950735877663453e-01
-7.894848954603268798e-02 -2.693307104022886755e-01
-1.491539752237063324e-02 -1.524370402755880427e+00
2.648469752129201105e-01 -4.757748241930110367e-01
1.855118374399767067e-01 -7.665164286080132505e-02
-2.291975093940865349e-01 -3.045794412179657074e-01
5.949080734329804665e-01 -3.832150685674621249e-01
2.294451889420973667e-01 -3.422712873926089250e-01
1.131291523286431788e+00 -1.780638289728167178e+00
8.736482959083291533e-01 -6.361031926453877272e-01
1.132010119620878719e-01 -4.563285692667601312e-01
1.591920249684349309e-01 -1.590681886059039707e+00
-2.542906668398717263e-01 -1.803583558053017399e-01
4.314339523944720201e-01 -1.569754714546769125e-01
8.073429203280367839e-01 -4.250302956669305132e-02
9.555092739188753015e-02 -2.250399157643941106e-01
6.614963699908786854e-01 -1.305704090527150196e+00
3.664412600863164449e-01 6.422952997105038642e-02
7.148836100350426381e-01 -4.112319798764526579e-01
3.698802705158025367e-02 -1.943215909889434989e-01
5.395476956380381717e-01 1.623186025643552355e-01
1.270297369842215973e+00 -6.883632901189506992e-01
-8.650042700628374215e-02 -6.225717907153383024e-01
3.049750748304196346e-01 -1.411360921096781185e-01
4.556714658202267731e-01 -8.808739013604470758e-01
1.196875554776462985e-01 -6.565986773750054351e-01
5.055413835736887601e-02 -1.340648535536127506e+00
-1.232643258588208418e-01 -5.747626102576800511e-01
3.649866819187018718e-01 -1.399965570050933028e+00
2.283040506290417992e-01 -5.571593438231314810e-01
6.684580840483864694e-01 4.783279739260114585e-03
3.681797170767897587e-02 -9.326135532178800314e-02
6.914502595110879613e-01 8.733115071891854875e-01
3.989863186320851129e-01 -2.179519124753439563e-01
-4.583580244719760444e-01 -1.379024801781556064e+00
5.616978447112480621e-01 -1.783915421826888781e-01
1.307876786478102404e-01 -8.811341881205861926e-01
8.320693666536396749e-02 -4.207578074478143804e-01
-4.529032014214140478e-01 5.103398703959831362e-02
-3.124883188607449069e-01 -4.314228974003344597e-01
-2.126603148936565685e-02 -8.949531305466323916e-01
-3.308825542607183312e-01 -1.024326189933631337e+00
3.531795276863289312e-01 -6.099636940649647565e-01
5.986956443309814357e-01 -1.233763741790726787e+00
1.751350821894867571e-01 -4.155567333586086542e-01
2.366596712919237788e-01 -1.554693719305955402e-01
2.716502352193068126e-01 3.218704134324978372e-01
1.249439753593746483e+00 -4.956030460758277245e-01
1.640586454735727395e-01 -4.589629414577907074e-01
-1.622606772408327069e-01 -8.549366502133097789e-01
2.368881976745880191e+00 -2.745103056948995923e-01
2.132483939502651804e-01 -5.739818099006988028e-01
-8.345087642095969649e-01 -2.482823574707214487e+00
4.961702544421119354e-01 -1.521255774158665197e+00
1.103750970335248605e+00 -9.004141301353575377e-01
4.752645086260743473e-02 -8.921549124929120111e-01
-6.157034201974676685e-02 -1.765980025156152766e-01
4.045083446514432524e-01 -6.321265516211899138e-01
7.811405792216429278e-01 -4.008374129442774936e-01
4.526808505903706092e-01 -6.509561815397095774e-01
-1.050385577005145399e-01 -2.582926303615556418e-01
-1.936239891134833024e-01 -9.506680047163038050e-02
2.102321541861948972e-01 2.050249702412144659e-01
-1.379009232085826597e-01 -3.347277323604166410e-01
-2.242619933441531987e-01 -5.292961487752523286e-01
3.697323600660394338e-01 5.696022601115630080e-01
5.577035738241955531e-01 3.408994778097381717e-01
2.779033947925971249e-01 -2.510880929959587449e-01
4.314994604284401181e-01 -9.921504611101805704e-02
-2.247909912504506280e-01 -4.288590167505130224e-01
1.095117942811933698e-01 4.771190969000989324e-02
1.830201048381767892e+00 -3.986852562994128157e-01
3.620210786667364955e-01 1.579159365622453872e-03
2.297934671707475007e-01 -1.595343989836328635e+00
2.307797182299598238e-01 -7.377882946032157108e-01
2.096380782641562301e-01 -1.460844776761959007e+00
8.040764315565770426e-01 -1.175241931928591610e+00
-4.379805962700689115e-02 -7.795126992772829500e-01
1.714521932896065026e+00 -4.783094772653969096e-01
3.567141857802802463e-01 -8.233917158486389054e-01
5.715004334317612678e-01 -1.207243505313847720e+00
-6.281986557495864432e-01 -1.314608779401639671e+00
1.355961791345297596e-01 -4.981022784145537619e-02
5.477436911260858549e-02 -1.196246540123271807e+00
-2.745694794589649823e-01 5.893711285484977136e-01
-3.066740649397694529e-01 -1.914086577646671117e+00
2.950951926190329977e-01 -6.480468807154665667e-01
-1.856748197381685173e-01 -7.154636593559701163e-01
1.453216674080576587e-01 -3.446993578496327926e-01
-9.872938416145922436e-02 -1.070504895916333687e+00
-2.205450138209577322e-03 3.843336923293319118e-03
1.254322291713246607e+00 -1.030018331662648334e+00
2.503253154835691774e-01 -1.593727994124096270e+00
3.704576155610548316e-01 -7.132834722628794699e-01
-3.346378209972771245e-01 1.652854191955746288e-01
7.711943823028895029e-01 -1.515539139904539478e+00
3.238650994710400299e-01 3.962617115837211434e-01
8.893019696817253128e-02 -3.639368754304319054e-01
8.209318309505985178e-01 -4.831541113352499223e-02
8.976627171610088718e-01 -1.127397972144226213e+00
6.607910224800982446e-01 -3.835736539475939066e-01
2.166580814754892059e-01 4.482881797437273524e-02
2.860479869925363072e-01 4.163645957329019653e-01
3.923216166578255559e-02 -4.871161669413968248e-02
4.328747367252326339e-01 -9.323218695333904682e-01
