6.254931554957051665e-01 2.208144901633961224e-04 3.573176453181962941e-04
8.945960407944325565e-01 -0.000000000000000000e+00 -0.000000000000000000e+00
3.325012632167898018e-04 1.193764751306560928e-01 1.951446029656304371e-01
3.199158801329680113e-01 6.100948826893677146e-04 9.747309950469616431e-04
8.754818883414822173e-01 8.366449455464015060e-05 1.365789049682706148e-04
1.091694113859611015e+00 -0.000000000000000000e+00 -0.000000000000000000e+00
1.146913706861358573e-01 1.521413960030543666e-03 2.439762050031951506e-03
1.332495199800434849e+00 1.377814461029531390e-05 2.267145460323460385e-05
3.482984730089840886e-01 3.286911338909117458e-04 5.216069129190055616e-04
-0.000000000000000000e+00 1.341613667638785201e-01 2.192971639488023039e-01
-0.000000000000000000e+00 6.973498109483322605e-02 1.142449010108428364e-01
6.200261190935104638e-01 2.515559370468527494e-04 4.062075729919880675e-04
7.746908083394766775e-01 -0.000000000000000000e+00 -0.000000000000000000e+00
7.884677907264750832e-03 -0.000000000000000000e+00 -0.000000000000000000e+00
1.672275305600285644e-01 2.877817364893136827e-04 4.509365566307796435e-04
4.716353318229928905e-03 1.085163821283062664e-02 1.788563734845237396e-02
-0.000000000000000000e+00 1.356323066233658739e-02 2.253431200111863722e-02
4.284935806344042919e-01 -0.000000000000000000e+00 -0.000000000000000000e+00
8.800264503972672347e-01 -0.000000000000000000e+00 -0.000000000000000000e+00
4.076534707352199964e-03 3.449114781634683019e-02 5.647439093393675363e-02
7.787926429882632284e-01 3.975820514639503999e-04 6.415960563818410645e-04
1.584501793106948830e-01 5.734725880547612452e-04 9.146421943816130350e-04
1.209320647599961607e+00 -0.000000000000000000e+00 -0.000000000000000000e+00
3.016653321245396820e-03 6.434582822537809887e-02 1.053665008626998301e-01
1.430206518360237818e-03 7.510649772121584522e-02 1.228515624388009930e-01
8.639692943243303114e-02 2.068301553690942755e-06 3.341271104157286786e-05
1.091854401089434670e-02 9.492106619096974361e-04 1.545629814682346944e-03
1.038970160769971729e+00 -0.000000000000000000e+00 -0.000000000000000000e+00
-0.000000000000000000e+00 8.950078369265590528e-02 1.464879381218837928e-01
7.040896744665348962e-04 1.183985486556230447e-02 1.965579018377168127e-02
3.615615256786493537e-01 -0.000000000000000000e+00 -0.000000000000000000e+00
4.852429652305071078e-04 1.035805513197741584e-01 1.695289852604000558e-01
7.583871140052844684e-01 -0.000000000000000000e+00 -0.000000000000000000e+00
-0.000000000000000000e+00 3.092552022922797489e-02 5.110957264654174964e-02
-0.000000000000000000e+00 2.919705405652175956e-02 4.789126263760838664e-02
-0.000000000000000000e+00 1.051803077541015180e-01 1.719884479354469031e-01
2.189710273102984939e-01 9.383957073238586265e-04 1.503972664436920318e-03
-0.000000000000000000e+00 4.463597741112574485e-02 7.324076840267455812e-02
2.731468959200502034e-01 -0.000000000000000000e+00 -0.000000000000000000e+00
6.772062125093439647e-04 1.390516423348263884e-02 2.276142263577078662e-02
3.867382983337436242e-01 8.250138606408017727e-04 1.332024688552347746e-03
1.594278393376265812e-01 2.901963816986222514e-04 4.818858831915830035e-04
1.163441381754568155e-01 1.736009348878602874e-04 2.772669685510289550e-04
-0.000000000000000000e+00 4.235205896430293410e-02 6.931671566899241799e-02
3.194016118005508775e-01 3.725056529373708633e-04 5.889330262989299737e-04
1.283015603790728604e-04 8.016975864433595333e-02 1.314325481509817650e-01
7.433537525254126921e-01 8.303647660601559503e-04 1.350824387715608352e-03
2.767063051635130361e-03 4.584727552936087441e-02 7.505730441625295402e-02
1.977111511998455497e-03 9.317455165736202027e-02 1.524332837110053962e-01
1.888080410131257048e-01 1.150733361036838367e-03 1.853877083287768911e-03
3.399783311076914200e-02 8.286534714090422775e-04 1.329115894710869265e-03
-0.000000000000000000e+00 4.360563044688411244e-02 7.148292078713852638e-02
1.033406253728730850e-01 3.088326361082489608e-04 5.577124320263123240e-04
-0.000000000000000000e+00 1.084840223246207741e-01 1.772881983707342846e-01
-0.000000000000000000e+00 4.675411860123104835e-02 7.661151194825055466e-02
-0.000000000000000000e+00 1.253479313052597299e-01 2.049814223839211969e-01
8.625067094778804400e-01 -0.000000000000000000e+00 -0.000000000000000000e+00
-0.000000000000000000e+00 1.240591880103458916e-01 2.030830935790743641e-01
1.443098322970982395e+00 -0.000000000000000000e+00 -0.000000000000000000e+00
2.459581781552794832e-01 -0.000000000000000000e+00 -0.000000000000000000e+00
5.466764644505057655e-03 1.666116409129428941e-03 2.576769181277637454e-03
-0.000000000000000000e+00 1.536902856477838919e-01 2.512792387925227300e-01
-0.000000000000000000e+00 9.983913860675283636e-02 1.631152783562361819e-01
-0.000000000000000000e+00 1.173054641377938578e-01 1.918176184120448657e-01
-0.000000000000000000e+00 1.468648434848170703e-01 2.401749792785498328e-01
-0.000000000000000000e+00 1.047920596833167017e-01 1.712758268035202702e-01
