4.120519220847716074e-02 2.755119215977916425e-01
5.440777477187971368e-03 3.901780580593471881e-01
7.948952585863219289e-01 3.851205723052737034e-02
8.406753555447324389e-02 4.073020569570752654e-03
9.074860340657865329e-03 2.426139125841785676e-03
3.145717041896714528e-01 8.861874698187669486e-01
5.277092384046837975e-02 6.644835372406382619e-03
1.340442122511051881e+00 1.513264830767310602e-02
9.410963431054382156e-01 9.116193082294599126e-01
3.119746026338974729e-02 9.602546027143896712e-01
9.537247908440171784e-01 4.012840692069361177e-03
6.564543765154952359e-03 1.642562018103141952e+00
1.159089760151667953e-01 1.078802858076830740e+00
2.213297935343377265e+00 1.041933845217020600e-02
1.222299260477536544e-02 1.165002057056657936e+00
8.048501952732539655e-01 1.521688384691514351e+00
1.302955832656171875e+00 1.029233171461693574e+00
1.213135419411521587e+00 2.082233447896281842e+00
1.982555320189510750e+00 1.157915005777362082e-02
1.490966091818353378e+00 3.138785651397039272e-02
7.205348099556029284e-01 1.194716167815523367e+00
9.455735672259053815e-03 2.516694993993559559e-01
9.550956256627298746e-01 3.757768028209416689e-01
2.909250927997759084e-01 1.229441124013769482e+00
1.794485404944485607e+00 2.240442770709025755e+00
5.139582622490435071e-01 1.042110619580346675e+00
2.409601559027623168e-03 2.918906515592060713e-01
4.893068778339036001e-03 4.274392459872804889e-03
1.270792321795777800e-02 1.294486505506474927e+00
1.679703779251069326e-03 1.854125446042730330e-01
1.374228112701186832e+00 9.813829773661563241e-03
1.090392049383225981e+00 1.889067718962706088e+00
1.796708619418725022e-03 1.334501740502234579e+00
1.636473060170554605e+00 7.958533361982702559e-01
2.056781049550640450e+00 8.627302249196536765e-01
1.623293528530896923e-01 2.947092841389903350e-01
6.001406781386466882e-01 1.697534549541591886e+00
1.234897541892060469e+00 5.682453446745166538e-03
1.553912938507487906e-01 9.266470246249859655e-03
1.140603701464593805e-02 5.207619256390785267e-01
7.318711638918182771e-01 8.594567927911337182e-03
5.157668674349726035e-03 1.588983727713399796e+00
3.147148922929608461e-01 5.741364132228353734e-01
1.128662978689852325e+00 1.042739514331651129e+00
1.288548386554427827e+00 1.589105075017369084e-01
5.132332248532361918e-01 2.704701273268232953e+00
1.282607639362573826e+00 2.915855584553297408e-01
1.783073140775974508e-02 3.067018194644804407e-01
3.520995519272844265e-01 6.617514430007385151e-01
1.062298778526115317e+00 1.811982516029448653e-01
1.392070871657505871e+00 1.324379764785850629e-03
1.269325294801849635e-01 8.803131484616425473e-01
8.779996709613598904e-01 1.009476334672491538e+00
4.290966218287163292e-01 1.158330364544399860e+00
1.358228882339205905e-02 9.025591488117650218e-01
2.280569548833003335e+00 4.253599218185771247e-01
4.553396977256105593e-01 -0.000000000000000000e+00
1.314256781500830196e-01 1.239871251802543428e+00
6.269044848719249607e-01 1.559644801563734529e+00
6.948920642266068759e-01 2.844008504805521476e+00
9.221252410735190086e-01 9.605263596324190717e-03
1.000206009784838201e+00 5.018323104049247085e-01
1.760370714541744375e-01 1.571579077642239808e+00
1.361719872930125641e+00 1.411395595100017886e+00
3.475663020474017428e-01 1.606968048076813149e+00
1.163022817349580906e+00 1.162527943760657489e+00
3.201459313551007456e-03 5.918156903183617867e-01
1.564151359476076975e+00 2.587432170744149440e-01
2.420539405914324149e+00 2.669210356710962073e-01
2.540065296633004177e+00 1.255463267308356334e+00
6.634332985329882693e-01 1.365826209168791855e-02
1.893761858818218791e+00 1.404230795906277862e+00
7.333316522999009865e-03 1.623358425445234898e+00
2.028003281740940356e+00 4.656771620581198201e-01
5.607460014909887436e-01 5.204859442635173354e-03
5.993014658005968442e-01 1.372802777109343397e+00
4.569569049427900029e-03 1.336298968021027989e+00
1.787438038127772133e+00 1.756746857841914089e+00
8.603289313690906104e-01 2.575583194258649122e+00
7.518583393465546605e-01 9.596027241679309094e-01
