-3.131525522401979456e-01
-5.634450406701502212e-01
3.326736362956003029e-02
-4.618134515800842443e-01
6.503414147804159606e-01
4.570616313115332674e-01
4.923866058115961564e-01
-1.032277866904136587e+00
-1.229773523935696389e+00
8.299760347483734479e-01
3.851268823207042447e-01
1.538078743348614053e+00
-6.933431235782179236e-01
-1.034752861965477111e+00
-3.899260393603231067e-01
-3.862405271035571630e-01
-9.137854205119920747e-01
-2.332220781938545706e-01
7.247663802634644048e-01
9.969906688473909040e-02
-8.809783138003856040e-01
4.603448625424869656e-01
3.736942886848905743e-01
-4.198024529625758450e-01
7.544346307622516734e-02
-1.155985700682025552e+00
1.986812500483342570e+00
4.145725650945188967e-01
-1.399893966152032099e-01
-1.344123497970530490e-01
6.739384144791074061e-01
4.895567843213229769e-02
-1.541433452877249421e-01
1.265433648599444960e-01
6.898150326464764781e-01
-1.174098851677917388e+00
-1.746156913717862025e-01
1.375978669752326189e+00
-5.420406441395992925e-01
4.146575147654912308e-01
1.306792145374508607e+00
1.563055822366633540e+00
8.833934701789083466e-01
-2.859972303213836886e-01
1.849967412687211488e-01
-4.617124932582032937e-01
-1.007403788698850944e+00
-9.181258141323757060e-01
-3.845992327952961753e-01
-2.288223855612758761e-01
4.641543898797036993e-01
-2.546268725418904255e-01
-2.653755387512968938e-02
-3.486381267694499964e-01
-1.599219043856313860e+00
2.122739345723462789e-01
-4.254723587512890814e-01
-4.133605471052481661e-02
2.687131545531643018e-01
-2.901383154452296664e-01
-4.868698983016969337e-03
7.827871514448796475e-01
9.450928965064311904e-02
7.317448059882247779e-01
9.833564353303407835e-01
-5.575489570345644186e-01
5.151115833252430942e-01
-1.759754860670193766e-01
-8.403437187661941810e-01
-7.128737322691882650e-01
4.106765340158038957e-01
3.203517508185840801e-01
-9.522385040825407376e-01
7.024135851245504325e-01
6.981906050380411177e-02
-1.102870810505498789e-01
-3.102966966010735628e-01
2.510534911470395092e-01
2.368463013717113375e-01
1.796651668465878704e-01
