1.103957301012208791e+00
-6.135219397236471028e-01
3.997773162271729408e-01
1.147521080189027209e+00
-1.833604465892743063e-01
-3.799444919250483110e-01
8.544711956012628340e-01
-2.570389427980542263e-01
9.130582736911401209e-01
-5.898484308213494121e-01
-5.549206211236115127e-01
1.574331393597913076e+00
-4.708433194188671456e-01
8.432546042066104697e-01
3.640713061785603166e+00
2.272598519102033698e+00
5.949780161134069489e-01
1.841267059533136796e-01
4.653450636445018995e-01
1.373377856708654754e+00
7.282073456329294370e-01
8.739330969983819530e-01
-1.906742676046270235e-01
1.310514998730105685e+00
4.543141589654398071e-01
1.931145150663849730e+00
8.014673646377311611e-01
-1.953029967268947065e+00
2.780958797178332276e-01
-1.078243907113826783e+00
1.838835431100948714e+00
6.045435987261935651e-01
2.092336604653176835e+00
3.578414207233539646e+00
1.489264867199016518e+00
1.400852518807151670e+00
9.275381140130622981e-02
-8.735275937665547552e-01
1.060125024917488723e-01
-2.369841497694163968e-02
1.839783935555655781e+00
1.682578730585311488e+00
-1.940069511960064386e+00
8.273980959888922737e-02
1.366776538231093241e+00
1.769120525083316631e+00
1.011352609525244306e+00
2.037733645953654638e-01
7.526441134352642726e-01
1.024171133229651698e+00
2.398101582043340452e-01
-2.734937100290143475e-01
1.590200014692584984e+00
2.122754681122540177e+00
5.491456074011269450e-01
8.359844423959391646e-01
-4.433962952691052894e-01
-9.152734116570507283e-02
2.670549045155268253e+00
3.883410046067603538e-01
2.413793240864947620e-01
1.869121220907317360e+00
1.453291993982395836e+00
1.502207806407205526e+00
4.649110482472393890e-01
1.496568693013494933e+00
1.112929874472483371e+00
8.515372300313658882e-02
-2.847165977807187831e-01
8.993857332351243850e-01
2.125340694028096111e-01
1.154648822902910599e+00
2.976611109417703904e+00
1.946243392344210399e+00
1.078938781592587048e+00
1.401490537374533440e-01
5.182373907357180620e-01
-9.536797757839446943e-01
5.551942342310908218e-01
9.831184852109470240e-01
1.537575078114858496e+00
1.025649399483578916e+00
1.336237792773756095e+00
2.608717681811969058e+00
2.191963693524441315e+00
2.828360682132319504e+00
4.661370084946416248e-01
2.366985016925159613e+00
8.434296098830078303e-02
2.337871846001649434e+00
1.208910601467156232e+00
6.175005054382658454e-01
5.646481424406276650e-01
9.490068159271775050e-01
-1.126031635246208973e+00
4.768249221298248575e-02
1.617943723522812682e+00
2.273091923264412451e+00
-1.953677949457515384e+00
1.627463100554105147e+00
5.107055810651641714e-01
-3.735926098108937610e-01
-1.022779650432301901e+00
5.680139992871959809e-01
1.622534670613129670e-01
8.729172653556217520e-01
5.435502144577112338e-01
9.409307829094816222e-01
-8.842266751117460188e-01
1.843348169410716775e-01
-3.366627030130146803e-02
1.295955252802415858e+00
-2.451851321396309180e-01
2.023493690073128182e+00
-1.690263363500201232e-01
1.078571015325115789e+00
4.459064999467147183e-01
-7.228368705629362179e-01
8.104490839593976315e-01
2.550081427298287906e+00
1.509868562506184952e+00
-3.843369468004678713e-01
1.061746767120202772e+00
1.917608689543524703e+00
-6.630707684145659142e-01
1.598835485912501797e+00
2.125072268496980943e+00
-2.524517175610977993e-01
-2.742547447842058062e-01
1.549164281070667393e-01
-4.809185727900838203e-01
-1.072503990508359317e+00
-8.958183336811126329e-02
-1.021327305417560893e+00
1.193903655597755575e+00
7.162934412605082013e-01
1.218870341864072948e+00
1.393727276605662979e+00
-9.798747066827505625e-01
-1.465062174677223550e-01
1.290781903307618217e+00
3.732743535770199905e-01
1.334718338677505889e+00
3.136593996241526239e-01
9.719361325794106943e-01
7.128922347110373536e-01
6.907719887978532869e-01
1.041554045762087544e-01
-1.802465481904745648e+00
5.453964978318412982e-01
1.288676595928556212e+00
-1.415916562514660804e+00
-2.198981370020354764e-01
3.238665681358177562e+00
-3.004855609348233703e-01
4.813199590503605130e-01
-4.221946068537115182e-01
1.325752697003067970e+00
5.150875166828819962e-01
-1.077217099471584172e+00
5.480058145524304702e-01
-5.409186799292894365e-01
-1.810534982719433028e+00
6.739762432462415020e-01
4.351154202048523878e-01
1.307224965185025845e+00
-1.892946180505297726e-01
-3.099946890541782074e-01
3.835281421588433992e-01
3.935282663325852526e-01
1.864487286083799100e+00
3.221203003354331518e+00
1.483342082054606159e+00
7.338501572364787562e-02
8.910766466692106036e-01
4.828579135471252615e-01
2.227513198885687995e+00
