-0.000000000000000000e+00 1.000000000000000000e+00 -0.000000000000000000e+00
6.407079868415336277e-01 -0.000000000000000000e+00 7.677846544425520614e-01
1.000000000000000000e+00 -0.000000000000000000e+00 -0.000000000000000000e+00
8.095636046985773548e-01 1.031298000122940900e-01 5.779022532374048504e-01
-0.000000000000000000e+00 8.986130239758685079e-01 4.387421032234598006e-01
3.411605775055409073e-01 9.400050320908318602e-01 -0.000000000000000000e+00
-0.000000000000000000e+00 5.607460198166902554e-01 8.279878629905994547e-01
-0.000000000000000000e+00 2.181094953776459289e-01 9.759243044550681700e-01
9.205592548931906816e-01 -0.000000000000000000e+00 3.906029419122357682e-01
1.861501827718161917e-01 -0.000000000000000000e+00 9.825213022901944093e-01
4.435716195713164667e-01 8.962389292542918273e-01 -0.000000000000000000e+00
4.634962600333232818e-01 5.252959009539804880e-01 7.136073383703871453e-01
1.000000000000000000e+00 -0.000000000000000000e+00 -0.000000000000000000e+00
9.804746407546490738e-01 1.966455665328910585e-01 -0.000000000000000000e+00
5.894233199214858887e-01 7.569157655009911556e-01 2.822386824458729127e-01
-0.000000000000000000e+00 -0.000000000000000000e+00 1.000000000000000000e+00
-0.000000000000000000e+00 -0.000000000000000000e+00 1.000000000000000000e+00
9.995850337239842176e-01 2.880556118220099077e-02 -0.000000000000000000e+00
9.807206839379255525e-01 -0.000000000000000000e+00 1.954147898607668521e-01
-0.000000000000000000e+00 1.000000000000000000e+00 -0.000000000000000000e+00
5.794751482653783675e-02 -0.000000000000000000e+00 9.983196309426296544e-01
-0.000000000000000000e+00 -0.000000000000000000e+00 1.000000000000000000e+00
4.492575915303499423e-01 6.611954874060002041e-01 6.008228889500558667e-01
6.338691500555646563e-01 7.734403019030209325e-01 -0.000000000000000000e+00
-0.000000000000000000e+00 9.594179346562755617e-01 2.819879902759806489e-01
-0.000000000000000000e+00 1.000000000000000000e+00 -0.000000000000000000e+00
-0.000000000000000000e+00 6.605826820994048498e-01 7.507533017645386941e-01
8.838677583356990830e-01 -0.000000000000000000e+00 4.677368766460759941e-01
8.830431286531416346e-02 -0.000000000000000000e+00 9.960935439653169077e-01
7.855645082270447110e-01 6.187797697194065139e-01 -0.000000000000000000e+00
-0.000000000000000000e+00 9.468948579616531802e-01 3.215433531668482892e-01
8.024944408533233320e-01 5.764596906689939404e-01 1.539379661854730075e-01
4.342432625673101620e-01 2.339404444484623202e-01 8.698877268740800028e-01
3.391949610614413135e-01 6.920949923971614348e-01 6.371430764665816371e-01
7.437050304593497696e-01 3.058069097098724543e-01 5.944619093290631762e-01
-0.000000000000000000e+00 3.779215578270508913e-01 9.258376186619200476e-01
7.810538772811864705e-01 6.244636424837118893e-01 -0.000000000000000000e+00
9.770666268044609915e-01 -0.000000000000000000e+00 2.129338084592307112e-01
7.817105802102678469e-01 5.954075384930326287e-01 1.855220523091378748e-01
8.258208684871881644e-01 5.639325253707809793e-01 -0.000000000000000000e+00
9.432669533063601230e-01 3.320353216152414633e-01 -0.000000000000000000e+00
-0.000000000000000000e+00 -0.000000000000000000e+00 1.000000000000000000e+00
1.000000000000000000e+00 -0.000000000000000000e+00 -0.000000000000000000e+00
-0.000000000000000000e+00 1.000000000000000000e+00 -0.000000000000000000e+00
9.771575884968259906e-01 -0.000000000000000000e+00 2.125159929112809820e-01
-0.000000000000000000e+00 5.526796432122960123e-01 8.333937916607784269e-01
4.753367499161202381e-01 8.798039407613377216e-01 -0.000000000000000000e+00
1.561966237686611692e-01 8.070564055947424542e-01 5.694405789121163020e-01
-0.000000000000000000e+00 7.244143037979354771e-01 6.893648645332547398e-01
3.348142128363990055e-02 7.256475937127599973e-01 6.872514562863497600e-01
6.699488275676810378e-01 7.424072793559404193e-01 -0.000000000000000000e+00
7.096238936694597710e-01 -0.000000000000000000e+00 7.045806763837590969e-01
-0.000000000000000000e+00 7.547473424724329139e-01 6.560155859663699962e-01
1.000000000000000000e+00 -0.000000000000000000e+00 -0.000000000000000000e+00
8.622341630302916560e-01 4.615911622162144345e-01 2.085326043268455609e-01
-0.000000000000000000e+00 -0.000000000000000000e+00 1.000000000000000000e+00
2.373448152860518634e-01 9.714254673709300514e-01 -0.000000000000000000e+00
-0.000000000000000000e+00 1.000000000000000000e+00 -0.000000000000000000e+00
5.016874965721531687e-01 8.650489325946629782e-01 -0.000000000000000000e+00
6.598275664743188385e-01 6.417075997807082377e-01 3.909462097325675511e-01
1.000000000000000000e+00 -0.000000000000000000e+00 -0.000000000000000000e+00
9.380196382221976936e-01 3.465821090441589813e-01 -0.000000000000000000e+00
-0.000000000000000000e+00 9.988461614734143179e-01 4.802442826131600451e-02
1.000000000000000000e+00 -0.000000000000000000e+00 -0.000000000000000000e+00
-0.000000000000000000e+00 1.000000000000000000e+00 -0.000000000000000000e+00
-0.000000000000000000e+00 -0.000000000000000000e+00 1.000000000000000000e+00
3.938103661043810266e-01 9.191917077240925327e-01 -0.000000000000000000e+00
-0.000000000000000000e+00 -0.000000000000000000e+00 1.000000000000000000e+00
1.000000000000000000e+00 -0.000000000000000000e+00 -0.000000000000000000e+00
4.594606894972722566e-01 -0.000000000000000000e+00 8.881981056085918036e-01
2.084555347548791571e-01 2.189092536630128927e-01 9.532182481943786145e-01
2.792837275895182492e-01 -0.000000000000000000e+00 9.602086229063472311e-01
1.822728569839921764e-01 6.484987291433579326e-01 7.390710411769241261e-01
4.727205071533589487e-01 8.812124160023344643e-01 -0.000000000000000000e+00
-0.000000000000000000e+00 7.898406618460975803e-01 6.133120974630441591e-01
2.105329885612174934e-01 -0.000000000000000000e+00 9.775867535556536092e-01
-0.000000000000000000e+00 -0.000000000000000000e+00 1.000000000000000000e+00
8.860032422693977505e-01 4.529367043252587322e-01 9.923001845756196371e-02
-0.000000000000000000e+00 1.000000000000000000e+00 -0.000000000000000000e+00
7.422282791999746943e-01 -0.000000000000000000e+00 6.701471342592196789e-01
