1.154979002505611918e+00
7.894693491567766896e-01
1.124376900179382410e+00
3.106859376886666801e+00
1.343571268915650929e+00
2.230854294869625054e+00
7.704553345313687185e-01
1.865856532392309530e+00
3.218493896392964349e+00
2.021673364420254249e+00
1.785724707153769186e+00
2.609717848797621365e+00
1.642813614648095832e+00
1.689026333767812194e+00
1.836829891173160867e+00
1.340098271004534158e+00
1.741223628006132174e+00
2.229541580498087150e+00
2.917358041593777873e+00
1.861041816127375625e+00
2.327738690316788706e+00
2.462392395458103511e+00
2.784055869017698637e+00
2.935582440482306765e+00
2.356276500676826036e+00
2.293847249390701393e+00
3.920032152723573748e+00
2.883049133739925107e+00
2.882804767408670976e+00
3.128704181353217706e+00
3.108950154670392596e+00
1.971169357978833192e+00
2.330643006253018790e+00
1.683028171221102154e+00
1.748335634578138231e+00
3.521829218598438338e+00
1.780078737318463666e+00
4.070217507568019144e+00
