4.404333673246371705e-01
1.265202818145958030e+00
6.120235792732333646e-01
2.135932847353946951e+00
3.093526637752479491e+00
1.212843379894050777e-01
2.285417757171331221e+00
1.537552813773292781e+00
5.507781571011940436e-01
-5.396466064600174972e-01
5.180916324700580944e+00
7.163480044024530535e+00
3.373326778068449355e-02
3.623336109372295999e-01
3.289197900333804103e+00
4.495187499157564659e-01
2.491674697557345330e-01
6.565279034034955608e+00
2.525019002472628671e+00
-1.158596359869546122e+00
-5.037980273451452273e-01
1.625718129999952799e+00
4.342591141801018573e+00
4.747243315023229826e+00
1.978681552842618041e+00
2.037168229802107877e+00
3.444198150165863836e+00
1.419219961401591235e+00
2.248684570592812904e+00
4.086368273924520622e+00
7.455298620862876868e-01
2.278328349060680047e+00
7.272496821479397244e-01
7.617821501133822393e-01
8.928587959453910816e-01
2.871700238356244661e+00
8.918326794322410933e-01
4.027279451403553701e+00
3.011248419584026337e+00
3.805698686830887301e+00
8.376099676703259167e-01
-4.282097866652668783e-01
1.337800760624507035e+00
3.366187087234813191e+00
6.954980103852110851e+00
5.181734550376840831e-01
5.058873769157677946e-01
3.194183990552916352e+00
2.881860532101107042e-01
2.368810841344368701e+00
2.876736440302150033e-01
1.646133950598620777e+00
2.464983193334393974e+00
9.995595432680519643e-01
5.827056892295078505e+00
8.939010532767551753e-01
7.950505023707785113e-02
-1.056300149673983890e+00
2.436908890588150634e+00
5.930319838135289956e+00
7.255988238331535500e-01
