-6.638722341476563926e-01
-1.236631279968364305e+00
-7.730722747826165309e-01
5.705736779163649297e-01
-1.087371756893465991e+00
4.370620729288489104e-01
-1.183084888791594347e+00
2.328451071915040305e-01
-3.344358846581557687e-02
-1.989331905291036040e-01
-2.101011841694822024e-01
7.612321313563229219e-02
-4.322590686982185626e-01
-1.826891565109122761e-01
-1.074609750348165305e+00
-1.051019076728103130e+00
1.471191794135207065e-01
8.911776944466247574e-01
6.530126539832203925e-01
-4.652595994546862568e-01
1.595338411179616223e-01
-1.105477093590172093e-02
1.484532797736883569e-01
5.727345003015796854e-01
1.047894755727965255e-01
1.158120256692941608e-01
1.471853770711338161e+00
8.115362210403249676e-01
8.645027686594919381e-01
9.217129049327913437e-01
6.237920256328969293e-01
1.942006952180097279e-01
6.349805890594207858e-01
-6.079452798714627404e-01
-3.533547376524916461e-01
1.039669570316120062e+00
-8.915631620456937467e-02
1.433449854800626477e+00
