4.457358919857222490e-02 1.811569535115210794e+00 2.615677983651917837e-01
7.524844614514197838e-01 7.343462594424563505e-01 2.076979559168682599e+00
1.543054076206829883e+00 2.404361015900811221e-02 3.063421111685251958e-03
2.019899004789932062e-01 3.089697993232125128e+00 7.599347325267494790e-01
1.110167163386663880e+00 1.598097828550685939e+00 9.266023854255398540e-01
1.717659044731847162e+00 6.548624389084168884e-01 1.506725540826153731e+00
5.416094973738924123e-01 2.522532215723538584e+00 -0.000000000000000000e+00
7.852773968915769398e-01 -0.000000000000000000e+00 2.505769704102202233e+00
1.419309228685764701e+00 8.667495016632414950e-01 1.650302816240892367e+00
1.552296801450493702e-01 2.244227448591771482e-03 1.933106475350487245e-03
4.276280221813712722e-03 -0.000000000000000000e+00 3.482780122064021433e-01
1.655402467880071171e+00 6.537162106701037770e-03 1.546494500926006932e+00
1.418364376818280315e+00 4.455757911264921489e-01 2.053121299024434319e-03
3.826054840568384602e-02 8.179391677379990039e-03 2.663238393881048438e+00
1.783568113857079807e+00 5.004244506775958889e-01 3.407515335200773654e-01
4.212173255292937443e-03 4.683576893992059675e-01 4.034898300562475559e-01
2.987655313008952263e-01 1.009975566878403619e+00 3.219698213015673716e-01
2.146025471365998527e+00 2.536793698973695554e-01 7.461465509857542061e-03
1.474251768176048305e+00 1.603918834550635220e+00 8.400137448587376987e-01
1.928946248622843918e+00 1.338520656208996296e-01 1.292922280489559039e+00
2.631717387622088733e+00 1.160809470958373921e-03 1.135631722414947586e-01
9.383719131675935521e-02 6.864200872058878744e-01 8.866347983042851544e-01
2.438333046969420048e-01 1.536066281417459045e+00 3.597737959973648092e-01
1.726572785222538986e+00 2.123611821631907117e-03 1.971421526403092761e+00
1.036230006860374919e+00 1.313039195414761773e+00 8.565022074604624613e-01
2.295977093575087280e-01 6.628246789097326508e-03 6.151443023761591355e-01
8.452340140390823819e-01 2.071601016921677772e-03 2.555040090478920778e+00
2.231155672821858893e+00 3.691277459779765402e-01 4.780689085006225025e-01
-0.000000000000000000e+00 -0.000000000000000000e+00 2.309642170713398484e-03
2.368795383343214045e+00 6.433831838117652913e-01 2.340072801169697919e-04
1.743554285495745315e+00 2.926281188394469268e+00 1.059484375961486702e+00
8.629489954695328535e-01 1.053729260514996824e+00 1.594395284280106795e+00
1.243629179900307968e-01 1.260906351061692909e+00 1.198359082337979858e-01
4.313565655049528824e-01 2.196710022040003096e+00 5.937585691606411809e-02
1.324990192141863199e+00 4.878003488084182160e-01 6.358630181645413826e-01
1.730299229682535217e-02 2.807091881139957973e-02 1.359832144013554123e+00
1.358806561181564065e+00 -0.000000000000000000e+00 1.818402737773820110e+00
1.485406668381530340e-03 4.073493404014026931e-01 1.117677839500119230e+00
1.980088037113517219e+00 4.339896943444605526e-01 1.245167336104452578e-04
1.760855123704635927e+00 2.249517144643959021e+00 7.396356670473224447e-03
6.697759769234053195e-02 3.744034046977009922e+00 1.014360346555763515e-01
2.259935667219370004e+00 7.788371686348073523e-03 3.675820940231889766e-01
1.698024878007657223e+00 1.491641657118867093e+00 1.573009339174766374e+00
1.350890582244580664e-03 2.909167725751504729e+00 1.852774136233834357e+00
2.311962615110609853e+00 1.303455018476785909e+00 1.100524824666791801e+00
9.955388676216678778e-01 1.004792049671507703e+00 1.188586826297928223e+00
2.416202450744375341e+00 7.466591528369911357e-01 9.537151303102059385e-01
6.768579156960214949e-01 1.320900132200102828e+00 1.971209767173769389e+00
-0.000000000000000000e+00 1.713524447179467503e-01 9.147345007513693060e-01
4.064553070848363203e-02 1.808683739164084481e-01 6.372467166386173165e-01
8.724986597425702373e-01 3.773686940419392153e-03 2.162340185714919372e-01
1.227786896345121503e+00 1.341903146868102636e+00 3.085161698334749625e-01
3.804242807901957457e-01 1.142337769117877766e+00 1.752899617942581534e+00
9.701770683733691447e-01 2.404201402354913530e-01 -0.000000000000000000e+00
1.622102916437537790e-01 8.805231624120023470e-01 1.284241372676026893e+00
2.984578968347197381e-01 1.400732870315120338e-01 -0.000000000000000000e+00
3.566516429084759954e-03 7.359768057728822629e-03 1.305727782202916298e+00
9.079565866873192670e-01 2.638177512873218222e-01 6.238825387061753824e-01
2.050473052747942670e+00 1.367234330976273560e+00 2.542798760621773013e+00
4.635458117373729078e-03 2.652180857598151476e-01 1.079628521147934173e+00
4.956640314140907666e-01 6.993210762822331915e-03 8.063648399707726844e-01
1.683388661275366571e+00 7.024755192216893818e-01 2.865706502953292711e-03
1.407730239250289637e-02 2.783473362473735668e-01 6.787027246752675991e-01
6.101245873888831890e-03 1.235926481371131036e+00 2.569951151057457348e-03
-0.000000000000000000e+00 1.116444652743973087e-01 1.197603643960375219e+00
2.959283388508283652e-01 2.018796996249944353e+00 1.241435650403611257e+00
