9.921199079485746308e-01 1.252920119245914676e-01
8.023640112317628192e-01 5.968349801076304750e-01
9.969406696576649241e-01 7.816201879766608573e-02
6.883504962732672761e-01 7.253782422159813503e-01
9.406942398901706470e-01 3.392555777543738715e-01
4.604575977160456635e-01 8.876817001074023272e-01
9.773395447130170943e-01 2.116776188928638502e-01
4.487036982063401756e-03 9.999899331988906237e-01
9.792532339632076255e-01 2.026403310612162889e-01
7.441476319186224320e-01 6.680151958675090151e-01
6.270921666050458532e-01 7.789450651891888233e-01
3.960514812428986980e-02 9.992154083289814803e-01
9.999965509694512811e-01 2.626413752951599258e-03
-0.000000000000000000e+00 1.000000000000000000e+00
9.683741183640605099e-01 2.495026390293869356e-01
9.398951319179028596e-01 3.414632352055314013e-01
3.315859268569863461e-01 9.434250225165715653e-01
4.714823806963672204e-02 9.988879034440896199e-01
9.993858751067909996e-01 3.504101364164276949e-02
6.757968942103318444e-01 7.370878901295757624e-01
4.703719619982626998e-01 8.824682528940658299e-01
-0.000000000000000000e+00 1.000000000000000000e+00
-0.000000000000000000e+00 1.000000000000000000e+00
5.041527291211113093e-01 8.636145122215902470e-01
-0.000000000000000000e+00 1.000000000000000000e+00
9.563698884336051531e-01 2.921585810779714909e-01
7.021049887902035547e-01 7.120734405353904561e-01
9.999998369600801018e-01 5.710339859905362667e-04
7.226041178833048084e-01 6.912620984967213777e-01
7.266249271652681641e-01 6.870343624754651213e-01
9.954578130069200448e-01 9.520368965266004513e-02
6.932107603907198268e-01 7.207349316347309021e-01
5.316943131194700189e-01 8.469363360940508345e-01
9.794747668975009036e-01 2.015668152526261248e-01
-0.000000000000000000e+00 1.000000000000000000e+00
6.229069560590109189e-01 7.822959312774786511e-01
4.461598231822725968e-01 8.949533016744299907e-01
1.026210720256544723e-01 9.947205213406957736e-01
1.354176843194739577e-01 9.907886004459031115e-01
4.692904256188692447e-01 8.830438813685651533e-01
9.840454494553053655e-01 1.779172656217099524e-01
5.926362896737590313e-01 8.054701907344060663e-01
3.273470864974283301e-01 9.449041670781461733e-01
7.297533857837684712e-01 6.837104620649930853e-01
3.390644555438329655e-01 9.407631449981255223e-01
8.705481793214734365e-01 4.920831916252249028e-01
5.523091085392605182e-01 8.336393996354584113e-01
9.999977406201178143e-01 2.125736262931374621e-03
9.862452073169953870e-01 1.652888110074507977e-01
8.954639500065263436e-01 4.451340407548151079e-01
1.000000000000000000e+00 -0.000000000000000000e+00
7.307076951776461105e-01 6.826904600242866827e-01
8.216712373170760308e-01 5.699617335978139909e-01
9.518038570939881815e-01 3.067073810996516769e-01
9.191730571317439091e-01 3.938538955540288322e-01
1.223119233503888459e-01 9.924917094899728953e-01
2.559948737604967883e-01 9.666781390971596055e-01
2.486147113418167298e-01 9.686024598897243765e-01
9.910437570723562573e-01 1.335375286872893252e-01
4.463486126416967847e-01 8.948591598641836287e-01
1.000000000000000000e+00 -0.000000000000000000e+00
9.745321286485260082e-01 2.242479213544080752e-01
5.679684531728904640e-01 8.230503242210612802e-01
9.698372191075251836e-01 2.437534993262295557e-01
9.270648459460056889e-01 3.749010154842325471e-01
-0.000000000000000000e+00 1.000000000000000000e+00
9.971306800713174434e-01 7.569945086004228885e-02
9.407600173962922252e-01 3.390731332154289790e-01
9.999990527260314011e-01 1.376425457499601051e-03
9.848788139768827055e-01 1.732446875938447872e-01
1.860236117786409626e-01 9.825452742041098642e-01
-0.000000000000000000e+00 1.000000000000000000e+00
5.314518793197657853e-01 8.470884841428841794e-01
-0.000000000000000000e+00 1.000000000000000000e+00
5.899829364133737583e-03 9.999825958552849281e-01
9.998671618463185196e-01 1.629903866453621605e-02
2.151167641798398256e-01 9.765883358758670196e-01
4.733913191778288954e-01 8.808522344451849007e-01
9.156347641354136702e-01 4.020111673905157890e-01
9.759341763304618667e-01 2.180653192742554869e-01
4.723747924584251884e-02 9.988836872001156664e-01
8.373443405238379933e-01 5.466758229450969786e-01
9.999664404501417136e-01 8.192555979255691095e-03
9.816610917219568133e-01 1.906344695989055371e-01
8.846915263217046688e-01 4.661769012451953409e-01
9.764077473869636759e-01 2.159349690131623367e-01
1.000000000000000000e+00 -0.000000000000000000e+00
7.738910519929902421e-01 6.333187504291839520e-01
9.805006082552035762e-01 1.965160482280670362e-01
8.903687422284717323e-01 4.552400497127742640e-01
7.690725335283412623e-01 6.391615118045660404e-01
1.573940382975504149e-01 9.875358812257858387e-01
6.614870585756593702e-01 7.499565796343959923e-01
9.662395584392688974e-01 2.576453292941418560e-01
3.516299484265086317e-01 9.361390812104635195e-01
9.241546554350822396e-01 3.820185503842248864e-01
-0.000000000000000000e+00 1.000000000000000000e+00
1.000000000000000000e+00 -0.000000000000000000e+00
1.668120505451743396e-01 9.859887117979162507e-01
9.678357515796891519e-01 2.515829047534390850e-01
1.000000000000000000e+00 -0.000000000000000000e+00
8.995793750349176943e-01 4.367573101984520423e-01
7.472221728268085839e-01 6.645743182188001974e-01
1.946033921780471465e-01 9.808820111271269182e-01
8.420096645315413575e-01 5.394624406161020458e-01
7.295357533419222218e-01 6.839426763960808620e-01
6.672091349435746999e-01 7.448704385648867721e-01
9.740251280952841872e-01 2.264399475334803735e-01
2.637514659244321047e-01 9.645906718513886924e-01
6.669633258696207045e-01 7.450905461384770279e-01
6.758850025672928918e-01 7.370070985442478406e-01
6.980622082023397734e-01 7.160371173896457053e-01
4.514973360194583507e-01 8.922724671126709417e-01
5.747035837236454947e-01 8.183616504059797458e-01
1.766421682837868287e-03 9.999984398760021209e-01
5.755506730503318069e-01 8.177661173901190628e-01
8.148411548503379231e-01 5.796843040502025479e-01
4.510551246662148905e-01 8.924960921552234083e-01
6.523389155130634443e-01 7.579273971214131045e-01
4.614119235489801962e-01 8.871860215348471579e-01
9.875253301036014397e-01 1.574602248308221986e-01
-0.000000000000000000e+00 1.000000000000000000e+00
5.069479097262942213e-01 8.619766915782242078e-01
9.501329125026086730e-01 3.118452317726058687e-01
-0.000000000000000000e+00 1.000000000000000000e+00
5.686682722662928652e-02 9.983817726507113743e-01
8.320678482546826904e-02 9.965323030183257380e-01
2.416905611426572315e-02 9.997078856978900419e-01
8.833852341732431057e-01 4.686475520523757932e-01
5.038546754810602213e-01 8.637884382161384877e-01
9.999792248789944882e-01 6.445914241234183308e-03
6.684841723589873830e-01 7.437263685694622817e-01
7.743860402100211093e-01 6.327134112122513310e-01
9.651298794121099256e-01 2.617714955184506920e-01
4.843274548617680642e-02 9.988264459678024565e-01
9.990256475427806704e-01 4.413338364240665390e-02
8.574922288512447643e-01 5.144969168612426591e-01
7.767723153093787358e-01 6.297815257443705184e-01
1.084693847761242641e-01 9.940997900443844237e-01
1.000000000000000000e+00 -0.000000000000000000e+00
1.225276122755022123e-01 9.924651047921354552e-01
9.418594298768035999e-01 3.360071641381214280e-01
9.894521190891933937e-01 1.448602914186800927e-01
9.479901680621700688e-01 3.182996092637542795e-01
8.240021428086551358e-01 5.665866823767964355e-01
1.000000000000000000e+00 -0.000000000000000000e+00
3.930466780908804525e-01 9.195185201189390867e-01
4.003721289520348892e-01 9.163526386486893216e-01
2.953755695260415481e-01 9.553812186384902372e-01
3.479833792705199630e-02 9.993943544354824127e-01
1.000000000000000000e+00 -0.000000000000000000e+00
7.377279693757964329e-01 6.750980989461190518e-01
1.320888279563397771e-01 9.912378834210890943e-01
2.153741851054369050e-01 9.765315972308162840e-01
4.484026325157936532e-01 8.938316839052563578e-01
9.790780611792169186e-01 2.034850120218825997e-01
6.810871476129156527e-03 9.999768057458809922e-01
2.825919642113292052e-01 9.592402106684138063e-01
6.418805335530747280e-01 7.668046561188972543e-01
9.999992996813096280e-01 1.183485061283980674e-03
7.364351890456432015e-01 6.765081021948723405e-01
-0.000000000000000000e+00 1.000000000000000000e+00
3.753809870472331056e-01 9.268706029233233501e-01
3.942391333641970252e-02 9.992225753340656658e-01
5.671466412241460420e-01 8.236168328465426347e-01
2.316883311182977301e-01 9.727900684236132633e-01
-0.000000000000000000e+00 1.000000000000000000e+00
9.999710072041033682e-01 7.614771908011136112e-03
8.421495688732578699e-01 5.392440112292263832e-01
9.307085732545129497e-01 3.657616049704355277e-01
6.946446227332703227e-01 7.193530761091889714e-01
6.967986652647260026e-01 7.172667705151943851e-01
1.000000000000000000e+00 -0.000000000000000000e+00
5.036442381916350630e-01 8.639111536126662383e-01
-0.000000000000000000e+00 1.000000000000000000e+00
4.313302910963134895e-01 9.021940921901281385e-01
9.260512288576200346e-01 3.773978292614994512e-01
5.260472938296885115e-01 8.504553160833678849e-01
1.170111216897655598e-01 9.931306044025141055e-01
9.623922220159648599e-01 2.716637830171219625e-01
6.459102038483158781e-01 7.634133929691219178e-01
7.246155630347708154e-01 6.891533108153817810e-01
3.622047568348633062e-01 9.320985538698135509e-01
