2.213850879996253074e-01 6.565829638623842390e-01 2.581875504373691843e-01 6.342471801812736565e-02 1.599180230725237269e-03 2.323164811011153158e-03 3.215659482609540820e-01 1.226179243222808440e-01 2.690282165219730626e-01 5.083109266161243145e-01
1.810270982099683734e-01 3.429771474209342141e-02 2.819240798333267906e-01 6.096670928162569725e-01 -0.000000000000000000e+00 -0.000000000000000000e+00 1.758399733756698669e-01 4.430063560110706899e-01 5.320029511640066433e-01 6.838302328851521283e-02
3.456361427555640440e-03 2.611058964555809103e-01 5.802707573098232485e-01 2.637752760563398247e-01 2.716433654238303592e-03 2.243010333886261698e-01 3.819161441611259450e-02 2.411544388852944198e-01 4.233124487095185629e-02 6.432696842422914729e-01
7.301351542963849250e-02 3.765446592563184702e-02 1.264179446612359061e-04 2.798698327560250054e-01 6.244963411269522924e-01 8.289934480965464869e-02 4.945717768441509343e-01 3.394295843837802917e-01 3.977968851506157866e-01 -0.000000000000000000e+00
4.005669498793346661e-01 5.894814534829516672e-01 8.533247485832756718e-03 3.875378572482619521e-01 1.512204246688521889e-03 8.623687891829460994e-02 4.854924242804808943e-01 9.822781354291842959e-02 1.479197588196519697e-01 2.590914685339664736e-01
3.214809933305299849e-01 4.499166493768855246e-02 2.756891731498848364e-01 2.072018358495960333e-01 3.987603930278125347e-02 5.025354785550472103e-01 3.113456766443125634e-01 6.433708548413945294e-02 5.277246589107258412e-01 3.768128020233299513e-01
1.988090332294409346e-01 2.626690421934992914e-01 1.649183813418854672e-01 4.153016734581032043e-01 6.849049209227238144e-01 2.823152385971362532e-01 1.478800174083480523e-02 2.306535649714891445e-01 7.906858633611806020e-02 2.886834807794511071e-01
1.854241385241768292e-01 5.859318922841429966e-01 1.409947044433007557e-01 4.496294692212378652e-01 4.187123559136367024e-01 1.946551479902840498e-01 3.866932819160466828e-01 1.936597218118043529e-01 3.012305346061425453e-03 1.429512879874348373e-04
3.904917503737174167e-01 3.069479055184758942e-01 4.095180614574423505e-01 2.238038377857629047e-01 5.626733524710355594e-01 6.032420639220159586e-03 3.103375991968486680e-01 3.499693961228521610e-01 5.305780937808262862e-03 7.220043726535537235e-03
3.625549943827663640e-03 4.261903833189549240e-01 -0.000000000000000000e+00 4.688232027170641247e-01 1.901232284811341655e-01 4.129431379376433120e-01 -0.000000000000000000e+00 3.119525330866443347e-01 5.427431778208831048e-01 -0.000000000000000000e+00
4.324059692776044961e-01 1.441503510664629284e-01 4.508834475822525167e-01 1.645601076561092335e-01 5.461791099303699723e-04 7.947828973320403279e-02 6.840211689203766765e-01 1.044456158946710789e-01 2.365854168934024560e-01 1.441743359169269934e-01
3.609056912416822582e-01 2.594343429546551727e-01 3.511622686833760221e-01 -0.000000000000000000e+00 1.465651321005110863e-01 3.308819204624705579e-01 4.033389924109184177e-01 2.486634136101974202e-01 5.478359197977241690e-01 1.533680229176603016e-01
2.647103026527491965e-01 3.452773601074687337e-01 -0.000000000000000000e+00 4.972597132056054137e-01 4.117513414744622922e-03 4.401408183431488874e-01 3.079311684789364043e-03 1.729085428967848392e-01 4.690068210054409992e-01 3.461641799552894194e-01
7.032285433594605284e-02 7.237754983153585342e-02 -0.000000000000000000e+00 3.501852383420917536e-01 1.531870025520314649e-01 5.332209616205304398e-02 6.557524860111283438e-01 1.251587750547029643e-01 4.705838557786878318e-01 4.168354284285635813e-01
3.628154758829914978e-02 7.841627301244921688e-03 -0.000000000000000000e+00 5.589946505386561744e-03 3.339628209341010123e-01 6.182866763014099876e-01 4.356544380576787834e-01 1.224911343273007470e-02 3.972757737025350844e-03 5.610888680436901810e-01
2.012475767129290050e-01 4.434410448792486803e-01 4.337702905092536976e-01 4.590156161749219810e-01 4.966029689747069459e-02 4.365405477988769656e-01 3.336991425672573564e-01 9.968393584002864516e-02 2.222940307106401336e-01 1.634062109881135108e-02
3.981381486945126946e-01 9.174615697080518422e-04 1.213764684998060867e-02 4.231289929615436596e-01 1.284157922302671265e-03 5.442256822997851851e-01 8.275528807522071484e-02 8.355552370405026907e-02 3.050096873170561884e-01 5.091714747737878799e-01
1.349032985389202466e-01 7.353640897193718384e-01 1.623096884529826034e-01 1.857501994852756300e-01 3.288717905637239536e-01 1.287725565485543511e-01 1.196027654912398541e-01 3.240665811881103253e-01 2.350461158898424496e-01 2.844002653310124806e-01
3.849670116210310170e-04 8.434601492596534300e-02 3.668049014370577954e-01 -0.000000000000000000e+00 -0.000000000000000000e+00 1.263951521684942886e-04 3.381892816313539774e-01 8.975306056336093685e-02 6.291489289964207528e-04 8.578529897093838397e-01
2.268898700557967218e-01 2.884419184746340736e-01 4.306346482372720996e-01 -0.000000000000000000e+00 2.977268299237488258e-01 7.117706817333446789e-02 1.978955880775189469e-01 4.004607869530688730e-02 2.965165107805234901e-01 6.763728355095485201e-01
3.229664036830391938e-01 6.486520350454385575e-01 2.933030293880424244e-01 1.872443269313968650e-01 3.239465915438992649e-01 5.376173845316074146e-02 1.390914354509943940e-01 2.833959912928742386e-01 1.290012438428567443e-01 3.601713197953877454e-01
5.524350320382862556e-01 3.292732602660303765e-01 -0.000000000000000000e+00 4.606527826959129768e-01 1.325371195022947805e-02 -0.000000000000000000e+00 1.397967109102631056e-01 2.051408375275660390e-01 4.219541418030664515e-01 3.665335277666802449e-01
3.846374152506884352e-03 7.163057620716371809e-02 6.718535082403771785e-02 8.701591163172003318e-01 2.708008869584992429e-01 6.946830276970499245e-04 8.624439390469303135e-02 6.232679180981615628e-03 3.885266886970187850e-01 3.741623071848324683e-02
1.519847588290909211e-03 2.754397003524234888e-01 4.126061409136219660e-01 6.443425481551433576e-01 4.245423534804987353e-01 2.880671414768793404e-01 1.214003762672415977e-02 1.714461669362343510e-01 6.995204125942647289e-02 2.026232217834220140e-01
3.020698482074330449e-01 3.048299659272858952e-01 2.593255709389100019e-03 7.637869883256336034e-02 1.589942984307521345e-03 1.521181234470569688e-01 2.006288414559160571e-01 4.193257940809646533e-01 2.057500656223143487e-01 7.269322345014491704e-01
2.180940271332213742e-01 3.731364130798741074e-01 2.936456269552104037e-01 -0.000000000000000000e+00 2.520517844384427292e-03 7.921140205110944743e-01 8.967939176186497975e-04 1.887800986460385078e-01 2.527519836266157727e-01 1.785699022360134110e-03
2.978989429751569429e-04 4.129411996043151345e-01 3.781386040436243157e-01 7.047155211864056246e-02 1.672889847580213696e-01 4.286024221674252996e-03 2.477588375103674523e-01 3.183768988907022535e-01 3.364831063468492478e-01 6.144520215654964979e-01
5.775972261026240950e-01 1.149495907156314473e-01 6.501206883829567795e-01 4.039663502997237199e-01 9.374137094645998772e-03 -0.000000000000000000e+00 9.573544025509020394e-02 2.061678350995035242e-02 1.703411895386741925e-01 1.691980873769046156e-01
1.300696454848598027e-01 -0.000000000000000000e+00 2.924640955037993151e-01 3.224940524763127842e-02 1.003027138960025239e-01 7.281092933684353286e-01 2.503331427622554894e-01 4.512534307732213867e-01 2.420698677824625888e-01 1.772249318897507753e-01
1.362926082221316559e-01 3.539780808604002793e-01 5.482642424768018330e-01 3.210015321857058179e-01 1.569327302942683010e-03 2.900096941968486330e-01 1.719981712702801924e-02 2.648751774974176035e-02 3.826832667976880903e-02 6.049117351491994921e-01
4.919592201845700979e-02 3.991771536387650476e-01 2.516126011807749974e-01 1.302452514195207023e-01 1.492537956156076350e-03 3.414834515692061201e-01 5.534981562699187174e-01 2.179139496648295482e-01 5.361947042459703772e-01 -0.000000000000000000e+00
3.098025984323557903e-03 4.393093116678519101e-03 1.693668591783665861e-03 9.817607456726330784e-02 1.704688040373164293e-01 4.172780656879473277e-02 9.334998612191197642e-01 2.481934354830658829e-01 -0.000000000000000000e+00 1.628093901873439164e-01
2.480922420471706746e-01 5.838665689136844916e-01 -0.000000000000000000e+00 4.167584676754748814e-03 2.934065807674113291e-01 1.970937336616494784e-01 4.431506957483550280e-01 5.155629306728540806e-01 -0.000000000000000000e+00 1.020375630166958508e-01
2.167965550284464971e-01 6.414373909739088872e-03 4.992075972905398173e-01 4.065277616209104217e-01 -0.000000000000000000e+00 6.872723787702941234e-01 1.792067255404464904e-02 1.927225881464116330e-01 1.635593350395055379e-01 4.389690408511632419e-02
4.307104047343047748e-01 4.043752890785767828e-01 2.897814334008010917e-01 2.743495520415662470e-01 1.204979612747473887e-02 4.489531415064036690e-02 5.294621571632168689e-04 4.861121825914966332e-01 1.811364250944828141e-02 5.029254335670396703e-01
2.445580811275987199e-01 7.284375332841212802e-02 1.236362802379210590e-01 2.661549423528043468e-01 8.751858513193518443e-03 9.376769167016602013e-03 8.899233332602682900e-01 1.488856018519527959e-02 7.838149056676521620e-02 2.242038452613003829e-01
1.509779030357532303e-01 -0.000000000000000000e+00 4.331497759411325754e-01 3.692613285317099259e-02 3.280988734253117989e-02 4.579884149605395471e-01 4.011320435345021584e-01 4.832734596260638282e-01 3.902213284035686569e-01 1.751019414339262947e-01
2.898736277906189263e-01 3.343035086255016081e-02 2.771900004736663203e-01 4.502488651715438883e-01 9.620025709230130284e-02 2.331025069332516020e-01 5.636510335892668255e-01 5.029567650667908854e-03 4.307915396701673671e-01 2.615281084898373742e-01
7.836200525216797663e-01 2.078209891057475056e-01 5.410525450205458213e-03 2.670305088165936813e-01 7.796710028349163393e-04 2.501185138872330255e-03 1.079712847793361796e-01 7.241228421577683427e-02 2.801759749438985092e-01 4.195339144295129885e-01
3.735613545118549594e-01 2.458704178365798687e-01 5.671894478180120602e-01 5.498422572171932643e-01 1.279066207449302672e-03 4.744062191466641432e-03 1.876324645544308611e-01 1.439687668132843823e-01 2.944327989412353630e-01 1.825418081126000402e-01
3.142586342616838779e-01 1.811825455076047642e-01 8.855661850165126581e-02 3.679507851412344155e-01 7.971835929206244620e-01 1.757803328023607170e-01 4.614814781248903486e-02 1.518496549195988976e-01 1.742378213603629489e-01 5.689593279657972208e-02
5.872868744095444127e-01 2.433283761991214267e-01 3.235693774212852758e-01 3.063652528771150241e-01 6.622468603463788767e-03 2.828602547334150077e-02 5.509439885864689940e-02 2.880027750375604434e-01 5.572012154487504532e-01 5.520531435604976965e-03
4.023443852892084061e-01 3.942007864689970331e-01 4.627228312799757520e-02 1.221084704503979657e-01 7.156581985492365128e-01 2.162283718847194114e-01 2.052345551485092179e-01 2.330041308404881550e-01 1.663983683016112894e-02 1.003131850143978709e-01
7.626565432719931703e-01 4.455578119088225986e-01 2.715498418769298206e-01 9.671971261587023437e-04 1.765953681538572906e-01 8.936719227444285540e-02 2.702205453353613215e-02 1.405314703176318847e-01 3.285739453864097975e-03 2.939906127493686627e-01
2.264748844650376902e-01 1.464416556234660605e-01 -0.000000000000000000e+00 4.656035778546531168e-01 5.528450993975976904e-03 1.919888890204355346e-03 5.599119691422517198e-01 6.299576877980384015e-01 7.296520625239173719e-03 6.456464370652030202e-03
3.860197624214127543e-03 3.941368441786548271e-02 6.319925303688178619e-01 3.573847749662207307e-01 4.554068534329927184e-03 7.305133569650321124e-02 3.512926043048421147e-03 3.181722579638428527e-01 5.296998076135996623e-03 6.038725053951390365e-01
2.185112172418291754e-01 -0.000000000000000000e+00 5.653189227466114825e-03 6.094771421816657098e-01 2.907031486960245381e-01 2.444958853109538421e-03 6.687106072310219362e-01 3.161894093776655441e-03 2.214537802024010849e-01 4.307377400495157257e-03
5.800697747791700998e-01 1.298185327153176735e-02 2.615529533609976462e-02 2.919060790213168222e-01 3.423004466509539934e-01 4.567979882306526934e-02 2.509477162319846966e-01 6.739225320452391088e-02 4.283192570058715898e-01 4.552221124193219226e-01
9.877429441739928040e-02 3.787290626941568483e-01 1.361075988213953092e-01 4.750583176060036439e-01 1.347878671148178553e-01 8.649577810850800352e-02 1.213947960373366192e-01 4.150366969515140864e-02 7.425449957815115631e-01 9.550205041957886276e-02
3.695736554974451415e-01 1.809074026234107346e-01 4.170228569991277223e-01 4.184022685661817897e-01 1.830922204753700211e-02 3.392830849195889453e-02 2.156634642969325333e-01 3.179626598868710574e-01 5.738338628046433243e-01 5.776383377137089131e-02
5.666872598712014569e-02 1.254844353597473318e-03 4.735798901709923486e-02 4.557303939896357736e-01 5.646046152269962315e-01 1.697564292809699768e-02 4.490932295711382027e-03 5.737177862845419529e-01 1.052496665677453286e-01 3.571243574131624521e-01
1.156938795472127052e-01 4.748963283365197352e-01 5.499040597168423916e-02 5.739552595327626072e-01 4.709380759037684050e-01 3.608005887329572281e-01 1.384588545928483461e-02 1.411159659432675573e-01 2.154184089833328652e-01 1.008442729677821864e-01
1.670560517680193952e-02 2.431448779428750651e-01 9.393390158557730907e-02 8.755720297248839601e-02 7.029109183626441881e-01 1.946838814642217197e-01 2.895349288134088095e-01 2.658232690673174581e-01 1.119159809479640527e-01 4.744559035345748410e-01
7.407239920795910537e-01 4.105913721672113659e-03 3.662944917887622220e-01 3.589597993730199166e-01 2.103063603481228616e-01 1.218700425589188674e-01 3.564036986679020719e-02 9.315309332864954439e-02 2.764410341069436713e-02 3.442300292812525697e-01
4.439197118558166899e-01 1.976132592149157097e-01 6.233511627940921951e-01 2.457006522215571809e-01 3.415556933366804566e-03 2.996609990840194970e-01 2.370721118629949206e-02 1.764145994996786093e-01 4.299174263773250515e-01 9.288320551368560440e-02
1.672573976531957218e-01 1.352081262576393939e-01 2.773845739202469018e-01 7.887772864952673491e-01 3.742861075896166626e-03 4.030806327489480090e-01 2.623284804709367316e-03 1.708312599012420108e-01 2.508478483927603087e-01 5.391331209416466881e-03
4.318608095901489419e-01 2.024988473645148168e-01 1.580141730870517902e-01 1.882232791452225495e-01 3.789543488779807401e-01 2.525203104453506344e-03 1.171973123435431363e-01 7.878621998235768066e-04 3.368786221984102890e-03 7.448046868779496510e-01
7.092533541754801607e-02 -0.000000000000000000e+00 5.101790255309237576e-01 3.039719531414297043e-02 7.091607184975470268e-01 2.034025953019187039e-01 3.817210486567046979e-01 1.393480259049170167e-01 1.412946980305041789e-01 6.624504346019359502e-02
3.877128099149333984e-01 3.301455775834799544e-01 5.317081200193527098e-03 2.855427750402169118e-01 -0.000000000000000000e+00 4.268746130903695035e-01 3.125384945029103800e-01 5.996049322320581298e-01 1.399832506628427287e-01 9.802848026670432646e-03
3.239381806042705980e-01 1.509782357806725150e-01 1.002925967459971923e-01 4.057417014240505271e-03 -0.000000000000000000e+00 -0.000000000000000000e+00 7.550249149031952323e-01 1.464501560005542213e-01 2.222964643248425687e-01 4.703919339274199030e-01
4.559226500026137240e-03 4.257597471404861444e-01 5.927651730973737543e-01 6.113526510354966303e-01 -0.000000000000000000e+00 1.396939869843456528e-01 1.218845879526002651e-01 2.049095355821746109e-03 3.561822526974906672e-02 2.407116890809425647e-01
6.718894235454695441e-01 6.064827538030986842e-01 1.861769647096807312e-01 2.760961574217020154e-01 2.437530677505229948e-01 6.022211933336506923e-02 4.291239686664430342e-02 7.017715192259758872e-02 5.741257964827083289e-03 3.285017654150179656e-03
3.538329753332810079e-01 2.597571614050249167e-01 7.131086943898788666e-02 3.143166985294631455e-01 2.139864289072643533e-01 -0.000000000000000000e+00 1.140015649831353922e-01 6.302588774699844354e-01 4.974263928589663375e-01 1.548571438621038684e-03
3.363422664620402402e-01 2.828920840539774773e-01 4.121783137395156893e-01 4.518230580994447299e-01 1.677864420485828123e-01 1.205502633984288684e-03 1.103639024324844786e-01 4.285600614328103908e-01 2.146416436016108931e-01 4.034132058670681364e-01
1.500568983209237262e-01 1.129348207205659559e-02 1.445440101801000743e-01 5.220534302181628616e-01 8.082762842208064402e-01 -0.000000000000000000e+00 1.747820946312854951e-01 6.599789360148023386e-03 3.747318992732881493e-03 2.387004560481187365e-03
7.788489019431815534e-03 1.901384970181945744e-01 1.960131832091623616e-01 8.508085476201905362e-01 9.299561816397639014e-02 3.276786062006317723e-01 -0.000000000000000000e+00 5.176512919852922778e-02 2.877312220369218632e-01 -0.000000000000000000e+00
5.738647313591275709e-03 6.147868142556380811e-01 7.760944235749275832e-02 2.256843066484252175e-02 3.813758506860311370e-01 8.507717762597484870e-03 1.452301077550357811e-01 2.399548558948434718e-01 2.971978277555940573e-01 5.504135669675840337e-01
3.162264603893259474e-01 7.871477287208157592e-02 4.523483195986841010e-02 4.389623348047050344e-01 3.631284641283337722e-01 2.127791493767408892e-01 2.152562906251863362e-01 3.864633357360305332e-01 4.659308545846384542e-01 3.303826557737271075e-01
4.791226573221996771e-02 1.749915548758270156e-01 4.695643001708919573e-01 7.337007966823075877e-01 2.119039100007386323e-01 2.746949784329872357e-01 2.358800238859809408e-03 2.818855764713741330e-01 9.190478577733655896e-02 1.658133730670122499e-03
1.516323985466291324e-01 3.306378422312074017e-01 5.096901243145290396e-03 3.453811802211750881e-01 -0.000000000000000000e+00 3.080659885071939663e-01 3.277713883711055876e-01 3.472866411958008270e-01 5.488788115700100612e-01 3.523597560579658228e-01
-0.000000000000000000e+00 2.552752458371334091e-02 3.508634376032221946e-01 2.866730805147596484e-01 3.513601600914692535e-01 8.569553636340645694e-03 6.763632433623797567e-04 6.797722380044535218e-01 4.187021064712466711e-01 1.820223398617523414e-01
1.760231130367802821e-01 3.729629591246984011e-01 3.534000802904369021e-01 7.392149371125697477e-02 7.140271334605294978e-03 2.661393703088367133e-02 6.176580226239734017e-01 5.509558746976136456e-01 -0.000000000000000000e+00 1.172407647595913455e-01
1.727301631133629500e-01 3.956965801772960312e-03 4.400170714216606882e-01 3.013180250756818945e-01 4.443885564364763972e-03 4.784994262022866374e-01 6.072024311493671167e-01 2.067786271574021673e-01 1.220998744786455092e-01 1.743531944334293093e-01
3.441052226297047073e-02 4.437005393689659183e-01 1.385382873732124709e-01 -0.000000000000000000e+00 4.177286831767789699e-01 5.161699055013904136e-01 3.343889042563633618e-01 4.784488284751290954e-01 2.462395828964968059e-02 2.210669758716056824e-02
1.704702148816152341e-01 5.665727283475502363e-01 8.461891509544267054e-03 -0.000000000000000000e+00 4.439500204946926210e-01 1.289638825969958158e-01 6.380017227800089952e-01 2.158023820800996501e-02 1.691272146724591974e-01 4.941894084457194337e-03
2.264868845968216748e-01 8.789602771101445375e-03 3.542647103554578264e-02 2.867421294267393228e-01 3.034528994760979630e-03 3.140320199006815249e-01 6.449767978224106857e-01 5.249748437572526738e-01 2.737057539413081386e-01 4.066498940646568437e-03
8.238327508667366017e-02 5.018109977196822946e-01 3.610214150809587519e-01 1.315547705644630194e-01 1.633697012799941728e-01 6.102227741866300681e-01 2.244328404799501853e-01 3.317294914462581290e-01 9.244098358171401464e-03 1.849164583814961460e-01
-0.000000000000000000e+00 2.245209417892963799e-01 5.083364694656498095e-01 8.635184194954950709e-02 1.316878660721668148e-01 1.078707818782057432e-01 -0.000000000000000000e+00 5.010019953252483997e-03 3.998222152470241354e-03 8.091408123232921579e-01
1.505232613510635309e-01 2.908986815716240182e-01 6.110722981752294419e-02 2.238036578623441297e-01 6.181878175026038758e-01 2.035669231194786877e-01 3.814675914607470325e-02 2.156508161479512575e-01 3.077327767662781377e-01 5.221522311660835580e-01
3.175188260783713690e-02 5.296650613401818891e-03 2.766469498520572889e-01 2.554412933442533618e-01 7.929719317192372996e-01 1.608155757963854009e-03 5.507629711692505273e-03 1.156156661897636828e-01 4.216176983109098386e-01 1.929095741358947402e-01
6.972325711289129035e-01 8.211008350292708577e-03 2.287392457422414704e-01 2.083793015825582615e-02 8.044188523193539567e-03 2.531739679981615532e-01 5.539508182108930645e-02 4.638016714008872943e-01 2.511908596916392900e-01 3.400062333326399067e-01
7.096765083233703975e-02 3.957148977087914243e-01 3.651133202575913006e-01 2.963063903214709360e-01 -0.000000000000000000e+00 8.366512249853633437e-04 1.076394700410245042e-02 6.283734224181498629e-01 1.160841033190392058e-02 4.713423627889669620e-01
1.808473452532444736e-01 1.442461312103835436e-01 1.466177683464456871e-01 5.495865199046894300e-01 5.145438441405105617e-03 5.455274936024546717e-01 3.702240596465425915e-01 2.437236725079626742e-01 1.778516712579489845e-01 3.118014702109976333e-01
-0.000000000000000000e+00 3.051204458692890163e-03 2.567981702204050198e-01 2.584680904127590328e-01 2.528422603232148291e-01 4.640926602106581478e-01 3.879131458353827621e-04 5.652427826094433838e-01 3.768174645297728831e-01 3.555804760544445942e-01
3.145032003729900105e-01 2.566670110783317305e-01 4.627416172579698062e-01 6.094799736966294984e-03 3.348732258886436552e-01 2.371777482291775874e-02 2.289835277815101544e-01 3.469049387867346734e-01 5.767783853007069084e-01 5.376265333208157804e-02
3.349808215256541710e-01 3.692665870915767812e-01 1.693024718469835765e-01 2.625216114835566272e-01 4.047828740532992131e-01 2.621022393559085395e-01 1.528289850664991401e-01 2.665063928847858921e-01 3.792196162716955365e-01 4.279164414998746224e-01
7.918074466862582220e-03 3.117951219137509167e-01 7.101154252876783479e-01 1.601788633607850905e-03 -0.000000000000000000e+00 1.184567802684183269e-02 4.494156928346652591e-01 3.333682868717339765e-01 2.918996802729096895e-01 -0.000000000000000000e+00
3.211855907993408921e-01 1.354021182245521704e-01 3.540264321363942868e-01 6.288233730274543631e-02 3.749045080340638325e-01 5.419328789681834291e-01 1.787112643728991646e-01 4.585797659743891530e-01 2.697024308505945878e-01 1.587913377009800048e-04
4.041725401592904943e-02 1.447940908895064063e-02 1.319202200104078737e-01 6.218559461301564895e-01 2.442808919654777811e-01 5.568509257306688554e-01 3.574969755058944321e-01 2.458832123132144998e-01 1.838835205627996072e-01 4.708642809526900758e-02
3.991772350074209164e-01 3.381410500932310326e-01 5.139573735155323897e-01 1.000425349171959674e-02 1.264626806326036301e-01 2.299001119062817934e-03 1.128056679621347036e-01 1.416776392092706227e-01 4.052765066425546014e-01 4.990201242466568154e-01
7.669196617288503992e-02 4.681297186552256517e-02 1.481499487106880952e-01 3.294337869763147575e-01 7.025130670549385448e-01 4.709284168932195008e-02 1.809078600706371109e-01 4.837465538000498833e-01 2.569197511404073264e-01 1.815581859597549530e-01
5.465050659751004014e-01 2.841689773933585572e-01 2.808022047074987815e-01 4.385065402363077514e-01 -0.000000000000000000e+00 2.093158206986632519e-01 3.186790539976103176e-02 2.901712674215620735e-01 3.845016285884459428e-01 2.693933891888024013e-01
7.818979292468815345e-02 1.044971241422286423e-01 2.799986351684563557e-01 2.897847518353089957e-01 1.745208707430806749e-01 5.585184302099076570e-01 3.941260846780149651e-01 4.478613289272368424e-03 -0.000000000000000000e+00 5.681870021623768308e-01
2.221708118687525657e-01 1.627434059501381147e-01 4.512873549315142840e-01 4.457445580629987303e-01 1.616156168217835164e-03 2.042160316987821911e-01 5.820055887853152754e-01 3.025238241014184277e-03 3.759554075633360637e-01 4.159438187905649051e-03
5.645261115369022420e-01 5.286093182933770084e-03 1.225854515588090943e-01 2.634444633670947611e-01 -0.000000000000000000e+00 3.557434044827182951e-01 1.907356055229218472e-01 1.602437596468012093e-01 5.925515154850785615e-01 2.390049086162814307e-01
6.853737728905325011e-02 3.439011329937866623e-01 9.132535130566593606e-02 2.288972386189988273e-01 6.497115851632386495e-03 -0.000000000000000000e+00 -0.000000000000000000e+00 7.874480976123341552e-03 6.864564524697077674e-01 5.873446108538774579e-01
1.687470056958544073e-01 1.319699280884019388e-01 8.997159039256873159e-02 1.964606836415680735e-01 2.645868160375148929e-03 6.831463339393061274e-01 4.246546467235468025e-01 1.375728168222807302e-01 4.913283730644779079e-01 7.704905632446901013e-03
-0.000000000000000000e+00 1.072480119258063498e-03 5.357224366705888308e-01 6.744707741324063727e-03 5.191472395688060404e-01 1.377603177063160302e-02 3.495767425352826474e-01 4.124446952320950377e-01 2.462447481146720976e-03 3.884978828180093435e-01
4.117085864469478135e-02 4.097343838324111753e-01 1.459920845643183640e-01 5.217611149008506422e-01 3.277639755785576644e-03 3.808472601879612784e-01 1.786823696886007768e-03 1.561874590269303129e-02 1.477451167275743715e-01 6.080651357638690024e-01
6.191856026457813293e-03 3.385206439552183588e-01 4.694134951858372484e-03 3.454362423274925931e-02 7.691861217335069778e-01 -0.000000000000000000e+00 8.001411233149331378e-03 3.073742020930804730e-01 4.448713000512986016e-01 7.032175066546355983e-03
4.932271432642029163e-01 2.220796958134921284e-01 3.599997601120552004e-01 5.769052352204161460e-01 9.895889341206991208e-02 1.349017694698052654e-02 1.597329805686146242e-01 1.340135510419370249e-02 4.091247682135359387e-01 2.047827417635953995e-01
5.079556688318235137e-04 7.470263170140145625e-01 5.550407673478597800e-03 4.497459520829622526e-01 4.858078370695745885e-01 2.739952575233177770e-02 5.032278618589228507e-04 4.032031268467796414e-02 1.508558961047354666e-03 3.550985857593007278e-02
4.878909800560115445e-02 2.756501584738772011e-04 4.371076798744550906e-01 3.927390956012251633e-01 3.772259400743649960e-01 4.080198765559638896e-01 1.527987993419175905e-01 1.055663700567887053e-01 -0.000000000000000000e+00 5.559146209777736658e-01
1.647603932004658434e-01 4.825972958269449387e-01 5.978302324096592679e-01 3.062883019055460121e-01 1.519292225050521139e-01 3.474644196245196270e-01 1.007573356938005205e-01 2.932810556860367956e-01 1.095760314729361251e-01 1.917123253105987302e-01
4.608877069284543215e-01 1.688233694855080236e-01 1.018486109320676687e-02 3.496925403885736694e-01 1.964619762397088257e-02 3.247709602880927138e-01 2.681974451006778268e-02 3.780654578600672888e-01 3.924369474094890897e-01 4.828777182442289817e-01
1.556260658083094273e-01 3.475650250435430300e-01 5.499601971364948688e-02 8.476747189930927684e-02 6.168097125297555827e-01 1.733663421845874353e-01 3.593059028395811233e-02 3.614868538867312964e-01 2.142323513223907960e-01 5.063591919312424583e-01
2.547993773578856591e-01 2.892230888778260707e-04 9.502017741138878149e-02 6.446449381049141063e-05 -0.000000000000000000e+00 3.758870262581843202e-01 4.482928906814419995e-02 8.378382244680654400e-01 1.779655041182960683e-03 2.842034063089916018e-01
4.694676365003720986e-01 2.719546902842884251e-01 1.747139803979965988e-01 1.163000009953857588e-03 3.911219431884746522e-01 2.090841934890686482e-01 3.791824875977208853e-01 5.706611468823432620e-01 9.242920863803001652e-02 2.110025387938309349e-02
-0.000000000000000000e+00 3.076246101289883406e-01 4.902829682782184340e-01 2.516037074769967297e-01 4.937472958222169916e-01 2.259517550829302224e-01 1.693101793085303175e-01 -0.000000000000000000e+00 4.449800535034043047e-01 2.831457434836870402e-01
1.583534020202036164e-03 -0.000000000000000000e+00 2.387284692274862508e-01 3.837926098252055773e-01 2.495050672507634348e-01 4.635021315194017832e-01 2.759477741413390861e-01 3.283592224624397593e-01 5.292219769209436375e-01 2.336227400130806431e-01
2.586025509657688404e-01 5.316321653101566680e-01 4.720807773810601904e-01 -0.000000000000000000e+00 2.276845934614084473e-03 3.819524375008620520e-01 1.646179429705752206e-01 4.477206015730930133e-01 2.327606477534573948e-01 2.920473458267361377e-03
4.246984614419661574e-01 5.409165723591129460e-01 1.472101055031978800e-01 2.963810698122793519e-01 2.338812246020096144e-02 1.812118463422494538e-02 4.709419406199439884e-01 3.855281449554762152e-02 3.013190418808670001e-01 3.202916598127242276e-01
1.984400895806057163e-01 -0.000000000000000000e+00 3.861022866794064923e-01 6.404867181669456899e-01 1.296008329379328685e-03 4.539808358900127711e-03 3.498766625516103179e-01 2.734802012372776481e-02 1.693960848816442877e-01 4.994440936143046961e-01
2.311365686643876982e-01 2.157177192766221441e-01 3.261342581730210521e-01 2.672090181306731038e-01 2.209113766713829974e-01 9.975998118547513283e-02 4.774137845852622353e-01 -0.000000000000000000e+00 4.276365218611247188e-01 5.027193369677009915e-01
1.400761575070263720e-01 3.546882037327916404e-01 2.212418539739663681e-01 3.229407017925549073e-01 7.430911021352112344e-01 5.819354528393913539e-02 -0.000000000000000000e+00 3.288506410267288960e-01 1.924462051017017117e-01 2.423082045232808832e-02
4.292094299088480835e-01 3.992832136001523424e-01 1.969498798843752618e-01 1.743247298743799412e-01 6.016108492054941248e-01 4.192694203800428343e-01 1.148916801693269235e-01 1.870270045779012791e-01 2.974116208369420589e-02 1.968801409580551998e-02
5.690271208967974115e-01 7.697013550260491110e-02 8.108222424415617580e-02 1.438659109125745572e-01 7.294641769693737121e-01 2.383262539285371240e-01 1.518005180543172405e-01 1.296753898032858808e-02 4.192983684283107561e-03 1.756857485949567255e-01
1.773060682290858170e-01 1.397742075052099131e-01 3.700655426591866193e-01 4.184585457204483272e-01 -0.000000000000000000e+00 1.887673136576128452e-01 4.521257202106717527e-03 3.495947274511035929e-01 6.377634155661254800e-01 2.689934582233206584e-01
2.473373976968185339e-01 1.038332210218310091e-02 3.751561596317986025e-01 4.463418939431491178e-02 2.609660974372671749e-01 6.349641838394853854e-01 1.467105403681865372e-01 4.270169236874515328e-01 2.720829810960964656e-01 2.163391786218602231e-01
7.348106775724067008e-01 -0.000000000000000000e+00 3.954516893283715473e-01 2.248171619931154525e-02 5.569877589166406795e-02 4.181464882050259790e-01 4.776842260559961001e-02 2.501830976346933744e-01 -0.000000000000000000e+00 2.456492584871929896e-01
1.104100120244427022e-04 2.607390499401888162e-01 3.087910341412009041e-01 1.303854954875733330e-01 5.654111907571223172e-01 2.485720860770692653e-01 6.434525126646318816e-01 2.562315194938670146e-03 -0.000000000000000000e+00 1.553938780090943772e-01
6.983654624394751778e-03 2.002854054779566392e-02 3.658705928630887616e-01 7.575374263174231571e-01 3.846286581829662116e-03 3.412992780400450621e-01 1.149988750702515827e-01 2.727391621483852835e-01 2.629915524220150513e-01 1.361980306197769219e-01
1.853253632930277617e-01 4.802623856427366555e-01 3.261467793121514691e-01 3.983083604310569403e-01 4.428382775821312345e-01 3.700204338250115965e-01 7.937507482222093402e-02 1.553774034300721696e-01 2.937841427825711033e-02 3.250458217650563086e-01
2.969775772220478120e-03 4.205895079936189940e-01 1.071025541478051873e-01 -0.000000000000000000e+00 4.371563907394678816e-01 1.754890773806608295e-01 1.986224192614849393e-01 4.879027110260649724e-01 1.343955921577693335e-01 5.423656209578409104e-01
1.753550070727210863e-01 4.844930193802255425e-01 5.619828197766483235e-01 1.660067921751490483e-01 2.616090879939760548e-03 3.469306258218036315e-02 2.391628026860271872e-01 4.753688915880106558e-01 3.216051728945777954e-01 5.761442406497436358e-02
3.586921028629379560e-01 1.059999230785142570e-03 4.836519852744916581e-01 2.745751282092062651e-01 -0.000000000000000000e+00 1.642630454791589242e-02 5.273455261400515903e-01 4.906422856904197882e-01 6.550440040921938489e-02 1.965815389420269288e-01
5.881064504247408842e-02 5.184847496004822975e-01 6.286016431300807117e-01 3.514142796727615092e-01 9.596054348213468171e-03 1.030606721729147602e-04 3.385669549799744105e-01 2.056010677830778788e-02 1.589513431795930021e-01 2.620590112614905043e-01
8.140325104033171305e-03 6.617497168209043323e-01 2.044335928854953445e-03 5.398224836676082106e-01 1.247211379367347758e-02 4.024788245410333976e-01 2.780969736806717663e-01 -0.000000000000000000e+00 1.507965861878828306e-01 9.157652106034872008e-02
-0.000000000000000000e+00 2.886191445238650011e-01 3.312693579096273599e-01 2.101275330673330610e-01 3.969263891118265768e-03 4.228155712521919352e-01 3.787410533606751506e-01 5.882322641000232721e-01 3.074833030746171869e-01 3.048888923413469419e-03
7.716609254123995426e-03 4.042825751118032246e-03 1.061236309808908859e-02 1.774104378038675600e-01 1.361475314753712584e-01 -0.000000000000000000e+00 1.224940428400068670e-01 7.750791897345676862e-01 3.186296966766681837e-01 4.822068529037028539e-01
5.590845081920492628e-03 5.325067388386010153e-02 4.599431252806662207e-01 2.122779353775413880e-01 2.537759477046264145e-01 4.898579006277719583e-01 9.063724779754095406e-02 1.434531154914142452e-02 4.198743621702163420e-01 5.014430523405987161e-01
2.753820238373301255e-01 3.380038158032789841e-01 4.639882870245052443e-02 2.370946811861422351e-02 6.203166180764442261e-01 5.914739188838435968e-01 4.231594199208602025e-02 1.038791730443949929e-01 1.080321115595962583e-01 2.198103937887230519e-01
1.060389690373412380e-01 6.448452629888604126e-02 3.754495303587427890e-01 9.535392772883476142e-03 2.266486037974756174e-01 5.705756701365085615e-01 2.873053479551929690e-01 4.774860355611382778e-01 3.673403543747678635e-01 1.454022397515747633e-01
2.396285268573775940e-01 6.900124878565851161e-02 5.853680164866668922e-03 3.902476365486244880e-01 1.119090900718131970e-01 9.946578736717975877e-03 7.267513984402425020e-01 2.631113031201952612e-01 3.942206728965429452e-01 1.416398341081961665e-01
2.486799152964703774e-01 4.301034560238105597e-01 1.641150131264224044e-01 4.313857903195187915e-01 3.350397214517393252e-01 3.655369086648292409e-01 2.789860625886030412e-02 2.970983025798200122e-04 3.351979369706218348e-01 4.256018740874911721e-01
3.744523863024899479e-01 2.934784595652910055e-01 3.123490690013235385e-03 1.393001463807584488e-02 1.180790224682313622e-01 5.486644662953419349e-01 1.779108677815226247e-01 3.403153732737006828e-03 2.009798246670949640e-01 6.216268191496586715e-01
4.733506620317607383e-01 3.063443788533515288e-01 3.931955761008794070e-01 2.037034103863778201e-01 2.326207697261097329e-01 2.642546152620567912e-01 2.920026685045437609e-01 2.125226056550040821e-01 1.553297078633885178e-02 4.810185216037143885e-01
3.958802869063348107e-01 6.536100928408162813e-01 4.870450250791773239e-02 6.286391391318839859e-03 1.865502493825438660e-03 3.688254235128674008e-01 7.496766236461291713e-03 -0.000000000000000000e+00 2.871941936421311126e-01 4.416883722711642535e-01
2.154689921045326376e-02 5.369677808279472719e-01 2.190073797529394906e-01 1.057582679131630760e-01 3.585821458860866118e-01 8.936583578914503168e-02 6.197114785849529017e-01 2.026400022565825743e-01 1.383280814762081166e-02 3.003135829904720056e-01
2.661318937931979323e-02 6.168204454614397564e-02 3.344013198963912137e-01 1.510230631584098815e-01 7.190618538302146964e-03 5.959004809208575670e-01 4.117483238749192198e-01 5.606183482807107765e-01 1.446721383054417887e-01 3.075914134255570628e-02
1.724244418599808482e-01 4.308669783085823379e-01 2.757415217534415208e-01 3.037265838541653995e-01 9.555826566431283725e-03 1.067849820531903936e-02 6.173775125165405220e-02 5.150707082211625210e-01 5.373725939728798418e-01 2.413632138466616228e-01
2.529715405658879146e-02 4.237360233895105105e-02 4.278102277105048090e-01 5.586335839701677131e-01 6.366587288389314869e-01 1.431264426061827286e-02 -0.000000000000000000e+00 2.531124077606567921e-02 1.983705210262108332e-01 2.386226067119792960e-01
7.534937229824929805e-02 4.859453569101420678e-01 6.655709388917149250e-01 1.102445306930028568e-01 2.239938949994120243e-01 3.009315932766772062e-02 1.410564280209453472e-02 1.649602086768426623e-01 3.453436350563255375e-01 3.244828529090599822e-01
4.630676360543267145e-01 2.699568464880605645e-01 3.084375210540730716e-01 5.395371280816950721e-01 1.812954594910305695e-01 -0.000000000000000000e+00 5.042036759555594827e-01 1.922427981653209161e-01 4.880498061207742821e-02 5.388732922859599747e-03
6.589857983732085867e-01 6.536212869263640091e-01 1.510936713723425862e-01 2.679547805546458328e-01 8.251686314562121927e-02 5.147608753817295435e-02 1.720806673899051009e-01 -0.000000000000000000e+00 6.940671788307596624e-02 -0.000000000000000000e+00
7.552960517759110814e-02 1.038844525311475031e-01 4.198265895056220165e-01 7.656016418407505242e-01 5.695588782861049637e-02 1.278884578210482403e-01 7.752997088909829859e-02 1.950372817166522443e-01 1.812008610627232064e-01 3.530147865476703783e-01
7.074183969576953723e-01 1.359232398133194408e-01 2.343680613478718675e-03 5.123403645118693728e-01 3.513671012999869947e-01 2.945826028342123371e-01 -0.000000000000000000e+00 3.501367200393928902e-02 2.538053449693952832e-03 8.435516502523734972e-02
3.406854885410007250e-01 6.710041613501186442e-01 2.861391788487941401e-01 9.219718576308934266e-02 1.161375965347991035e-01 1.735768171442934327e-01 2.117838075730251179e-01 9.708572969935701236e-02 4.552672326467165353e-01 1.953144558180477663e-01
2.018655188284241009e-01 2.393806782123639454e-01 6.082850043243620553e-01 6.495593936351252706e-01 1.663707633360954619e-01 6.756653133258825900e-04 2.756399807742188623e-01 3.709938198625752082e-02 7.019057025606927069e-02 6.998867529971876042e-03
2.291013424434239221e-02 2.132630076667139385e-01 4.951648046446250478e-02 5.445007550909852778e-01 4.526632826981392133e-01 2.341970288703724701e-01 7.352209743736395561e-03 5.624417240516549343e-01 1.775661299236471480e-01 2.176793212605916406e-01
4.144842839657687517e-01 2.529462905856271204e-01 2.584853507927744043e-01 4.004975226911711150e-01 4.295581404817018778e-01 4.228562962609439535e-01 1.091285729518402976e-02 -0.000000000000000000e+00 3.786032150407310226e-01 1.738415425983760032e-01
1.512699933347983750e-01 3.633141054841206863e-01 3.614495603179903038e-01 4.946673760357894745e-01 1.596131094458379251e-02 5.124178311227617962e-04 4.533279457123726153e-02 4.717943123643249526e-01 1.119539850441179096e-01 4.820217796689643674e-01
7.229458962137740030e-02 2.353378320325898998e-01 2.245720538649732811e-02 4.925424952647772803e-01 1.182806285566090181e-02 6.405888348344109806e-01 2.160137657134643119e-01 1.115606681256798571e-01 4.254254963640925480e-01 2.137723565333762288e-01
1.132743329902734242e-01 5.483945181874720631e-03 3.796196908409802950e-01 2.010539148401180309e-02 1.348365853414377341e-02 4.679971151340377444e-01 1.061082572443669408e-01 3.521671290793035314e-01 6.890209010971428683e-01 1.157149746599925311e-01
5.263921645954496853e-01 4.359847424357634615e-01 -0.000000000000000000e+00 5.058982433646828092e-01 3.944576040625615704e-03 2.840038228107134022e-01 2.728818293665059500e-02 4.419513596218166973e-01 2.259031183105128168e-03 1.229135076320560065e-02
-0.000000000000000000e+00 4.056588483028541470e-01 5.951660116142792889e-01 2.423126686632736393e-01 4.285703786959996382e-03 2.047350485852924840e-01 3.267748148526570806e-01 4.392685336261629341e-04 -0.000000000000000000e+00 5.232457434734004709e-01
1.917689379358810675e-01 1.869298793975694359e-02 4.022606193193113966e-01 1.091847458412284651e-03 2.478547817392388608e-01 4.735023613985436808e-01 3.711131158317541034e-01 4.688205900559679340e-01 3.966762579977383130e-01 2.354199473133234896e-02
1.054425433601548223e-01 6.127278937623618082e-01 6.153510446859745686e-01 2.410886060521150454e-01 3.847679362813892223e-01 6.653506160098915032e-03 5.410570917573619132e-02 -0.000000000000000000e+00 1.868915383682369369e-02 1.590547953379660984e-01
9.397727840189844598e-03 9.210681843418189749e-04 4.712169472847347329e-01 3.838777069864854341e-01 4.796597321576299700e-01 2.039773722228607478e-01 5.653730377642559625e-03 4.351357204352285790e-01 1.358358879238137640e-01 3.885828787644958759e-01
4.681758248854966387e-01 4.665976945100517304e-01 4.863414152932776617e-03 2.633282634270882605e-01 9.376187924963508280e-02 2.398591406960022265e-01 3.266591163177745560e-01 2.873984200249299903e-01 3.942068120983815427e-01 2.875862012805699974e-01
6.168460379494507609e-03 -0.000000000000000000e+00 3.261137609397618195e-03 1.540361026450889036e-02 6.605513419747786885e-02 1.809521606996584153e-01 6.811300540305971207e-01 4.727499771809204887e-01 5.245642363690844467e-01 2.957895767412102497e-03
6.979236106164173059e-02 5.964675697741441684e-01 2.801836286245724672e-01 4.642915422255259328e-01 2.130611390962526830e-01 5.061390505110157090e-01 1.144671144338469532e-02 1.047016995904744285e-01 1.237546705728704149e-01 1.315503081714033684e-01
2.042470986912447439e-01 3.015711753335320044e-01 5.276464004584434653e-01 -0.000000000000000000e+00 2.755060390522264414e-03 2.591756591822019229e-01 4.896863435261059397e-03 1.758576361168373292e-01 1.570152885608032123e-01 6.827473354054096610e-01
1.091137390631566617e-01 3.516858894271681080e-01 1.242151081256193113e-01 3.296251743709244231e-01 2.144477551575578456e-01 3.501185571093276550e-01 1.636442598316436015e-01 1.811837580313609974e-01 8.074775000057547725e-02 7.110773781065992116e-01
4.890022567656930885e-01 3.866524722730007579e-01 9.303508215937432435e-02 3.123373977621098259e-03 4.239839339979866173e-01 -0.000000000000000000e+00 6.637042859685765572e-02 2.747260004173109338e-01 3.627412073292792406e-03 5.857101954735368654e-01
1.082778927245380170e-02 3.172951948292779267e-02 3.316589898315069895e-01 4.720540365833033047e-01 5.797740330010993093e-01 4.281138722998511503e-01 8.275647039197549237e-02 1.326603384329310131e-01 3.084354161751182710e-01 1.644508310963452291e-01
4.413422226734544096e-01 1.696075204263764458e-01 4.162177191354738404e-01 4.757180069099825603e-01 2.037811232160289532e-01 1.442147824262498546e-01 3.697197323371552158e-01 -0.000000000000000000e+00 3.869720387091462599e-01 1.677522900234780512e-01
