1.432283719179289205e+00 5.777219182336823522e-01 3.723412393619513448e-03 1.913326736979880760e+00 3.242847709801443656e+00 2.299919010666416685e+00 1.462223973231995044e+00 3.881346299725508597e+00 8.476393696669625166e-01 8.236680754477738661e-03
6.980683609628792752e-01 2.611538369440316476e+00 -0.000000000000000000e+00 1.212669388863256426e-01 1.391303046889742046e+00 2.049191452814134617e+00 4.215257374555489100e+00 3.671752481393409706e+00 1.999733989419185232e+00 3.168115027220285707e-01
4.798468108679607269e+00 2.739541248227087777e+00 2.742746868581767750e+00 1.096712224058342899e+00 3.394422573976729751e+00 3.954317561162861150e+00 1.918005150499426215e+00 3.612975989790599418e-01 7.530684955519190149e-02 2.007968251777185742e+00
1.018267942736128182e-02 3.695528876152228470e+00 2.082251693048700947e+00 6.973187056002915440e+00 9.116201446920959434e-03 1.584690866846067969e+00 5.211405446991245194e-01 2.292341709788339177e+00 1.216894924017327684e+00 4.117942517916756660e-03
1.751203175250592714e-01 2.002261398427931938e-01 7.495960228740186811e-03 9.482657722998003580e-01 1.381858739106939904e+00 2.333091115380962144e+00 3.473294415274827518e+00 3.243535564620870115e+00 1.682502558537257165e-01 2.067099180604668351e+00
3.821087145453193834e+00 8.550975649718142169e-01 1.442067757338241885e+00 7.940876840560795458e-01 -0.000000000000000000e+00 4.786274544571808010e-01 4.637989392041964032e-01 4.261707474958256192e+00 6.055832280930341848e-04 4.025356205197107018e-01
1.024477406105212207e+00 2.010924853350136932e+00 2.709758255864021859e+00 3.192248757812128357e+00 7.608287415228944146e-03 1.764688765377221857e+00 5.254706386365446194e-03 9.296972539378536293e-01 5.032064269930010880e+00 4.303359068508339824e+00
1.266080462727045379e-02 7.166904062348468385e-03 1.431446241985336390e-02 1.114125363542557201e+00 1.498235950429826178e-02 2.665900415860527617e-01 1.368223445227235990e-01 2.111067135290908059e+00 9.945464247107643763e-01 5.578326458350513661e+00
4.567558182037652070e-01 6.053577225260250216e+00 5.901705188096610264e-04 4.067618199034998550e-01 4.157424554494220992e+00 3.626137621717252735e+00 1.005455768558875286e-02 1.344063775656384019e+00 5.743476542595948864e-01 2.470279721414311069e+00
9.768839897621669488e-01 3.969423109316735143e+00 2.971318992860163100e+00 1.877060819458705954e+00 2.794478226909057561e+00 5.532551903634629120e+00 6.080428890817405119e+00 1.196411965751696324e-02 1.444303463024692258e+00 5.842202132857191588e-01
4.372845288122522156e+00 2.710379181451125330e+00 5.798964820845845303e+00 1.218115352031016618e+00 1.433748636892892447e+00 5.752800720533687517e+00 2.541039867025379539e+00 7.588076234951840124e-03 5.353401698202255865e-01 1.222606580063465564e+00
2.208704372502133140e+00 -0.000000000000000000e+00 2.389935323183546068e+00 2.763749250600226581e+00 1.066735786967189847e+00 2.723825139245302784e-01 3.315834387280243156e-01 3.583783438292089230e+00 7.067652215481577960e-01 1.563213985610262258e+00
1.978103949205717814e-04 1.784252079779960476e-03 3.904848108438854215e+00 2.146397945052055611e+00 2.355679185296862335e-02 4.368569672702665940e+00 -0.000000000000000000e+00 7.425747891684640223e+00 -0.000000000000000000e+00 -0.000000000000000000e+00
1.807779959017631888e-01 5.603033833244434707e-03 2.502202247182696571e+00 4.807592873177100046e+00 8.490729541624546239e-03 7.961045054963720169e+00 1.706435189697852017e+00 1.100613480283632595e-02 3.000260695378201614e+00 3.151142923658069250e+00
2.406137605891369269e+00 1.324165330741335633e-01 2.551728436139773404e+00 5.728124817738955876e+00 1.539461205656420972e+00 6.523802860518268174e-03 2.122529722796132390e+00 4.679241779292773185e-01 3.181924769841630418e+00 1.447718569679303235e-01
3.876635112706000363e+00 4.653112819022350521e+00 1.721292275259934890e+00 2.413168447905045699e+00 1.478183307447096917e+00 1.198966943721813394e-01 1.535601137346071843e+00 1.502113756015030388e+00 1.453867145025437679e+00 7.739921753918439506e-01
3.334001460904339353e+00 5.791226656705156239e-02 4.267254273841091461e+00 4.708809675894845448e+00 2.162480969462117208e+00 1.381257839803655463e+00 4.547938996143205750e-03 7.993428808792012868e-03 2.448554805089246500e+00 3.471095075464587065e+00
1.486135943360091138e+00 2.885983192601643932e+00 2.452933071024770761e+00 7.222691933171635492e-01 9.621560859429051371e-01 5.320538885900360539e-03 7.113959353491593474e-01 2.669368555674522359e+00 2.233913292230619518e+00 3.180208501910154251e+00
1.515550284726087771e+00 4.186755936037555692e+00 2.140648689828982931e+00 1.510502033147692429e-02 1.948250869878710018e-02 8.433995275278891590e-01 2.718672766886437664e+00 3.685832162316348692e-01 1.763011737653242053e-02 2.262505847637125367e+00
7.554262236802692376e-01 2.474464149792363760e-02 5.269830654722224672e+00 4.780667759425898389e-01 6.739722077470761796e+00 3.053259694423494430e+00 2.189214826902927125e-01 2.508868238831230446e+00 7.571213786162459547e-01 1.748824446506362928e+00
2.038974262728770418e-03 7.677632904233158140e-01 3.839013772516130119e-03 2.226925833741366656e-02 9.708042748572507374e-01 2.435666952046691147e+00 3.793122865981929936e-01 3.255517376503941129e+00 5.322433245777603794e+00 3.642490620479943431e+00
1.445188566846614814e-02 4.693516442993964644e-01 2.430892021022353688e+00 1.562327137970713986e+00 1.771692668783076074e+00 4.256854754079117953e+00 2.526608679659303913e+00 3.073956693864944079e+00 3.263324644905629679e+00 5.065375052253967558e-01
1.240728013678197295e+00 8.451269750927679070e-01 5.759841486123923326e-01 1.436505316737368254e+00 -0.000000000000000000e+00 -0.000000000000000000e+00 4.546877613413418118e+00 5.913651007962349437e-01 4.976705551453380338e-01 -0.000000000000000000e+00
-0.000000000000000000e+00 4.108589169786559303e+00 2.134800868385391404e+00 3.640004622840038451e+00 3.960146750891958778e+00 1.831326449962506375e+00 1.968610064804693804e+00 -0.000000000000000000e+00 2.686589279495149807e+00 4.238793403189470510e+00
4.374238158573199975e+00 2.458197383607702236e+00 2.097619012371402913e+00 2.327545526745161020e+00 3.251798733215822447e-03 2.475378768169068877e+00 2.820832960684711566e+00 2.054473393104980783e+00 4.682319325062748311e-02 3.522854051753240956e+00
4.181801412556484188e+00 3.336164944753760020e-01 1.058897600607260125e+00 5.116555476982589390e+00 1.106537366608484119e+00 2.276403755298841425e+00 1.398005209211266253e+00 1.200300191198609007e-02 3.648146204175235940e+00 2.490955659841721737e+00
2.466826302200528342e+00 5.849237298120301354e+00 1.063062579779939343e+00 3.882684674978628347e+00 6.461640545078813913e-01 1.238779643943398569e-03 1.953451250545223949e+00 2.376277909194522142e-01 -0.000000000000000000e+00 1.755429769946208252e+00
1.460863558417154970e-02 2.285930930712361864e+00 1.122956322794436447e-02 5.759575954900983223e-03 2.008259354505211869e-01 4.389275721938206587e+00 4.014756905096882322e-01 3.400983773784005404e+00 1.090844085660016248e-02 3.409684167633778795e+00
2.314809271210696906e+00 3.260483932450470856e+00 5.774453831350057520e+00 1.226417699605646616e+00 1.314459070473548818e+00 4.550568237357051515e+00 2.589706796024809687e+00 1.946645161988498351e+00 1.621024330450365536e+00 5.293593313412353618e-01
2.059205416272183786e+00 3.250033117788843295e+00 3.275897353407775991e+00 2.416074098974901663e+00 2.348411223005360426e+00 3.292676280330215643e+00 3.429562090027289400e+00 3.178921635640558296e+00 1.279247463832355436e+00 1.635081890371658242e-01
1.022914069667054671e+00 8.383620696305474698e-03 2.688938658144170546e+00 1.126057510229882874e+00 1.791203348928467609e-01 3.623869543463657639e+00 3.105284769297031566e+00 2.186208214631249813e+00 2.952444777835674383e+00 1.781979901528204291e+00
5.135680043878813272e+00 3.548012253794150528e+00 2.642306520709817974e+00 2.610799594895556880e-03 2.500750853416603192e+00 2.449320895017511823e+00 2.531633067624720068e-01 2.395387430386145766e+00 1.574411790212811857e+00 2.508716983752397933e+00
1.274223701437584427e-02 1.186797079963723078e+00 4.915990186099365111e+00 7.045952717054555781e-02 2.453096577197527495e+00 6.819919045338165321e-03 5.908191798829340313e-02 2.237813972901492754e+00 1.776052037356752253e-02 3.276167059441220442e+00
3.812662073109338134e+00 5.196877764867516847e-01 2.335643451248516023e+00 9.107866156122781387e-01 2.257586468079949782e+00 2.420414014859542551e+00 1.935638397510161188e-02 4.114456837251259103e-01 7.326357668028038894e+00 3.493013940371654691e+00
5.360514009624794518e+00 4.087951350707271642e-03 2.968814798781600039e+00 2.544574096901514260e+00 3.948141252567659798e+00 4.909868738933890198e-01 1.748542494623831045e+00 1.147942055273434070e+00 9.506462690816144118e-03 2.467163270923404816e+00
3.593891391448428063e+00 2.426446952893183351e+00 2.771906000646697787e+00 2.330725675398881425e+00 3.736047524160583500e+00 3.628008016440121164e+00 4.092413524227620059e+00 1.112164058210637796e+00 7.890335021820095163e-01 7.962581950882153814e-01
3.253294631364324729e+00 3.640359647501943297e+00 8.882892567699059994e-01 2.740384827895555819e+00 7.920488159780700865e-01 1.835361786724146876e-02 4.536677014394216556e+00 1.186491626259457144e+00 1.590539036584473820e+00 1.293303706528454479e-02
2.799445034003845478e+00 1.185569388157028614e+00 5.996194119558313496e-01 1.952522479949021728e+00 4.809892466481082707e+00 2.336896837798171589e+00 1.964640175912835796e+00 7.042101459051773871e-01 3.479120534067982717e+00 1.951006017560468431e+00
1.488633853765961135e+00 2.901055331817227856e+00 4.444884146911405765e+00 4.880041149352375984e-01 9.619080297751111397e-01 8.417923589564751952e-02 3.314149124805725322e+00 2.324790798406733305e+00 3.773639399883192969e+00 6.267177867709348982e-02
4.927700233259770357e+00 2.723261430615267376e+00 2.992727009219708564e-02 2.125682364300562899e+00 4.593042893144146710e+00 4.978245343626792052e-01 3.034795096632889391e-02 1.274365969853854530e+00 1.260113220182806248e+00 3.093977590207403594e+00
1.448610526228611750e+00 2.300767586803416531e+00 9.745766768665409252e-01 1.237563134225342330e-02 1.909022598034651130e+00 2.193851084412425045e+00 2.584078054578275552e+00 3.635086667532852367e+00 4.255945604519144609e+00 1.171578870632024039e+00
2.452840977575799108e+00 3.307641879328079515e+00 4.265600387833832219e-01 5.119521915621721986e-01 2.368034338190219135e+00 1.817870441447512642e+00 3.202145497528808171e+00 2.880223851617301545e+00 2.547397525859478318e+00 3.727217843194107760e-01
9.414392204072149495e-01 2.347437429157078537e+00 5.016460300198811950e+00 1.623548057712403070e+00 9.329476221461873164e-01 6.015631126724931346e-03 1.765716306924526746e+00 3.569510818494812943e-02 1.212916051191535782e+00 4.187438669151473114e+00
1.890717363094641668e+00 1.651901386713668485e+00 7.448742766525940917e-01 4.538389138553273305e+00 3.420933277625757718e+00 7.152643843247014077e-01 1.083118975686574670e+00 6.911074793254516901e-01 3.829422554215706764e+00 2.784046569071859878e+00
5.773999697683041887e+00 2.078128869330644779e+00 1.931354561663864433e-01 1.512018517303336147e-02 2.849663810159750454e+00 5.235555107228605509e-01 5.889610652830717941e-01 3.283234718097506555e+00 9.726478817481654104e-01 2.708994240542060616e+00
4.391706571759363520e+00 3.755524653542573255e+00 3.833713280989220262e+00 1.386379077989653874e+00 4.497631251255573281e-01 4.797438535044764585e+00 1.739241027276031484e-02 2.262808332907574993e+00 1.717386946645669044e+00 1.843388469331094681e+00
6.474453368303466627e-01 2.771424640455070865e+00 2.636415180260928137e-01 8.660598533848292216e-03 2.666505757803586379e-03 8.349422460591023228e-04 3.738457622251084356e+00 3.048372586463459655e+00 1.766406443781197488e+00 1.409007812523087599e+00
2.402279846153567711e+00 2.801776271379969874e+00 4.889354479620463323e+00 1.116764332758860556e+00 2.524567255346346961e+00 6.066195490091484288e+00 2.037468922737599275e+00 9.949629795995224013e-01 7.893872515281826763e-01 6.372100752995266681e-01
1.443393229308813419e+00 1.315054167966958065e+00 1.588538795275348692e+00 3.818143765339053086e+00 5.306941979116448493e+00 1.829081052480274083e+00 3.418391877246669708e+00 1.375173703031646211e+00 2.058695565810336969e+00 1.669976070953211211e+00
1.582870199206989126e+00 1.920118029069327673e-02 5.744544345837797827e+00 8.117310754962627981e-03 2.009676890446972397e+00 2.323578008752148066e-02 5.942467806712145695e+00 6.152265187696597248e-01 4.130825098714873356e+00 1.755665964539134677e-02
1.877903348621032364e+00 1.933600289585921672e+00 2.762984732036603663e+00 5.820851804084036019e+00 1.015348625179366637e+00 2.058280623640975637e+00 7.482531487156313110e-01 6.399562859258832621e-03 2.160930392147714318e+00 1.988526198023009783e+00
4.458661968423795585e+00 3.603542142697119033e+00 2.709261849252305510e+00 2.531833423286737883e+00 3.780319558780021350e+00 7.418040854718543908e-01 2.238529684372881245e+00 7.461663260731286051e-01 1.043592740498394678e+00 2.016115636314023796e+00
3.477597641872171241e+00 4.044568794075792617e+00 4.404722530762542228e-03 1.855479306699341580e+00 1.660186618945637571e+00 9.818596850747676186e-01 1.011333805046624526e-02 1.435825368472897878e+00 5.270696961351735155e+00 6.597121486790983313e-01
1.250867727594360046e+00 2.892146566358518717e-02 3.028122993095270221e+00 2.770509295588813092e+00 6.582628034840231734e+00 1.679739960917116859e+00 3.219092289263577378e+00 1.680556553904388295e+00 2.841165881405093518e+00 1.137742551192362006e+00
4.530266343054066169e+00 1.726990454392395957e+00 7.432217524518108798e-02 2.072722476129676306e+00 5.954202406385213031e+00 1.720760415519897668e+00 2.671302064821006628e+00 1.463446321628707025e+00 3.292708261394787783e+00 2.093262681856915275e-02
4.845327625876082678e+00 1.532232661610456237e+00 2.129417755030281079e+00 4.421129149807871417e-01 4.126687175680516795e+00 2.072483533635558928e+00 3.736013056983450653e+00 1.479752326821741404e+00 2.039256309394439359e+00 1.412148179384919100e+00
5.742249787224587898e+00 2.192237629653907671e+00 1.723254352495042288e-02 1.559887460407708426e+00 1.317797427907974397e-02 1.359966070082308659e-02 1.999547127333633351e-02 2.032121715681508789e+00 1.566850122924734814e-02 3.552850517846735112e-01
2.759803393699304941e+00 3.306390000936329621e+00 2.315221275613444707e+00 3.750258007346075062e-01 5.439035105222686184e+00 3.563212602730357670e+00 1.336095307481280914e+00 1.452122217451610631e+00 2.215434842227730350e+00 2.881678370868604677e+00
2.081645044319636817e+00 7.975923142973215946e-03 2.312909638030242299e+00 1.947748874722882509e-02 9.448166479011547159e-01 3.669124491922770917e-03 1.065172866681458712e-02 4.248556671237909477e+00 2.390146332899582837e-02 1.590595882910546655e+00
2.047277047959751517e+00 7.870839754996625248e-03 1.818995502982770907e+00 6.603775168738005519e+00 1.013217866257663857e+00 1.803430919953668832e-01 1.665420456267535210e+00 3.481842928098535239e-01 1.148356186988708894e+00 4.332875252942333333e+00
2.494979420255253988e+00 1.355432204568435446e-02 1.945731989176613830e+00 7.455759067099691606e+00 8.000498125743892297e-01 1.850066846989516511e+00 1.182977544778885282e+00 1.526642495245470951e-02 4.690006767007853967e-03 4.776707954083772911e+00
4.401441536238591468e+00 2.624902624201168599e+00 3.386865084729969944e+00 1.134834841787901553e-02 3.866995678777283896e+00 2.970998506195751787e+00 4.721028326904079364e+00 1.457421149977796926e+00 8.134735552213622212e-01 3.877884082423454504e-01
4.775878315482532166e+00 3.213997323527465255e+00 1.657803969158019974e+00 1.143912396049587832e+00 3.760618736019742059e+00 8.641851849050068424e-01 1.249286924347242422e+00 1.539830780421863832e+00 3.109768739496098888e+00 2.258201328699885213e+00
3.741958101401194003e+00 6.440980850970826843e+00 1.558119363620526832e+00 4.021853172589517023e+00 2.919592237420888470e+00 2.425505759203249845e+00 2.573263795382794705e-01 1.873187710883885693e-01 7.947967113452966137e-01 2.102742221966874325e+00
2.168950954262520270e+00 3.571054445566719249e+00 3.505565859204971435e+00 8.712260154365586429e-01 2.348742703483289063e+00 3.110921834543327158e+00 4.043790756176584011e+00 9.232306206274167870e-01 4.349483902090939047e+00 3.936536750657661926e-02
1.348793078903283593e+00 2.023463481453550816e+00 2.942123413739772708e+00 2.300933503714586159e+00 5.493508196976303104e+00 4.855537316819507065e-01 1.656329368513510980e+00 3.167280987151712246e+00 3.424557027479349536e+00 8.959630295995598681e-01
