-1.636594269020022474e-01
1.797326895973355709e-01
2.568782637758565413e-01
2.018111575489104914e-01
1.644694706104719295e-01
7.921716266283321817e-01
1.106038018058010497e+00
2.035771542418917945e-01
-9.046749165238563428e-01
3.303658006306969819e-01
4.871431961035334046e-01
-7.775246568242253353e-01
3.266962570286207623e-01
3.595901366570599667e-01
-9.538315364030851562e-01
1.936992168137157688e-01
6.613977274958049435e-01
2.559434337601645959e-01
-3.087929393425190572e-01
-1.195331504201172068e+00
-2.887897536624816075e-01
7.421326397078044090e-01
1.039244140133745165e-01
2.710960671504889508e-01
5.303423118383082668e-01
-1.637380034896502579e-01
7.105708814139837237e-01
-1.158514899905121798e+00
-9.303178117824778548e-02
1.762249700289975629e-01
-1.575452400557710020e-01
1.284696160417378330e+00
-1.713279169522679835e-01
3.223329892541295649e-01
4.370640520824171649e-01
-5.906628976863839003e-02
2.177383714896075680e-03
-1.227275439962278503e+00
8.494206482413214632e-01
8.805723078801720449e-01
3.235608535461703128e-01
2.728439778046525821e-01
7.529536186835765477e-02
6.954970923008613193e-01
-2.052604354914835671e-01
6.453858716199148415e-02
6.577840708112490109e-01
8.105824602875454366e-01
-5.461173418418381331e-01
7.566308005133671744e-01
-4.469630983206159675e-02
3.771898764237958668e-01
2.704443987139237282e-01
1.008143860102456296e-01
-4.648740654372597869e-01
-1.210688635589084461e+00
-9.508756763969511416e-02
1.337823527999099371e-01
4.960971928270066500e-01
-2.611093486810846520e-01
-1.182795371401661744e-01
-1.818810622120993203e+00
-2.013316840398364505e-02
-5.197243987059558396e-02
-1.781253364356663926e+00
-1.598098306912374422e-01
-2.421165281193813634e-01
2.591592975095516338e-01
3.772241195982081186e-01
3.409591723446818712e-01
-7.754483721982938227e-02
6.071614003584661079e-01
-4.071943766958360800e-01
-1.572235496400961330e-01
6.222994049926498100e-02
-1.604988051944673977e+00
-3.661047999417840204e-01
2.036392329606944440e-01
1.525552123805270777e-01
4.228078535390477066e-01
