7.714915300722140212e-02 9.970195625915612148e-01
7.158348855106719810e-01 6.982695873986802804e-01
7.756144968187610456e-01 6.312069013600691836e-01
6.781950612101690368e-01 7.348819353815516653e-01
7.062329134950058318e-01 7.079795702535177648e-01
8.161039082743737350e-01 5.779051919642984592e-01
7.838471479040692858e-01 6.209538217312591257e-01
8.630594726315850007e-01 5.051023131019006795e-01
7.986047196169344664e-01 6.018558812585929063e-01
8.194013693611481575e-01 5.732201984308258336e-01
1.570205871368580974e-02 9.998767150764897860e-01
9.553142228038190575e-01 2.955921780235990504e-01
8.550683318265464017e-01 5.185153304458482992e-01
4.322912020598073668e-01 9.017340609191197842e-01
3.901289944237463225e-01 9.207602118412353542e-01
9.999925913625348217e-01 3.849314230172269213e-03
1.000000000000000000e+00 -0.000000000000000000e+00
7.425678892872361603e-01 6.697708039318368556e-01
6.567465229308597774e-01 7.541114006685124549e-01
8.662700046535493081e-01 4.995760993457751820e-01
9.189916814306626769e-01 3.942769197673680059e-01
9.655374890024063239e-01 2.602640146676603039e-01
8.066732281581097119e-01 5.909977182468426626e-01
7.124248401149335663e-01 7.017484215779977719e-01
7.555563800670644925e-01 6.550836256081766784e-01
6.796562996553068281e-01 7.335307180608430233e-01
8.088794863071987473e-01 5.879744693703990999e-01
8.013017986994199759e-01 5.982603341364647331e-01
8.508533860570491880e-01 5.254031932099899604e-01
4.327955394163831015e-01 9.014921081525238966e-01
5.051691952531013330e-01 8.630203266246595506e-01
8.754661361972592148e-01 4.832794681877579102e-01
9.439399360714018083e-01 3.301172474887035801e-01
9.776561227437353674e-01 2.102106221428551580e-01
9.385561953638598132e-01 3.451264523969674869e-01
9.787290737783685968e-01 2.051570133847162303e-01
7.069494040151592662e-01 7.072641233390898341e-01
9.466612058860062184e-01 3.222306026286961833e-01
5.524386736117545826e-01 8.335535447096877881e-01
8.047220770076284335e-01 5.936517318904481755e-01
7.168315941130218860e-01 6.972463450469882362e-01
9.999966625305262147e-01 2.583588165509749946e-03
8.402609172427274453e-01 5.421822488374278270e-01
3.882562531058195709e-01 9.215514537584050814e-01
9.626126811626256607e-01 2.708815720289980411e-01
9.400665867194449854e-01 3.409909273480047909e-01
5.807447707186840224e-01 8.140856903808733058e-01
9.272222395242059045e-01 3.745115732947596476e-01
2.354068563191508978e-01 9.718969142856328514e-01
8.185451190598336257e-01 5.744422408417775294e-01
5.768615959390265280e-01 8.168419058365452567e-01
4.887769891839124359e-01 8.724087659144132978e-01
8.089545071468704496e-01 5.878712489710344880e-01
8.590456655903923044e-01 5.118989592003092559e-01
5.064608795017047083e-01 8.622629399054326793e-01
7.157526119975845535e-01 6.983539206008907430e-01
9.755570508592816825e-01 2.197463094541994288e-01
8.932266337418701685e-01 4.496066956509510715e-01
9.307815603945696070e-01 3.655758291099813206e-01
4.969889484928896040e-01 8.677568697947207754e-01
9.508852702324084305e-01 3.095435395142975832e-01
6.315234581857120943e-01 7.753567706295981798e-01
6.927377943880496103e-01 7.211895369640219933e-01
9.377938736771219697e-01 3.471925265521398907e-01
9.734028839334800676e-01 2.291000339371078998e-01
2.087220681525075172e-01 9.779749987940080658e-01
9.746464299106576412e-01 2.237506126525905248e-01
9.715718130008259568e-01 2.367450362357952087e-01
8.415723192199088265e-01 5.401444543109037433e-01
8.315638136729738283e-01 5.554292248249632635e-01
7.901099808616015574e-01 6.129651035278270710e-01
5.558767292863585618e-01 8.312647363132279477e-01
6.980427841585107318e-01 7.160560533116349102e-01
5.407950565971596513e-01 8.411543893721740162e-01
6.890996133690469039e-01 7.246666287712096866e-01
6.505572936114430993e-01 7.594571796546232267e-01
7.678958792167341896e-01 6.405746784583035147e-01
6.738288724231339399e-01 7.388874411498465022e-01
8.673276788776604906e-01 4.977375789034719222e-01
7.414123885736211284e-01 6.710496777955845538e-01
9.999706493389283191e-01 7.661622588068944979e-03
8.734439576193911980e-01 4.869246891441994518e-01
9.223622424391734187e-01 3.863261494159819232e-01
6.707219866896364513e-01 7.417088489232868120e-01
8.862878054326788213e-01 4.631348895746531524e-01
2.863773537379060152e-01 9.581169089761825131e-01
4.185022771050066481e-01 9.082157475280442371e-01
7.406270974141506702e-01 6.719162913457971120e-01
8.640922833649096191e-01 5.033334141791272476e-01
6.605285132557757732e-01 7.508009610916294152e-01
6.865497344970232785e-01 7.270828440157744987e-01
9.999766875382886111e-01 6.828204738578693041e-03
8.112652838365220775e-01 5.846782356490168864e-01
8.897474660200793695e-01 4.564531155670290552e-01
9.727517888835423010e-01 2.318489965987958201e-01
8.631086347303634776e-01 5.050183013058914261e-01
4.970014354891680863e-01 8.677497180187996317e-01
9.854135456665604753e-01 1.701768022289098792e-01
8.437171003810152170e-01 5.367880908930934281e-01
7.185248154168260015e-01 6.955013225222624884e-01
9.971757861946447532e-01 7.510293887120597645e-02
6.494761719801236399e-01 7.603819448343344112e-01
4.778759544867645093e-01 8.784273288800638069e-01
9.999881257725913297e-01 4.873224170933387889e-03
9.494499643257054977e-01 3.139184053889106929e-01
9.739140134671007143e-01 2.269173734477024362e-01
5.182966985018186978e-01 8.552008724984528909e-01
7.693213325861900653e-01 6.388620251883881940e-01
9.093417177443328114e-01 4.160500455110972551e-01
8.759752482464440160e-01 4.823560556887214745e-01
6.875369721409052559e-01 7.261493730213612885e-01
9.637876637322645434e-01 2.666708443709275844e-01
6.990179991796510173e-01 7.151040741198986250e-01
9.008186362499157607e-01 4.341955603007038311e-01
7.790122199797940850e-01 6.270087408658296946e-01
5.932822325034919908e-01 8.049945295439420168e-01
3.624785966364954537e-01 9.319920959860318321e-01
9.565771829466006571e-01 2.914791468800911889e-01
8.242103778273298653e-01 5.662837213638849398e-01
9.256596868227754404e-01 3.783571648471339977e-01
7.203872825588680806e-01 6.935720316790821016e-01
5.029436467755266094e-01 8.643192050210004584e-01
9.729159850486910344e-01 2.311590059606921099e-01
8.090128640255687259e-03 9.999672743738087233e-01
7.018533694786348587e-01 7.123214497342382767e-01
7.314044629304515821e-01 6.819439211587839944e-01
9.964599942047429604e-01 8.406830526116015889e-02
4.248103128110107818e-01 9.052823858495266940e-01
8.497305286006767711e-01 5.272172500630214476e-01
8.011621792613349280e-01 5.984472930185488204e-01
9.137641298062441075e-01 4.062451416071796717e-01
6.576016157308601784e-01 7.533658573284046645e-01
7.651030509106397925e-01 6.439078517049089401e-01
7.009071722449770059e-01 7.132525050047493487e-01
7.675337007151360469e-01 6.410085945340576741e-01
4.900840195217054940e-01 8.716751997214609027e-01
7.406868921527574035e-01 6.718503760459537677e-01
9.228844111899552338e-01 3.850770878441998613e-01
9.965061031140710623e-01 8.351997639133133811e-02
7.736043468207651763e-01 6.336689313671748369e-01
9.885721191597715007e-01 1.507486823158281919e-01
6.877662292902350094e-01 7.259322377797337023e-01
7.235132897327261059e-01 6.903104515941564934e-01
4.296705095901312554e-01 9.029857436242041402e-01
6.879711280808051832e-01 7.257380566893433249e-01
8.043009099493294081e-03 9.999676544791963329e-01
9.886331452263444897e-01 1.503479436502727362e-01
5.099297356240445334e-01 8.602160570033509090e-01
9.375452315217563948e-01 3.478633910758881509e-01
9.738052060856937642e-01 2.273838617853068400e-01
8.152649501452767788e-01 5.790881289273845933e-01
5.835009150358234642e-01 8.121124812194162601e-01
7.733775282997761291e-01 6.339457379941355608e-01
4.550357223561162234e-01 8.904731839757149547e-01
7.710836925740152115e-01 6.367338054842240913e-01
8.252045791484664550e-01 5.648339601621014117e-01
7.588814146043547648e-01 6.512288373283953158e-01
5.177383528089652964e-01 8.555390102331157376e-01
7.387003836244948607e-01 6.740339332949226714e-01
6.201737717955748685e-01 7.844644624053088711e-01
5.580990373219805178e-01 8.297743455544275282e-01
5.767678748253388665e-01 8.169080845293810178e-01
7.135941866269625011e-01 7.005593028518027898e-01
9.647199178244845186e-01 2.632783320987881481e-01
8.066249193527065264e-01 5.910636509541420391e-01
9.209471911871727201e-01 3.896874017009749891e-01
9.030376801208986892e-01 4.295613440265145799e-01
6.392936885840743155e-01 7.689626647221362576e-01
8.902367092202470022e-01 4.554981905087061023e-01
9.285605364286523278e-01 3.711809938390346342e-01
5.054099261495196282e-01 8.628793696395441470e-01
7.720092305517336495e-01 6.356113182935937411e-01
7.647537948270269892e-01 6.443226158514550050e-01
6.643590162177784864e-01 7.474136054221555137e-01
1.255440937224284459e-01 9.920880407158499947e-01
8.913409809988642740e-01 4.533334926872071846e-01
8.020149159372731429e-01 5.973040051884207502e-01
4.335811473838693253e-01 9.011145258141649572e-01
8.293748511949393665e-01 5.586925417484758238e-01
4.948640126551658303e-01 8.689704304398555568e-01
5.181969492768179197e-01 8.552613178205822342e-01
6.941331290064097770e-01 7.198466497913085238e-01
8.755815834007522058e-01 4.830702752285961354e-01
7.911636219197094588e-01 6.116045481770774339e-01
6.438387836906075412e-01 7.651611729667150419e-01
7.386912241692152881e-01 6.740439713663985977e-01
8.320383600845716598e-01 5.547180971879110967e-01
8.741621924316053116e-01 4.856340817149977229e-01
7.585140529673998211e-01 6.516566821962072042e-01
5.786055113760186774e-01 8.156075417780883630e-01
7.068852166056600606e-01 7.073282763642134707e-01
4.844132393063192363e-03 9.999882671218490726e-01
8.617366940293117450e-01 5.073557629153654380e-01
9.370901152655938260e-01 3.490875475744101841e-01
7.077971184320837050e-01 7.064157693166531748e-01
9.520829040845606439e-01 3.058400623690583076e-01
5.063612304193318980e-01 8.623214622913083494e-01
8.539693213190772125e-01 5.203233593121058265e-01
6.060681212496998871e-01 7.954127434262410201e-01
6.071400084092475335e-01 7.945948717357914637e-01
7.121766828233928592e-01 7.020002652725058079e-01
3.811819568065636932e-01 9.245000355895715005e-01
7.166081458524811154e-01 6.974759962162634386e-01
8.579524275434046166e-01 5.137291427127521626e-01
6.848820156138378801e-01 7.286539814539730875e-01
7.106573519544463480e-01 7.035382918598633850e-01
7.249364194165713871e-01 6.888157865521673529e-01
5.707904110528417840e-01 8.210957962686984413e-01
4.441756924321283440e-01 8.959397045853250141e-01
9.921346043192882380e-01 1.251755843294103387e-01
9.674322874319001286e-01 2.531299453527407484e-01
