-4.312996681109324687e-03 3.356457358257026666e-03
4.663873786671355465e-03 2.570506160381237290e-02
-1.873043030437679521e-03 8.574653807486064348e-05
-4.545648950418558314e-03 1.132088293317938185e-02
1.257401280900595107e-03 -5.550280321452715458e-03
1.518050096259220168e-02 -1.049450219351617808e-02
1.600890345746277088e+00 -1.787744784402096387e+00
1.788104011744447858e-02 7.273219365902655435e-03
1.950383623224271126e-02 1.743633455395032783e-02
-4.290297105101596904e-03 -5.333270200244478315e-03
-4.652011953318760905e-03 -4.508562082290471992e-03
5.159860957209327914e-03 4.665561146422567140e-03
-4.406701233543488215e-03 -1.792763990189455078e-02
-6.264944952289219424e-03 4.986119610652188332e-03
2.032780068689910187e-03 1.592869265972154946e-02
-9.873809866695593650e-04 -1.264684406386574339e-02
-1.009897499495762858e-02 1.387961639190422522e-02
-2.388435398889773051e-04 -8.253646978532865747e-03
6.385994374999849621e-03 -6.656162104224533707e-03
-4.978836893760709911e-03 -8.240346426553005546e-03
-7.345711670711491982e-03 -1.677872409200847426e-03
3.231538424021853598e-03 -2.447396385205545880e-02
9.409606250082799134e-03 1.378302702769590611e-02
5.511304997733707141e-03 6.567251712213148344e-03
7.181872363280201663e-03 -1.215424844387453206e-02
1.495638758053244421e+00 -7.844046806796636240e-01
-4.884600331111014701e-03 -5.217054144486631476e-03
-2.877367956878851794e-03 1.200640958830580599e-02
3.220416954242493746e-01 -1.048834863625683012e+00
-2.784625383763180296e-03 8.449471912528566664e-03
-1.006676770497441468e-02 4.050892062515254721e-05
8.820532398852432704e-03 1.441381263881896455e-02
2.199232588097549575e-03 1.410263613302833313e-02
1.725619141170121505e-04 -4.354827131060686092e-03
-1.510496917486312896e-03 -9.335744441800547522e-03
-1.994407729917495060e-03 1.191508961071540036e-02
1.271970057978920321e-02 -1.266492898076425171e-02
8.210111940398298266e-03 -2.609115443074874058e-03
-1.012390029718602050e-02 -8.165985583211082897e-04
-4.938207610433180579e-03 -1.961377215209545583e-02
-6.359704016318899885e-04 -3.734597316156551875e-04
-2.940856022004374390e-03 -1.935532499852631733e-03
7.356847442252803732e-04 -1.731264971654061183e-03
-1.618098005451633174e-03 -2.635254263946813259e-03
3.335107309015382642e-03 -5.744723506753616690e-03
-7.641290161598203803e-03 -1.278833653203197964e-03
7.574329114076202782e-03 -1.263474083648386719e-03
-4.558239785583396465e-03 -1.323702856542609101e-02
-8.202718028704531275e-03 -1.396699384405310045e-02
5.259661239446215136e-03 -6.766216954724871453e-03
4.082590501454277820e+00 -6.576490647577923898e-01
-1.219653336194686036e-02 4.225748920267189367e-03
-1.555759906573764804e-02 -5.936439461607224619e-03
1.821187284840172435e-02 1.887884707367878565e-04
1.889846422283295718e-02 9.463461729842825333e-04
-7.752655018714905283e-03 4.330866269234063051e-03
-1.611279615798017362e-03 1.833251066824434158e-03
9.483269212846130378e-03 -2.302834214445793198e-02
-2.756167196710579415e-02 -4.586464344255627426e-04
1.883122008325007987e-04 -8.724481382002066340e-03
1.250527328583342715e-02 8.089439565060830076e-03
1.655135002664044966e-02 3.048284423109078219e-03
-1.191280626427507899e-02 -3.557466410355510870e-03
2.783432245741877115e-03 1.963842610484930334e-02
-2.004031492939706283e-02 -7.339047582070194579e-03
4.568516530180885202e-03 -9.149906719336650326e-03
6.057801747041586388e-03 3.200853318997268736e-03
-6.390154603747201859e-03 -5.306240617453774136e-03
-4.318471652226043948e-03 1.270445417412778208e-02
4.506968589455291954e-03 3.339701099929298818e-03
8.424175927154177110e-03 7.814944520993271845e-03
6.223764182610493252e-03 7.443471986980503517e-03
2.844011202151303652e-01 -5.177302768370795061e-01
-1.094653241444149168e-02 8.948436843583127331e-04
3.997848358664229419e-03 -1.779865026289576685e-02
5.413445937282842558e-05 -1.672985881685757140e-02
4.381985223106959690e-03 -1.291894061132765545e-02
-1.385430789075043669e-02 -1.483255195769463824e-02
1.288814433110860129e-02 5.808900078902414638e-03
2.022443522308430344e-02 -1.484856482536619712e-03
1.640463004277533830e-03 1.932646376518120388e-03
1.012654792677281090e+00 -1.441438683469911552e+00
3.297795096688350969e-03 1.369900126965740809e-02
-1.205776925228790875e-02 4.464751863661337310e-05
3.326380748830086356e-03 -2.663799222912315717e-02
-5.672190391822012033e-03 -1.106707385388830400e-02
3.859532505025538469e-03 -7.371080533184337300e-03
9.300703211981201481e-04 3.426916739070928492e-03
3.429181881007447013e-03 -2.013036321602808959e-02
2.260924094944428715e-03 9.428384624604895306e-03
2.847263777560859067e-03 9.575538309878672827e-03
-2.876247780110225728e-04 -2.571981433131416677e-03
7.928798886748911201e-03 7.780625694520077297e-04
-5.641709350210989508e-03 1.513459998439306564e-02
-6.418183983564509400e-03 5.198289939847719433e-04
5.896598009336805925e-03 1.913129206165171958e-02
2.845566990670000246e-04 6.880625876932671900e-03
-2.878828107770426969e-01 -3.523744074032751361e-01
2.822174438909365118e-04 -7.155079905957293512e-03
-1.293138028306031195e-01 -1.155319177300720535e+00
-6.743343727643935290e-03 -6.464767522035283660e-03
-1.403586290481129324e-02 1.570492722688648663e-03
2.214634933996365018e-02 -9.350724761898382203e-04
1.781572963958396108e-02 1.150017182593949736e-02
1.384219084639558717e-03 -1.588632733637578356e-02
1.589484776138399891e+00 -7.426860308392838617e-01
7.346004094925612238e-03 -1.004209944180257594e-02
-1.156533297289993184e-02 -1.052526479036168354e-02
-1.800742070719023313e-02 2.276698397190892766e-03
-5.448055197904266150e-03 2.164000971648410640e-02
2.234223328056958360e-03 -3.996167301027866818e-03
1.334299687533216892e-02 -1.744234047403863189e-02
5.742451536630864073e-04 5.420327751991532370e-03
-4.981003116171149429e-03 4.524017496923068635e-03
1.082500706552640656e-02 -6.712138878996499157e-03
6.478497614058322147e-03 -6.147232180858876356e-03
2.075979573552402466e-02 2.806987418648942707e-03
1.136186151775797279e-02 -6.010846076373125083e-03
1.045731757621782936e-02 -2.646336192343102037e-02
3.786001545459782291e-01 2.007796531350169167e-01
1.589861338925546404e-03 -3.118021478640254501e-03
-1.058371772835366501e-02 -1.195520297360553978e-03
-1.444741457440768678e-03 -1.135535246118842163e-02
7.057309849904535096e-03 -6.334799053747136198e-04
-4.868004575128034167e-03 1.045956350597935028e-02
-1.079896373457981014e-03 -9.752941921790939800e-03
6.267819749929069359e-03 -4.906839529061072375e-03
-8.504511624250728555e-03 1.108290229666573923e-02
1.510313948089245240e-02 2.950991464135448855e-03
1.870284113219399403e-03 -6.999337016470266563e-03
8.439515738318071891e-01 -1.123481864828253851e+00
2.331421884846453588e-02 5.668685589973057083e-03
-1.015815782375227745e-02 -9.553772083892049863e-03
1.937086910627200246e-04 2.205870128889347512e-03
1.132507918427048607e-02 1.021061762042156824e-02
1.227188468551250987e-02 -8.494148733220090522e-03
-1.713412537826464448e-03 2.080340838884974300e-02
-2.894469952201271165e-03 -3.079833362694633578e-03
6.888938360620095250e-03 8.905658092852023269e-03
1.782876982691218928e-02 -2.811168203834033593e-03
9.188164668778621424e-04 -2.877200246921369966e-03
-8.116227383998628198e-03 -1.927103250116004793e-02
-2.229402447578393912e-02 -9.164216407790453517e-03
7.005123500392395957e-04 2.136425452780398634e-03
1.376424122632123215e+00 -8.958089715547680187e-01
-5.674024866865709808e-04 9.561366391121860556e-03
-3.532003016808977092e-03 -1.909123431358574624e-02
-2.815912845334147575e-03 6.357938225495476069e-03
1.217122015869531899e-02 -1.328255850621026801e-02
6.476720087256141595e-03 -9.871248083921443581e-03
-1.443860739187809855e-02 4.507176721031064606e-03
5.710777094571430762e-03 -1.818593518539512316e-02
-6.072503440189118695e-01 -6.389788395590501047e+00
-8.362034699331374237e-04 -1.067926773162553196e-02
3.480033376980460735e-03 1.472635793281988972e-02
-8.435056933650928943e-03 1.469936562748772046e-02
2.161496042876466430e-03 -1.128965730684165086e-02
7.457373503386508472e-03 1.331949296343619762e-02
-7.811338380560382821e-03 9.432382399425499192e-03
1.085686308133497870e-03 1.746412932616785846e-02
-1.242805432434898084e-02 1.944549218435459017e-03
-3.225767359379608581e-03 -5.276575215107794786e-03
7.562586638946150594e-04 1.639480835682784882e-02
-5.377220164499562673e-03 1.541084341514590422e-02
3.266840998310976442e-03 -1.097447231923071032e-02
-4.240498432968743854e-03 -2.934153060521173684e-03
-1.983979918704514497e-02 4.376203756206573548e-04
9.901080840731081578e-03 -1.136377749663058413e-02
-1.538751221273981437e-03 2.515855853861238226e-03
2.358723141539266054e-03 2.688660509435937280e-04
7.005575086503154462e-03 -2.432786861712504453e-03
-1.399743639713008081e-02 -9.252278723695094367e-03
-5.007342444834342668e-03 1.421775820140179416e-03
1.669838523817485099e-02 1.535397427983765765e-02
-2.447099856545844818e-02 6.005448756484309258e-03
-7.293541711754459797e-03 4.578880621326799488e-03
-1.105152539137140531e-02 -7.932355531128370760e-03
1.370719111834133648e-04 1.702638400250684400e-02
4.192437100218934093e-03 -7.889064082263481936e-03
-1.360104014143652569e-02 -1.356966656142878300e-02
5.639308250842617505e-03 -6.128489965719806191e-03
1.237728267397078009e-02 1.666096398983454158e-02
1.063633681154153724e-03 9.559402675121673239e-04
5.634978082662297702e-03 2.294992819709500489e-02
-9.610400641067723057e-03 -5.642229519713438425e-03
-6.661069020176617686e-03 4.784008266561771104e-03
2.901986772331228547e-03 -2.385213339064543112e-03
-9.024217979578249421e-03 -4.755402898696168418e-03
8.323589559103446427e-04 -3.229150912785008244e-03
-1.269380392000037973e-02 3.198541070931029445e-04
1.984754036833487056e-01 -9.091106702679169205e-01
6.939724331745263618e-04 2.909938682417106699e-03
-8.795476075422033191e-03 1.394165654138580616e-02
-9.856002066879201388e-04 2.234714257697719558e-03
3.749077626180273830e-03 1.954485045366868737e-04
7.608687767125269820e-03 -3.551568531920968816e-03
1.096453056287870931e+00 -9.030684147438646781e-01
9.013590404428755143e-01 -1.140950469321383443e+00
-1.990881369128395459e-02 6.348303247888996241e-04
-1.663242049445473325e-01 -7.355779751150333112e-01
-1.731791339346487602e-02 7.672103223110693544e-03
-2.603533703104175898e-03 -9.639554861498866867e-04
-3.091564788362178295e-01 -1.362973304872580615e-01
1.425621981181160632e-02 1.714845423102379432e-02
-8.168548026358890199e-03 8.240266290050752077e-03
4.551852094621775154e-03 -9.290855983284483990e-03
-6.010884687680013820e-03 2.493512682474923175e-03
-9.659724046255329169e-03 2.967058086101433123e-03
1.441567715058187815e+00 7.276774705384665420e-01
2.689074103372837699e-03 7.689695687740616924e-04
5.895059081272518466e-03 5.178062646555495196e-02
