-1.170726280350021353e+00
-1.706949135002986395e+00
-1.221333778808818993e+00
5.500275676004238168e-01
-7.535146027874243257e-01
-1.040964802315199472e-01
-1.391628533878730867e+00
-4.809975722353514449e-01
2.682819832216380984e-01
-2.034647953494028716e-01
-3.348247446518543557e-01
2.239721442887724623e-01
-5.483640857881156849e-01
-5.783530365100232329e-01
-6.309705210326385094e-01
-1.105096334726695106e+00
-5.750992841168278691e-01
1.042177961564489386e-01
6.320093772650804409e-01
-6.113526498744317195e-01
3.268704181877982867e-02
-7.476071472298520537e-02
3.978894590049901203e-01
6.105768955073985760e-01
2.178784609626477353e-01
-2.059100665199894292e-02
1.745888239585531965e+00
6.257795778361047168e-01
3.025374032024609749e-01
6.302433969497510668e-01
9.840992843835869586e-01
-5.905330729969272829e-02
4.891461366077744927e-02
-4.553852666671956428e-01
-1.297131280145655818e-01
9.402694370953935676e-01
-3.547736592206087725e-01
1.296257600513905706e+00
