-1.235224748480431733e+00
-1.812835851778625607e+00
-1.284995789460457338e+00
5.639776601906401066e-01
-7.853970829924680208e-01
-1.106692751695888544e-01
-1.449315041185471831e+00
-5.120794351527978572e-01
2.641090587712340287e-01
-2.102720064749430129e-01
-3.522244442971945166e-01
2.403531050577684403e-01
-5.809097610485306484e-01
-6.139864082084544039e-01
-6.670732570627219138e-01
-1.164147817464638690e+00
-6.092869576708691559e-01
1.019349229593097678e-01
6.592870573014645297e-01
-6.425674181652597516e-01
2.520254078324825342e-02
-8.004033731984316891e-02
4.122868849909103739e-01
6.297745266418910415e-01
2.220313879047265404e-01
-3.656661838580955309e-02
1.883764008974180060e+00
6.538574236046936772e-01
3.096371387062851199e-01
6.532715993954588685e-01
1.034972570866815378e+00
-6.695878395953298867e-02
4.492773974840630347e-02
-4.784242721551849598e-01
-1.374003429199231741e-01
9.615137262427100318e-01
-3.762292561816243386e-01
1.375363791326084772e+00
