-0.000000000000000000e+00 -0.000000000000000000e+00
1.016261031725734527e-03 8.762353314143282203e-04
4.602854905093777260e-01 3.894078020514528116e-01
1.946473578051324260e-01 1.647195741110925593e-01
4.964902923042739946e-01 4.198368864400673917e-01
-0.000000000000000000e+00 -0.000000000000000000e+00
4.030960520049346463e-01 3.408514676260743781e-01
8.619467190806300028e-02 7.281873772179071891e-02
1.752964473550252811e-01 1.480794188047464266e-01
-0.000000000000000000e+00 -0.000000000000000000e+00
1.693120778812200744e-01 1.433625892899668686e-01
4.825384643945729857e-01 4.083910971529135514e-01
3.561340640113861977e-01 3.012305924302978166e-01
1.563269618463124027e-04 1.341923594937135709e-04
1.970150186108704238e-01 1.664367677277586444e-01
5.146924033184888808e-02 4.335780844168588694e-02
9.550080870363950036e-02 8.060138873140380855e-02
1.582705632809767171e-01 1.339740676218349469e-01
1.972750132059454264e-01 1.668857454288736331e-01
2.538153497661426727e-01 2.145814915816745827e-01
4.203078100285325691e-01 3.553616679331464967e-01
2.428480504719521260e-02 2.056621505746656850e-02
1.462505282975334608e-01 1.239820166672474244e-01
2.882371078745350843e-03 2.519698395297914964e-03
2.698479051189931477e-01 2.280792157494004879e-01
4.844088871726624501e-01 4.096474486963868622e-01
4.913730376270257624e-04 4.321474531093434158e-04
-0.000000000000000000e+00 -0.000000000000000000e+00
2.137179965420857308e-03 1.859719297520602034e-03
-0.000000000000000000e+00 -0.000000000000000000e+00
-0.000000000000000000e+00 -0.000000000000000000e+00
2.261650148191408360e-01 1.910848780960437698e-01
1.915050663684109422e-01 1.620610920471296790e-01
3.392430844654351629e-01 2.869018573151364548e-01
2.171482951894769808e-01 1.837032880258071266e-01
4.013082397991115172e-04 3.507291839428510589e-04
8.190883158026475430e-02 6.915465049412879150e-02
1.484018768048329662e-01 1.256320047671470874e-01
3.412543684857204454e-03 2.962403851254427796e-03
-0.000000000000000000e+00 -0.000000000000000000e+00
2.166564662712175664e-03 1.889307512164099551e-03
2.540451413842248485e-01 2.149674139158503361e-01
6.474376492502589495e-03 5.592025526972075819e-03
5.190245445386950859e-03 4.544108249855388811e-03
2.890379630751264365e-03 2.512491793096750976e-03
1.768979687391432909e-01 1.497298373794348214e-01
-0.000000000000000000e+00 -0.000000000000000000e+00
6.775083034191813330e-04 5.889369201048677040e-04
-0.000000000000000000e+00 -0.000000000000000000e+00
-0.000000000000000000e+00 -0.000000000000000000e+00
1.478854498027674380e-01 1.252086391525019660e-01
-0.000000000000000000e+00 -0.000000000000000000e+00
6.359757946574245979e-02 5.395788784726335968e-02
5.549960555963051254e-03 4.812316576990892207e-03
2.903216267152122776e-01 2.455118499520687891e-01
4.023315123896783474e-01 3.400547623759572757e-01
2.124173087924227099e-01 1.797094327160031202e-01
-0.000000000000000000e+00 -0.000000000000000000e+00
1.311313064808557541e-03 1.139953429611484381e-03
1.186221092557239593e-01 1.006964116562415468e-01
-0.000000000000000000e+00 -0.000000000000000000e+00
2.474220946138917521e-01 2.094245232182126437e-01
1.403240135655799692e-01 1.184485139579957852e-01
4.800707869927951787e-02 4.054543400423939875e-02
-0.000000000000000000e+00 -0.000000000000000000e+00
-0.000000000000000000e+00 -0.000000000000000000e+00
1.728026588210893055e-01 1.459100052594178021e-01
2.012440092515101805e-03 1.761325625487061234e-03
-0.000000000000000000e+00 -0.000000000000000000e+00
1.037832004649627271e-01 8.774912671424257848e-02
2.389327026703433055e-01 2.019709330162378913e-01
2.612343306401178622e-01 2.208510750273675605e-01
2.261259523599043735e-03 1.952681156461877040e-03
3.339467008168599260e-02 2.838399343941621841e-02
1.350188217711139043e-03 1.174573170318792643e-03
1.925339091228711330e-01 1.626623785275624068e-01
-0.000000000000000000e+00 -0.000000000000000000e+00
1.909070122171949114e-03 1.652986984341982225e-03
9.769223724283362942e-04 8.513669438563705501e-04
3.264313052243070779e-01 2.760358389665757417e-01
1.847460817185722637e-01 1.561547886082270686e-01
