3.548997457953980139e-01 7.016733112177830911e-02 1.482430352547126906e-01 0.000000000000000000e+00 9.131888939364861679e-01 1.150297849337384160e-01 0.000000000000000000e+00 0.000000000000000000e+00 9.545392781215032750e-04 0.000000000000000000e+00
4.741178285009466919e-01 0.000000000000000000e+00 2.551977864386562045e-01 0.000000000000000000e+00 4.281540656510365306e-01 6.040292040114783045e-01 0.000000000000000000e+00 2.966516469448809423e-01 2.718767949402718931e-01 0.000000000000000000e+00
-0.000000000000000000e+00 3.737820397375224979e-01 1.664258137231322543e-01 1.648086714555849208e-01 2.158065156629688508e-01 3.105401823992816612e-01 2.817137036458389199e-01 3.242619810076166620e-01 4.753550115893818706e-01 5.019452657712237809e-01
3.212923140446071746e-01 -0.000000000000000000e+00 2.825682340340011645e-01 2.453172313382214198e-01 4.609504886561771042e-01 4.743169676569597426e-02 6.457814559663199727e-01 -0.000000000000000000e+00 3.531681359191187752e-01 1.610459904220183647e-02
1.260338335944269361e-01 5.724135266605838712e-01 6.120591134672644096e-02 2.784917930272953655e-07 3.154575742782171344e-01 0.000000000000000000e+00 0.000000000000000000e+00 3.581453972830625498e-01 6.457314066954425447e-02 6.486607483431968690e-01
3.854219315501073925e-04 3.625784120989622994e-01 8.576798873890998376e-01 4.931469805117580374e-02 -0.000000000000000000e+00 2.694997660512182813e-01 -0.000000000000000000e+00 2.363404608048055300e-01 -0.000000000000000000e+00 4.475578777077758585e-02
0.000000000000000000e+00 2.987667278067034915e-01 0.000000000000000000e+00 4.198103551846765454e-04 6.819102392675538971e-01 2.089391996106564064e-01 2.189178648993227450e-01 5.250698129249751211e-01 2.286159419119568048e-01 1.618410134966690173e-01
3.619525786807134549e-01 1.490885805205258152e-01 3.352403035711984947e-01 0.000000000000000000e+00 0.000000000000000000e+00 8.311900105303137165e-01 7.744831654052639937e-04 1.202381655394476195e-01 7.662483241961740021e-02 1.522197424155779522e-01
0.000000000000000000e+00 4.111235457457441123e-01 0.000000000000000000e+00 5.086126849156831220e-01 5.003566553641353165e-02 3.889515251523397166e-01 4.700501799483533527e-01 4.434057506126528048e-01 0.000000000000000000e+00 3.078764015728920056e-02
-0.000000000000000000e+00 1.120251707380885559e-01 -0.000000000000000000e+00 9.777411842142338938e-02 9.374732964956059011e-02 8.394674553582964771e-01 1.370372736708144268e-03 5.140719772387122299e-01 -0.000000000000000000e+00 1.115960403876482127e-02
6.519895622882942998e-01 2.875351113012369897e-01 0.000000000000000000e+00 6.148654226780718712e-01 1.493993938771810137e-01 0.000000000000000000e+00 0.000000000000000000e+00 3.030733815467470671e-01 0.000000000000000000e+00 1.701116421126092570e-04
3.706572224997263243e-01 3.074615658854603084e-01 4.988352631023176831e-01 0.000000000000000000e+00 3.709104075315547422e-01 3.948695997615525588e-01 1.892090242622323504e-01 9.296112456795838086e-02 4.083987111737740761e-01 1.204828831619363938e-01
2.321735103128965139e-01 4.776810472141712061e-01 -0.000000000000000000e+00 -0.000000000000000000e+00 5.965549130190386101e-02 1.190203598551872327e-01 4.175878674426952153e-01 6.306997061777711577e-01 3.577084730247606092e-01 8.634608101089858920e-03
-0.000000000000000000e+00 1.538818851234441676e-01 7.588153592655612067e-01 1.540562540132698471e-02 5.182647463083355222e-01 -0.000000000000000000e+00 2.843168501305232132e-01 1.132898433156211693e-01 -0.000000000000000000e+00 1.949699349819424554e-01
3.541985090713269946e-01 3.927072209754767784e-01 2.885234500212826569e-01 2.944450197562087368e-01 -0.000000000000000000e+00 6.761432542038017246e-01 2.846188086754098956e-01 -0.000000000000000000e+00 1.104682643877108739e-01 -0.000000000000000000e+00
4.722430875726216781e-01 1.865521514433017558e-01 1.607650883940782149e-01 6.634971465428527448e-01 3.703101790653465925e-02 5.235791658366020229e-01 2.432173205702466492e-02 3.591389604209840967e-03 0.000000000000000000e+00 0.000000000000000000e+00
2.187928858669735133e-01 -0.000000000000000000e+00 -0.000000000000000000e+00 -0.000000000000000000e+00 1.205345852246005323e-01 5.224679972954711094e-01 3.669554258822132486e-01 -0.000000000000000000e+00 6.360354452945242709e-01 3.541622599958868522e-01
3.115940950697528300e-01 1.634340708084425220e-01 1.491428743131167356e-01 5.336903614582829691e-01 2.442487909505878241e-01 -0.000000000000000000e+00 3.268704646407046277e-01 4.526790186175153607e-01 -0.000000000000000000e+00 4.446452058810721475e-01
1.987713066849131904e-01 3.214621096569447180e-04 0.000000000000000000e+00 2.346642597403653663e-01 0.000000000000000000e+00 3.192387368079308008e-01 8.326065750072146887e-01 0.000000000000000000e+00 0.000000000000000000e+00 3.320775055275843046e-01
0.000000000000000000e+00 0.000000000000000000e+00 3.914522994343136997e-01 4.210557813469077426e-01 4.089779122853086091e-01 4.472939813525124153e-01 3.558870975373887302e-01 2.042462049128737911e-01 1.476282128975691110e-01 3.346282416537399440e-01
3.124744939912193487e-01 4.740782072120626744e-01 0.000000000000000000e+00 3.500922754444345491e-04 0.000000000000000000e+00 7.675937199075826001e-02 7.163366041981514831e-01 1.547022952083319455e-02 3.979195418460179101e-01 0.000000000000000000e+00
1.846697521681048282e-01 6.630777807003354141e-04 5.019101070532445696e-01 7.406873366130336568e-03 0.000000000000000000e+00 0.000000000000000000e+00 6.088561465154990193e-01 2.227143471595793012e-01 0.000000000000000000e+00 5.418676388624310558e-01
1.517364972359332709e-01 6.401908387393758781e-01 2.167017021880086967e-03 5.594739494438811800e-01 0.000000000000000000e+00 0.000000000000000000e+00 3.567600940731761594e-01 0.000000000000000000e+00 3.561434607128638463e-01 0.000000000000000000e+00
-0.000000000000000000e+00 -0.000000000000000000e+00 1.346140981171736473e-01 1.983293107493366847e-01 5.919251767676475540e-01 6.992248006018590978e-01 -0.000000000000000000e+00 1.322676138575825727e-05 -0.000000000000000000e+00 3.213312811456816021e-01
2.427610136560989784e-01 5.659815232266626750e-02 -0.000000000000000000e+00 -0.000000000000000000e+00 -0.000000000000000000e+00 4.980901188806954177e-02 3.034009521638464379e-01 2.831969860203524259e-01 8.599431721052082089e-01 1.537136032423598031e-01
1.069418707120407958e-01 5.263756365042202567e-01 -0.000000000000000000e+00 4.017589011097281171e-01 2.059627564001558220e-01 4.740118003312668998e-02 5.049322958860547050e-01 7.689406392934558521e-02 3.405958480252228582e-01 3.585240994433340767e-01
4.950625690276451163e-01 -0.000000000000000000e+00 3.633586045788897434e-01 7.430552871912310398e-01 -0.000000000000000000e+00 1.791926543458318422e-01 -0.000000000000000000e+00 -0.000000000000000000e+00 1.965767281035135927e-01 -0.000000000000000000e+00
6.317598754203980205e-01 -0.000000000000000000e+00 1.136436493739466508e-01 3.567947628402915461e-01 3.193934984451091141e-01 5.988738357337954898e-01 -0.000000000000000000e+00 -0.000000000000000000e+00 -0.000000000000000000e+00 -0.000000000000000000e+00
1.144197421681690113e-01 2.156934198056769392e-01 6.253643682729663755e-01 2.461588341003784208e-02 1.001155334788640522e-01 5.199154442504579088e-02 6.256484038016954519e-02 0.000000000000000000e+00 5.574588797226728287e-01 4.704220805449998988e-01
2.136748428389791997e-06 -0.000000000000000000e+00 4.775011212545470785e-01 5.638528905478443765e-01 -0.000000000000000000e+00 -0.000000000000000000e+00 -0.000000000000000000e+00 -0.000000000000000000e+00 6.668852861250974540e-01 9.657438670150537974e-02
5.515924490182650963e-01 0.000000000000000000e+00 6.070686010061853155e-01 3.258874768993407223e-01 2.498461836422625482e-01 0.000000000000000000e+00 0.000000000000000000e+00 0.000000000000000000e+00 3.982307381129741586e-01 0.000000000000000000e+00
6.487052071975775158e-01 1.639540555621822049e-01 9.706365001977697304e-02 0.000000000000000000e+00 3.375960540366344451e-04 4.613698042998790245e-04 0.000000000000000000e+00 2.152698525261007856e-01 4.012308126902788818e-02 7.035111738799725289e-01
-0.000000000000000000e+00 2.160339009624105411e-01 3.482526187986088040e-01 -0.000000000000000000e+00 3.640720003111101444e-01 -0.000000000000000000e+00 1.876174695219234301e-01 2.342091920389286486e-01 -0.000000000000000000e+00 7.806707277841302695e-01
7.556797024656927708e-02 8.038940915131675968e-01 -0.000000000000000000e+00 2.937915818872368079e-01 1.706208967529285192e-01 -0.000000000000000000e+00 1.197361382670958513e-01 4.418326618610299468e-03 4.671857479517416700e-01 -0.000000000000000000e+00
4.396505425394212074e-01 4.194080742448811905e-01 3.739510579848611127e-01 3.931141992662944840e-01 4.276374579296512990e-01 -0.000000000000000000e+00 8.311214303587369234e-02 2.225089716521636840e-01 -0.000000000000000000e+00 3.116639761986662593e-01
-0.000000000000000000e+00 3.764547754555213621e-01 6.648272254849769691e-01 4.671738129482183033e-01 -0.000000000000000000e+00 1.828760632393350016e-01 3.522737051327916036e-01 1.391155744506799852e-01 -0.000000000000000000e+00 1.454016158694909633e-01
2.903259395017887372e-03 0.000000000000000000e+00 0.000000000000000000e+00 6.971074274400174131e-01 2.796659611815883670e-02 0.000000000000000000e+00 2.893407775063960852e-01 0.000000000000000000e+00 6.553873584884011283e-01 0.000000000000000000e+00
8.903330146238735976e-02 1.917571463166039547e-01 0.000000000000000000e+00 6.105525170310364125e-01 0.000000000000000000e+00 1.543408146242099179e-03 0.000000000000000000e+00 2.809799392021641515e-02 6.720143011478227901e-01 3.607392294941641486e-01
1.196857735596770361e-01 1.989519638093402987e-01 2.897868364205138936e-01 6.169945953054163379e-01 5.543565519594000762e-02 4.735647707103621262e-02 5.002868318502426415e-02 2.090587996452183128e-01 6.556755995667483683e-01 0.000000000000000000e+00
-0.000000000000000000e+00 3.247680684098218640e-01 7.014664891527964130e-01 -0.000000000000000000e+00 -0.000000000000000000e+00 -0.000000000000000000e+00 5.539801939694347643e-01 1.378537310857106679e-01 2.767178343590068756e-01 -0.000000000000000000e+00
0.000000000000000000e+00 0.000000000000000000e+00 6.302371769422618897e-01 1.101023521028180185e-01 3.924134684430545250e-01 5.580640928704857506e-01 3.539105186151454974e-01 1.433774029508748165e-03 0.000000000000000000e+00 0.000000000000000000e+00
6.452571792543407847e-01 2.772401412584233338e-01 3.648328633358697837e-01 1.735605780468799653e-01 8.515168461309549630e-02 3.698871053569540712e-01 2.031265791051417580e-01 2.530970006708220255e-01 3.068696877904472098e-01 0.000000000000000000e+00
0.000000000000000000e+00 6.688154546208276985e-01 6.122250017118089360e-01 2.319189938078742297e-01 0.000000000000000000e+00 0.000000000000000000e+00 0.000000000000000000e+00 0.000000000000000000e+00 3.518767529669645788e-01 1.621005773834191185e-02
0.000000000000000000e+00 2.309990162277914538e-01 5.768129791461191758e-01 3.403475301487696864e-02 3.248242138881064084e-02 9.225410094367744729e-02 0.000000000000000000e+00 7.633364319903287454e-01 1.108819454884165251e-01 9.068977945920494999e-02
8.097517744937700046e-01 -0.000000000000000000e+00 -0.000000000000000000e+00 -0.000000000000000000e+00 -0.000000000000000000e+00 5.354089322574178134e-01 1.163135541013797652e-01 -0.000000000000000000e+00 1.424038520288472831e-01 1.543749948107336623e-01
1.006409880238805842e-05 1.206782451416998636e-01 5.742160771977513622e-01 4.398544817245852445e-01 0.000000000000000000e+00 4.937998489762954746e-01 3.615576846420633095e-02 5.582965614206678723e-02 0.000000000000000000e+00 4.625777898856208159e-01
0.000000000000000000e+00 2.805154895177630267e-02 6.619697067846277427e-01 7.489090592028151416e-01 9.872599773920765279e-03 3.666955609446939050e-03 0.000000000000000000e+00 0.000000000000000000e+00 0.000000000000000000e+00 5.790004757919541868e-03
5.197943436337751910e-01 -0.000000000000000000e+00 4.873233681241054827e-01 7.758189821954468435e-02 -0.000000000000000000e+00 -0.000000000000000000e+00 4.667511302400824125e-01 -0.000000000000000000e+00 4.631214764940754236e-01 2.323202632245318366e-01
2.188486137729243539e-02 0.000000000000000000e+00 4.381239437170121320e-01 5.998142496313274563e-01 5.727449604948595674e-01 4.452384638152092483e-02 0.000000000000000000e+00 3.237005969482939505e-01 0.000000000000000000e+00 1.139740742011595420e-01
1.374674047263837516e-05 0.000000000000000000e+00 7.475125771791699680e-01 8.991465929898656909e-03 0.000000000000000000e+00 0.000000000000000000e+00 5.954024215929785147e-01 0.000000000000000000e+00 2.905320932878061591e-01 4.723515048601739652e-02
0.000000000000000000e+00 3.146066877839568399e-01 2.710963593306340846e-01 6.820148157720461457e-01 4.181129209470449415e-01 1.065204084924899902e-01 0.000000000000000000e+00 0.000000000000000000e+00 3.207062225351390294e-01 2.708647148775026881e-01
5.503424107733709825e-01 1.616912151356429128e-01 5.605568065678220302e-01 5.625112675513245231e-01 1.488984431932545427e-01 -0.000000000000000000e+00 -0.000000000000000000e+00 1.255423251568472953e-01 4.903774616801558073e-02 -0.000000000000000000e+00
-0.000000000000000000e+00 3.094893753788168222e-01 1.261920129800055690e-01 3.036342374872549269e-03 4.208099854370912496e-01 8.091114618371675338e-01 2.185671740612630254e-01 5.175912635205597148e-05 9.364117276438641002e-02 -0.000000000000000000e+00
5.979225773860087356e-01 2.204504430387600189e-01 -0.000000000000000000e+00 -0.000000000000000000e+00 -0.000000000000000000e+00 7.216313136781699056e-01 2.232604793489243178e-01 1.523922530196587521e-01 8.354658322534978809e-03 -0.000000000000000000e+00
-0.000000000000000000e+00 2.739701603676396036e-01 2.591363969830031144e-01 2.780141423631276032e-01 -0.000000000000000000e+00 5.275468212151547265e-01 3.498328494689225687e-01 1.317406501074404046e-01 6.020403189159349022e-01 -0.000000000000000000e+00
4.113725375399627238e-01 1.367763582158945113e-01 5.658214407658042344e-02 3.229493238630136709e-01 5.321067363294609276e-01 -0.000000000000000000e+00 3.562007260007141185e-01 3.294012654028584675e-01 4.313297215351824532e-01 -0.000000000000000000e+00
4.593636677278314928e-01 2.309236111489160193e-01 3.834587390014627117e-01 5.445430047169317334e-01 1.424371810359325585e-01 1.131953122247184446e-01 5.028642554460571734e-01 7.821527449175144642e-02 -0.000000000000000000e+00 1.620464976236076713e-05
2.592849666944278542e-01 -0.000000000000000000e+00 8.345674035715106021e-01 5.686207449688914645e-02 2.034213193317392903e-03 4.033681469725156760e-02 -0.000000000000000000e+00 -0.000000000000000000e+00 -0.000000000000000000e+00 4.810447617247803342e-01
0.000000000000000000e+00 0.000000000000000000e+00 6.141314784371288554e-02 1.629342435748608320e-01 0.000000000000000000e+00 7.120831208282573099e-01 0.000000000000000000e+00 5.274535607727800501e-01 4.294312841447617268e-01 0.000000000000000000e+00
5.533293159772229020e-01 0.000000000000000000e+00 4.696472888832635140e-01 8.761016278453251068e-04 3.073802863148907827e-01 5.169482955339690378e-01 1.753567805747466568e-01 8.336787374756933489e-02 2.067160793300573047e-05 2.717332158683786192e-01
-0.000000000000000000e+00 -0.000000000000000000e+00 3.058719388437194930e-01 8.229634694166734210e-01 3.795619727629038764e-01 -0.000000000000000000e+00 6.928214976353923304e-03 1.451550387334588355e-01 2.529589066103777872e-01 -0.000000000000000000e+00
5.330657801196196921e-01 1.326434500195004210e-04 0.000000000000000000e+00 0.000000000000000000e+00 3.920899483058395973e-01 0.000000000000000000e+00 4.589669776674769608e-01 1.042287845905200683e-01 2.706238799363022696e-01 5.170635535313693465e-01
7.773712493133911883e-01 1.163124129606082739e-02 0.000000000000000000e+00 5.249707102711807100e-02 0.000000000000000000e+00 0.000000000000000000e+00 4.548962381047937271e-03 0.000000000000000000e+00 5.941819007166846411e-01 1.993235768853946488e-01
2.874546630775330347e-01 4.613261316843291215e-01 5.063423113699858646e-01 0.000000000000000000e+00 2.767881041529718367e-01 0.000000000000000000e+00 0.000000000000000000e+00 2.728925688439258757e-01 5.450536412921411777e-01 0.000000000000000000e+00
5.231512707112634386e-01 -0.000000000000000000e+00 6.142019756550473053e-01 -0.000000000000000000e+00 -0.000000000000000000e+00 4.556449080818567032e-01 3.761068980937511963e-01 -0.000000000000000000e+00 -0.000000000000000000e+00 -0.000000000000000000e+00
1.202140762636697419e-01 0.000000000000000000e+00 6.932038870958292520e-01 0.000000000000000000e+00 0.000000000000000000e+00 6.314117676668272727e-01 0.000000000000000000e+00 0.000000000000000000e+00 3.260922054192003094e-01 0.000000000000000000e+00
1.016401595035352073e-01 -0.000000000000000000e+00 -0.000000000000000000e+00 2.933037442335294509e-01 1.003616302076433126e-01 8.209699165431829648e-01 7.924124827300142726e-02 2.131022223695146489e-01 3.554309856556065461e-01 2.038509571648514651e-01
0.000000000000000000e+00 0.000000000000000000e+00 6.112228725458324075e-01 3.127395190857992779e-01 4.121551760723908830e-01 0.000000000000000000e+00 2.906385417374708902e-01 1.692195482088178216e-01 4.956033561995156766e-01 1.912852648104952944e-07
6.798612746739519652e-01 5.529068689830480606e-06 4.645505279628427409e-01 2.833174450945871725e-03 6.879760464254894786e-08 5.518573394544850075e-01 0.000000000000000000e+00 0.000000000000000000e+00 1.320110001110740561e-01 0.000000000000000000e+00
5.713912350806489293e-01 0.000000000000000000e+00 0.000000000000000000e+00 2.458503671288981007e-01 2.590321429752977522e-01 4.797182292082710076e-01 3.329203732346061040e-01 4.522641945790063008e-04 4.499930729003371321e-01 5.012462279801525172e-02
1.063864370349365410e-05 0.000000000000000000e+00 0.000000000000000000e+00 4.671993589475387232e-01 4.489408118168999873e-01 2.722538653081912549e-02 2.221121495211814372e-04 1.888518241542980203e-01 4.378716271960416129e-01 5.933287975277590220e-01
1.898128542355961568e-01 3.005822622911540343e-01 5.629660281814478084e-01 0.000000000000000000e+00 1.668429793291883179e-01 8.816554364195736238e-06 5.040732711662745391e-01 0.000000000000000000e+00 3.336751818469887998e-02 5.231164318516743350e-01
4.532221583073983533e-03 -0.000000000000000000e+00 3.342642123457318423e-05 -0.000000000000000000e+00 1.925026604006965236e-01 2.535415403149218067e-02 5.317213659964781236e-01 5.390538990180110401e-01 6.236767058007834930e-01 -0.000000000000000000e+00
7.361718026869124021e-01 0.000000000000000000e+00 1.899888377747219748e-01 1.709702195569583541e-02 0.000000000000000000e+00 0.000000000000000000e+00 0.000000000000000000e+00 6.483010357236212995e-01 0.000000000000000000e+00 3.699699135927982802e-02
5.824718500724803683e-01 0.000000000000000000e+00 0.000000000000000000e+00 6.447978018651325804e-01 0.000000000000000000e+00 4.937612374943314971e-04 2.443152441524026885e-01 0.000000000000000000e+00 0.000000000000000000e+00 4.304325223047480997e-01
7.733777691231528140e-01 9.277446302422952956e-04 2.025966941789513054e-06 0.000000000000000000e+00 1.264906916386310531e-01 3.286821169323874137e-01 5.043568766096384604e-01 1.532262296935057722e-01 0.000000000000000000e+00 0.000000000000000000e+00
6.174577240154176527e-01 -0.000000000000000000e+00 4.402244254901996334e-01 3.989296582261598334e-01 -0.000000000000000000e+00 5.155613853297036364e-01 -0.000000000000000000e+00 -0.000000000000000000e+00 -0.000000000000000000e+00 -0.000000000000000000e+00
-0.000000000000000000e+00 -0.000000000000000000e+00 5.478285810290104418e-01 5.450916505266882872e-01 -0.000000000000000000e+00 5.750447283818646005e-01 6.023968209779705096e-02 2.300126247726936579e-01 1.246908035199199710e-01 2.745132938560985720e-04
8.847472703189337428e-01 0.000000000000000000e+00 4.034835017197485607e-01 2.281308654690356319e-01 0.000000000000000000e+00 1.833215155738277327e-04 0.000000000000000000e+00 2.570680348690401225e-05 4.376725968510499637e-02 2.154141210674788767e-02
0.000000000000000000e+00 1.969011019167803134e-01 7.938204644637870955e-02 2.684871146544956511e-02 4.115724661738059953e-01 7.152683381449670419e-03 7.957381666822717081e-01 3.316355768220825007e-01 5.949641528821987546e-02 1.950469905061788800e-01
6.148187725043694485e-01 1.823127021294032868e-01 3.302243448312459917e-03 1.940560015546708705e-01 5.960205499129069828e-01 0.000000000000000000e+00 0.000000000000000000e+00 0.000000000000000000e+00 4.176078240492995253e-01 1.464736441877610151e-01
