-1.039432673400155549e+00
-4.536776386235734648e-01
2.642553352961608315e+00
-6.908380590651657105e-01
1.133700037977623420e+00
2.308140384285763957e+00
1.473909405285608321e+00
1.669227677539253385e+00
2.032709730931805403e+00
1.231891561522616030e+00
1.078984483256191007e+00
9.384406554678833556e-01
8.798673864366924890e-01
2.231102095656133599e+00
1.670521465040921472e+00
1.256234736629145698e-01
4.659817243227938555e+00
-3.371300444096885784e-01
1.669836143773286041e+00
2.459599986756109136e+00
1.951348951693059330e+00
-1.868512411857126132e+00
1.948802070528794284e+00
2.354702057297406934e-02
-3.347477712121353921e-01
-6.076870849569064870e-01
4.230183296833118778e-01
6.059959416885003503e-01
2.287306607513531098e+00
-1.223398033588315448e+00
3.277982313277163495e+00
-4.162913430357307321e-01
1.961199563483020158e+00
-1.416218082701782954e+00
-6.478925554105533502e-01
4.946782132368287010e-01
1.890337468725076464e+00
2.262368480921207237e+00
3.956082659373177712e+00
2.891236768661684220e+00
2.149651626663269699e+00
1.475525104939988674e+00
4.264447142722771034e+00
1.401398602082038591e+00
8.806244794935087494e-01
1.971518519407916337e+00
2.024724476242028892e+00
1.917829545357827570e+00
-4.654641441655838485e-01
1.573348673401034681e+00
2.187049372641738820e+00
4.209353123111426065e+00
7.828535310603401687e-02
2.424970113675045891e+00
1.037838178998542693e+00
3.172785388013534824e+00
1.684810477740516177e+00
1.917343785124823841e+00
2.620423024958320912e+00
2.358405142343090066e+00
3.824536808637668095e+00
1.561210828691404151e+00
2.053165913454767733e+00
2.130386467721010757e-01
1.816372232679239751e+00
1.139359365839333504e+00
-9.194059789892146117e-01
-7.587786548008634835e-01
1.656920825650667561e+00
4.236988957219548269e+00
1.918838221126430987e+00
-9.260479082848301902e-01
-5.711983568760023999e-01
2.980201504501244880e+00
-8.335095108729320690e-02
-1.465023258185445786e-02
8.754961231768053354e-02
-7.229630895071701424e-01
4.975251232632149079e-01
4.624026958396563747e-01
1.085800761712845341e+00
2.240367374305158865e+00
1.746233336059525854e-01
1.831702513015334433e-01
3.008563057068206259e+00
4.819752835929306256e-01
1.019178540176796099e+00
-1.795136120400509655e-02
4.136439923558159482e-01
9.030176401386896812e-01
4.613818337658082136e+00
2.749170706847330337e+00
-1.943786781944845554e+00
1.595121717613694923e+00
2.046880495622865226e+00
1.513924402506826139e+00
-4.444554082436362741e-01
1.270365174901550098e+00
2.375965258024845816e-01
9.024475939030808247e-01
2.598280314942202018e+00
1.184963709122834441e+00
2.202259705850162064e+00
1.823009964142662920e+00
3.040102418673783724e+00
2.293116736248910659e+00
1.040043098996418003e+00
1.700811269951494786e+00
5.039432674503362408e-01
3.370138667225914819e+00
2.851159507298376194e+00
1.516951860128660234e+00
7.545091735344956474e-01
1.563468872095228779e+00
3.510436714982848816e+00
1.395634780199676461e+00
2.182164521696980053e+00
1.272037815220228296e+00
2.099247094421067938e+00
9.540863768389208355e-01
1.857667565627577844e+00
2.497194980130699182e+00
1.829874246922097880e+00
1.781660023629583200e+00
2.621040478726258671e-01
1.409224592068753390e+00
1.418371190104954715e+00
5.342416280933660611e-01
1.369756923858163278e+00
-7.873131154068062632e-01
2.409064652510386928e+00
2.954964522305953412e-01
1.093774525178813350e+00
2.242802423161562420e+00
1.643329038107735451e+00
6.750662098304652803e-01
2.566412432269366217e+00
1.239804545441580030e+00
-9.710597053857011884e-01
4.495091394140278140e+00
-1.633996020354938281e-02
-9.788944255658388327e-01
9.504903015034075198e-01
4.419643085560650553e-01
2.683908741133184783e+00
7.730448885055400954e-01
1.895089499924192067e+00
1.840791101312656330e+00
8.778093731328803218e-01
1.241549394032727127e-01
1.183220036604543557e+00
4.439537125784652760e-01
3.654478768966637592e+00
8.406707573643596998e-01
1.990299551748885731e+00
2.201409687393745873e+00
1.512450953661054642e+00
3.987667392553368995e+00
6.010535201861580967e-01
7.790812272621239210e-01
7.523318083917264198e-01
-7.711011143018416947e-01
1.938200502551054250e+00
5.562354372501139288e-01
-1.182721369069876127e+00
-2.008263493608859029e+00
-1.071393052715116506e-01
1.928939359625652328e+00
1.701619039042958359e-01
5.035511433748141030e+00
5.705954637429123677e-01
2.333937483581973726e+00
1.470355768392452189e+00
9.825132461764468639e-01
1.039896889348550957e+00
1.631149176185641814e+00
-7.916618503675360019e-01
1.336504695919097374e+00
3.617533913315033045e-01
7.730393395767918285e-01
2.552784317572546868e+00
-3.032894925815618134e-02
6.377248254880495404e-01
8.609070217939661651e-01
6.290584566145577261e-01
1.714993315465540569e-01
1.254274126307904691e+00
2.175393475357691120e+00
9.770012605126546790e-01
4.477415192655345599e+00
9.466420563460707926e-01
1.475276576224249014e+00
1.616990671964123161e+00
5.230311994406748877e-01
1.080667719996614151e+00
6.993577575272158509e-01
1.798885109455612641e+00
5.215010275746829738e-01
2.028683664530173125e+00
-1.457223206925201131e+00
4.389040912049520238e-02
3.794426410268688432e+00
7.287086757816144678e-01
1.538642556939448403e+00
3.777034394125035610e-01
7.723612264535323346e-01
1.064266111768627399e+00
6.227539870893331608e-01
-1.134836775803296671e+00
4.223318325974580567e+00
-2.010838710704846155e-01
4.168652883255191455e+00
-4.847022154493517698e-01
1.494068022650220096e+00
1.323636865991561162e+00
8.893870215601217266e-01
3.981028809471621521e+00
