-4.979406656453942981e-01
-6.873923995263423459e-01
-1.574938252347491685e-01
-5.878520911052623754e-01
5.379693227535243816e-01
1.415374052809386385e-01
-6.330490893686376019e-02
3.340850016858869925e-02
-2.785805990813806643e-01
1.777727905586637958e-01
1.918321276448849699e-01
2.819531411639694674e-01
-9.903523636122366636e-01
5.515193614792542887e-01
-5.896340879767760779e-01
8.004382963185787681e-01
-2.837007136078409930e-01
1.199716308141983712e-01
7.404349538724597224e-02
2.921292834537724814e-01
1.779752119892347717e-01
-4.358005955288046795e-01
-3.110627357411109850e-01
-2.102439339819191788e-01
6.727671647967157532e-03
-8.079614709740968737e-01
-7.484150406822277779e-02
-6.552693439473844528e-01
3.603279982988812358e-01
-4.301154141689874644e-01
-4.525014528656165491e-02
-1.839057202492739573e-01
-1.697649131761808927e-01
-3.740832682190824848e-02
4.720776298434470886e-01
5.409403950623470347e-01
-6.082573346852309104e-01
-2.217494901617212411e-01
-1.158201198584327019e+00
-1.188552351476294400e-01
-5.618290953485129968e-01
-5.891381532698605206e-01
5.722240335559088953e-01
4.854762826479273596e-01
-9.031666679319115543e-02
-7.700764177072095817e-01
-1.000687251364616864e-01
-4.100253222705315115e-01
2.829749314137993133e-01
-5.471121089821520678e-02
-5.691186059140875830e-01
4.589918207972236708e-01
2.711295362190907152e-02
-2.774118103907597874e-02
-3.944230405967902864e-01
1.170201657047732935e+00
3.788033265482700918e-01
2.564599171129137156e-01
-4.797740580803367405e-01
-3.118565242291108652e-01
1.300104702607598472e+00
7.215465599436401423e-01
1.773449675162212802e-01
-1.457650141030337465e-01
6.083897672243790966e-01
9.048617618267419671e-02
8.764641712485503333e-02
-1.336786469103168895e-01
-4.032002921777436133e-01
5.124647545015759142e-02
4.969897720900500748e-01
7.454220998882784555e-01
-1.797932505631500422e-01
-3.029782663728835534e-01
2.020235888421831882e-01
4.225114479527257161e-01
3.672781393552044804e-01
-3.637405635579025187e-01
-4.211287736254258895e-01
1.073330174767442302e-02
5.185386557316512546e-01
