1.587293521141986963e+00 8.678748268554878909e-01 4.839449279203804077e-01
6.237386352231260034e-01 7.585464275315162430e-01 1.372275502972759353e+00
1.272660181534020607e+00 7.443199680764428505e-01 4.891262428916232086e-01
3.462116696377681158e-01 5.464626245504506930e-01 7.570949940178441084e-02
5.291603040198139540e-01 5.082356444743509893e-01 1.151698573823912941e+00
9.549458126262974078e-01 1.757724232455134761e+00 1.132325948380129121e+00
1.058218733173102111e+00 8.480781926417618743e-01 8.395520347251180793e-01
1.451435344925038118e+00 7.552560319980816672e-01 3.974913403106990484e-01
1.296650176328790538e+00 6.298156316716110315e-01 6.686186564752059913e-02
1.355171657827744625e+00 4.971899466520346422e-01 1.284584138420932442e+00
5.129564901140724054e-01 2.904558688972388447e-01 2.317546172294624451e+00
9.303906129268602054e-01 4.606290541195356969e-01 9.258991129414827492e-01
9.620371256882681577e-01 3.332652844172120932e-02 8.349226798733672128e-01
3.431944281851532774e-01 1.039473608143367311e+00 1.087246323803126913e+00
1.865149787850848950e+00 6.585777660662367472e-01 2.888168340444102200e-01
6.553445239301258773e-01 1.171332453449803079e+00 9.900692576268441680e-01
1.100949486954489576e+00 1.504391196021114485e+00 9.592033147273043570e-01
1.023158278955752509e+00 6.499087102476803768e-01 4.330492231572219963e-01
9.871230852981590642e-01 8.945746694016966094e-01 6.733398022579484277e-01
1.352459456533700699e+00 6.111037498699617432e-01 2.130467099724334124e-01
3.145734063430261074e-01 1.173210036453778082e+00 1.758718796244091331e+00
1.212976146344929562e+00 1.790907117410494243e+00 6.784762415428585713e-02
1.596664181930178561e+00 3.174978542077443455e-01 4.069223070579071067e-01
1.902633509834171233e-01 1.475906496213193475e-01 6.314235381063726393e-01
7.201415107259243609e-01 1.135374058374864603e+00 1.461620672675500998e+00
1.947801939623105882e+00 1.064376424899764029e+00 6.933440546691015394e-01
6.520609451096566200e-01 7.076196609968870010e-01 7.929488279482005408e-01
1.056009922588453609e+00 5.085648984276021078e-01 1.072492443230080861e+00
1.852091773806097130e-01 1.518202188467505653e+00 1.573364078350642181e+00
6.782614109442223205e-01 7.574164001486953790e-01 4.942426673470455278e-01
1.319631457959002718e+00 9.465825032875498923e-01 7.557390030395564340e-01
8.937971529723530706e-01 1.033872221284877491e-01 1.186978052669784844e+00
1.768594284279628281e+00 5.369151339395016320e-01 1.597183226742826756e+00
1.531190049419830945e+00 6.070284057964677737e-01 9.368660719268444570e-01
1.369079410189312451e+00 2.897199340253535094e-01 9.973406075568294060e-01
1.102857162038915151e+00 3.891556658942201263e-01 3.751572332851372260e-01
1.466204324154684491e+00 1.061728762721393604e+00 4.923305478116757339e-01
1.624058034900088598e+00 9.430843086377547202e-01 5.895800692808935706e-01
2.940932365364961054e-01 8.865964834155398711e-01 1.185570889708454506e-01
9.641177523830212204e-01 9.736819180248016403e-01 1.091907774652778551e+00
2.449422635884435095e-02 5.702805472955242427e-01 4.145475780186172639e-03
1.729673567748623020e+00 3.875921571890656447e-01 6.563607526639245737e-01
8.235623639363081061e-01 8.152441123221901842e-01 1.011211487287100828e-02
1.057619885824282013e+00 4.572159412239369947e-01 1.361464562034700121e+00
1.381245020355630349e+00 8.527489168161380695e-01 1.582841249987318455e-01
2.793393842573503941e-02 5.592376904875465682e-01 8.942267088373111183e-02
9.660921447132875262e-01 1.847139820824099443e+00 6.785953797130123144e-01
2.065589257882889829e+00 1.291677997109936582e+00 4.133607936744178590e-01
1.470150342386977282e+00 1.052277408406977477e+00 6.999433390062181903e-01
1.349445906192442646e+00 1.531104826490336634e+00 4.600377606753932591e-01
6.816761669138882151e-01 1.750951578272064380e+00 1.108751542468166651e+00
5.222634615193083585e-01 9.543918308653813742e-01 7.613453073959427497e-01
1.125710525288114328e+00 1.404754149034438848e+00 9.749544259184725892e-01
1.118423280045500956e+00 1.121093158096575948e+00 8.177965756339163894e-01
1.583523784019966740e+00 7.829697833783876293e-01 6.457758936601514232e-01
8.934772210818802129e-01 1.409675898044793207e+00 4.725137591240939627e-02
1.789394831831297772e+00 1.273254795090738689e+00 7.773298630018357080e-01
5.715502627292476934e-01 1.569132029882871926e+00 8.058401673629829176e-01
2.375611347555507180e+00 2.863868257695614816e-01 1.276286366854238574e+00
1.588728833870169277e+00 1.063200678671488930e+00 7.725320642592530263e-01
1.438031765382764782e+00 1.906870827702126028e-02 6.725698574970045973e-01
1.089013024325196533e+00 5.717156604911082241e-01 1.810707387746934571e-01
8.001026664810649836e-01 1.763447914997516186e+00 5.303032292274248993e-01
8.911162228770277416e-01 9.576055033068796574e-01 3.791365266644881049e-01
1.605623035048738600e+00 5.478102477521880065e-01 1.031172449330807872e+00
1.348728219191842381e+00 1.104496638340524806e+00 4.259071761585403459e-01
1.191622366395643562e+00 1.222341246791646796e+00 1.056679229092577499e+00
1.049986583171536036e+00 1.107099327904919939e+00 8.959348021655976213e-01
1.141135695175443665e+00 9.869882458548324689e-01 1.479918792971736341e+00
1.345561635111268473e+00 3.540294905113982038e-01 1.352104827651728680e+00
1.139214242925961740e+00 1.099370877799010326e+00 5.820987628157576754e-01
7.710733356153641749e-01 1.275848666313569746e+00 3.447635118540509080e-01
1.415061493044892371e+00 9.812658753973212411e-01 9.442862147146238172e-01
1.673269515355619630e+00 9.796535211816653765e-01 6.384276464552278707e-01
9.897399709591455652e-01 2.330451776543962794e-01 1.524961570504339337e+00
1.019807821193770003e+00 8.603721472153039729e-01 1.714596119704685506e-01
1.656814969501971158e+00 4.741401643142515998e-01 8.679901326274276352e-01
1.222963568308636173e+00 1.560884820549755525e-01 1.059060921644116471e+00
1.169364438167408426e+00 2.374796050170813633e+00 9.517133216831710207e-01
1.342231387255550468e+00 1.199745701571256928e+00 1.050647351054875278e+00
4.885836897225012687e-01 1.094725259424204289e+00 1.624263983748046591e+00
