2.959206753066037643e-01 7.350141301371740377e-02 8.155666753178495432e-01 3.770066623507340453e-01 -0.000000000000000000e+00 -0.000000000000000000e+00 5.633995068223078377e-03 -0.000000000000000000e+00 3.157748073624470631e-01 -0.000000000000000000e+00
-0.000000000000000000e+00 -0.000000000000000000e+00 -0.000000000000000000e+00 3.890780992183498488e-01 5.115468741440312161e-01 1.065029086154079541e-01 7.323255315892598372e-01 9.148879198195238038e-02 -0.000000000000000000e+00 1.758529938407522586e-01
0.000000000000000000e+00 2.260100200323938990e-02 0.000000000000000000e+00 1.553073538817046073e-01 4.350132188473990191e-02 8.501798656787856734e-01 2.761215019273827176e-01 1.125883987078052650e-01 0.000000000000000000e+00 4.021833166320722408e-01
-0.000000000000000000e+00 -0.000000000000000000e+00 1.911177323189140187e-01 4.214983227587300041e-01 -0.000000000000000000e+00 -0.000000000000000000e+00 7.839857619115120357e-01 -0.000000000000000000e+00 4.137384456693374846e-01 -0.000000000000000000e+00
4.130162926545225682e-03 0.000000000000000000e+00 8.108036125033960539e-01 2.024304600083891570e-01 9.329859108040393367e-02 4.884715962478812790e-01 1.382379591014506470e-01 1.589488428595257630e-01 2.935876833064789647e-05 9.959295297881144704e-02
5.086349262728717679e-03 4.124032302366105740e-01 9.133519311612600666e-02 7.945877162751710797e-06 3.690452754237377175e-01 1.414963326121504439e-01 1.460672800205380373e-01 5.509396672087188973e-01 5.783523022752836695e-01 7.732015893572587173e-02
3.950375899891735987e-01 6.165395442955561023e-02 4.761208049621991067e-01 -0.000000000000000000e+00 2.739458571228758910e-01 1.558022902627535962e-02 4.427702158867763416e-01 9.767629607896423372e-02 5.766956497299637885e-01 -0.000000000000000000e+00
-0.000000000000000000e+00 6.838738833640221060e-01 -0.000000000000000000e+00 3.432125466261889968e-01 1.382886463500819507e-01 -0.000000000000000000e+00 -0.000000000000000000e+00 4.350635287100145243e-01 4.485567453112144221e-01 7.010336656566988622e-02
1.944532501943443308e-04 2.600914413132708325e-01 -0.000000000000000000e+00 5.001118345615320759e-01 5.330709862328902870e-01 -0.000000000000000000e+00 2.743293165574361425e-01 4.211843727548084670e-01 3.813437178399296523e-01 -0.000000000000000000e+00
1.171887748381288813e-02 5.999815026618708913e-01 1.183809834432796720e-01 3.377207846151897806e-04 1.223657311510472079e-01 4.981966917432894548e-01 5.949725849996879701e-01 7.197869669629990749e-04 6.495748142427183465e-05 9.329779225546883104e-02
3.640204027150618915e-02 -0.000000000000000000e+00 1.851473039771583395e-01 2.987711723783704511e-03 -0.000000000000000000e+00 4.344457201195935925e-01 -0.000000000000000000e+00 4.886090639230383226e-01 1.366287680075684852e-01 7.198868796883792776e-01
6.843963802067637436e-01 2.169298438772720716e-01 4.075621921292971739e-01 8.096116010706999599e-02 4.816226612916476024e-01 -0.000000000000000000e+00 -0.000000000000000000e+00 -0.000000000000000000e+00 -0.000000000000000000e+00 2.827030240844472520e-01
-0.000000000000000000e+00 2.066005170338217622e-01 1.051846666668535268e-01 5.113744901176455748e-01 -0.000000000000000000e+00 1.576913407137371104e-01 7.909721596628173090e-01 1.850541182843454813e-01 1.116712605153922365e-05 -0.000000000000000000e+00
4.722899315894332761e-02 1.708301543791107590e-03 1.862758567639400675e-01 4.403241850502625371e-02 -0.000000000000000000e+00 3.765855281784477593e-01 -0.000000000000000000e+00 1.729156820424985475e-01 4.630515369959980476e-01 7.582847329166446659e-01
2.061102170522972066e-01 -0.000000000000000000e+00 3.571565512471880268e-05 2.583096082597519660e-01 7.245350827060108578e-01 2.874493983823653287e-01 1.916209070790032831e-01 1.147732631028276079e-01 4.830372726576073750e-01 -0.000000000000000000e+00
3.805204383687569858e-01 2.687225763778287521e-02 2.029489447059722451e-01 -0.000000000000000000e+00 6.236788379115383307e-01 1.073236898389434701e-01 -0.000000000000000000e+00 1.626189025773403657e-02 2.240816614386340611e-01 6.019328004591907311e-01
1.104749207370757519e-01 5.719105690500719819e-01 6.265236032726628768e-01 3.242500979742314882e-01 -0.000000000000000000e+00 3.476075465339212855e-01 -0.000000000000000000e+00 -0.000000000000000000e+00 2.054571366381987285e-01 -0.000000000000000000e+00
0.000000000000000000e+00 3.106637301010231056e-01 0.000000000000000000e+00 2.235451342779413431e-01 4.898082274444712225e-01 0.000000000000000000e+00 0.000000000000000000e+00 0.000000000000000000e+00 3.604527189871272186e-01 6.954691635456370369e-01
0.000000000000000000e+00 5.975501883782593504e-01 3.880455145713457461e-03 2.346606863202482518e-01 4.105622942845156276e-01 5.241184894230319635e-01 7.249629171527993386e-07 3.725979191764492437e-01 7.590967602544299031e-02 0.000000000000000000e+00
0.000000000000000000e+00 2.051824565531622513e-01 5.431426593135325609e-01 2.742365164486333384e-01 5.653957462102949805e-01 1.489302675567887591e-01 4.958205015677604743e-01 7.833041022452949548e-07 0.000000000000000000e+00 0.000000000000000000e+00
1.245548237049097680e-02 0.000000000000000000e+00 0.000000000000000000e+00 0.000000000000000000e+00 5.309585759904585922e-01 0.000000000000000000e+00 3.256225717916068074e-01 7.728757426031896971e-01 0.000000000000000000e+00 1.206684663716701966e-01
-0.000000000000000000e+00 2.057341274740131232e-01 5.122003565702146766e-01 2.919895654699739551e-01 3.099973127151824381e-01 -0.000000000000000000e+00 1.066728845716775178e-06 -0.000000000000000000e+00 6.849116833303271479e-01 2.118112587289741611e-01
-0.000000000000000000e+00 7.084271491098606066e-04 1.952706716831737743e-01 5.581524250293853351e-01 5.647790889352249932e-01 3.730428877640645235e-01 -0.000000000000000000e+00 1.429988066154314931e-02 4.381710069692004716e-01 -0.000000000000000000e+00
-0.000000000000000000e+00 -0.000000000000000000e+00 -0.000000000000000000e+00 5.028513199280089108e-01 -0.000000000000000000e+00 1.780479723252687829e-01 6.754276153975846686e-01 3.593157486594677780e-04 5.091530976514284657e-01 -0.000000000000000000e+00
-0.000000000000000000e+00 -0.000000000000000000e+00 3.175793086126648540e-02 3.404032729073373509e-01 6.245927635717677395e-01 -0.000000000000000000e+00 -0.000000000000000000e+00 6.299280566687539551e-01 2.218360105547286243e-01 2.167495170879397137e-01
2.724623634330923250e-01 -0.000000000000000000e+00 6.330693526768688129e-01 3.746981408995670448e-01 5.490018102554268253e-01 -0.000000000000000000e+00 -0.000000000000000000e+00 1.950856858002863736e-01 1.574851256031211399e-01 1.425685139363433163e-01
-0.000000000000000000e+00 8.805594275571439200e-02 6.197410493759869521e-01 3.121758346209212442e-01 -0.000000000000000000e+00 -0.000000000000000000e+00 5.932632142714743262e-01 8.739999064315383400e-05 -0.000000000000000000e+00 3.984371743399510724e-01
-0.000000000000000000e+00 9.687082032840321766e-02 7.226935946510584241e-01 9.187099806168563809e-02 -0.000000000000000000e+00 -0.000000000000000000e+00 2.312366412474606281e-01 3.352640673714709640e-01 5.422336701169659934e-01 -0.000000000000000000e+00
5.135917186502995113e-01 0.000000000000000000e+00 4.086051643267374911e-01 0.000000000000000000e+00 1.154272406769498230e-02 2.866924816574643268e-03 7.429477487434725802e-01 1.079178221913819763e-01 0.000000000000000000e+00 7.420443903851008105e-02
-0.000000000000000000e+00 3.649143445043754319e-01 -0.000000000000000000e+00 4.178714379523235656e-01 -0.000000000000000000e+00 -0.000000000000000000e+00 7.248898278697821773e-01 3.654879790765915848e-01 1.821380166797308131e-01 -0.000000000000000000e+00
4.609180373472290260e-01 5.710159867534659803e-03 0.000000000000000000e+00 2.532648269789625293e-03 6.094682077133509734e-01 3.744371369549683859e-01 3.979872427807694124e-01 0.000000000000000000e+00 3.427346370800739561e-01 0.000000000000000000e+00
7.890827068278663536e-02 -0.000000000000000000e+00 6.379450742663541618e-01 -0.000000000000000000e+00 3.626944770429026410e-01 1.218246473085557620e-02 6.341320609624871985e-01 1.556817903617560735e-02 2.296476256654334247e-01 -0.000000000000000000e+00
0.000000000000000000e+00 4.706135457975954006e-01 5.507880874508362945e-01 0.000000000000000000e+00 4.795470291731469548e-01 1.159078422940335029e-01 5.833869209956068363e-02 4.114812374642321524e-01 1.646528572604933542e-04 2.429715070712378522e-01
-0.000000000000000000e+00 6.486769813134872775e-01 -0.000000000000000000e+00 4.788059364231172371e-02 -0.000000000000000000e+00 3.360254092620300059e-01 3.984718482521288352e-01 -0.000000000000000000e+00 -0.000000000000000000e+00 5.524787173704515109e-01
5.234642798868451713e-02 2.162971366670829731e-01 6.732030085996437707e-01 2.200131052976175561e-01 0.000000000000000000e+00 0.000000000000000000e+00 4.884205256599283979e-02 2.021469625912212381e-02 2.380134134188053099e-02 6.674628521219391208e-01
0.000000000000000000e+00 0.000000000000000000e+00 2.251374166310404074e-02 0.000000000000000000e+00 0.000000000000000000e+00 1.211283190410178439e-04 7.938874458599131101e-01 6.076477927794808886e-01 7.113496250317865955e-07 0.000000000000000000e+00
6.398522792830229067e-01 4.582720480835320576e-01 -0.000000000000000000e+00 -0.000000000000000000e+00 4.700977188769589477e-01 7.579772797646398830e-03 1.050185890172051079e-01 -0.000000000000000000e+00 3.853538222899783316e-01 -0.000000000000000000e+00
2.929976947835838952e-01 1.779567432145602313e-01 2.860731332109596736e-01 9.994771875103814884e-04 7.709545579865254572e-01 0.000000000000000000e+00 8.692363229991227928e-04 2.584893014683491974e-01 3.734387591970200759e-01 0.000000000000000000e+00
0.000000000000000000e+00 0.000000000000000000e+00 1.910063406598851144e-04 0.000000000000000000e+00 0.000000000000000000e+00 5.587940445086025942e-02 5.146534713932866545e-01 1.037330942673400924e-01 8.492636252727169266e-01 0.000000000000000000e+00
3.352652157369815766e-03 -0.000000000000000000e+00 9.006911451123025270e-01 4.811820593045204163e-05 1.769732952855851138e-01 -0.000000000000000000e+00 1.021237617903576061e-02 2.580830424229801912e-01 3.011868554015537658e-01 -0.000000000000000000e+00
0.000000000000000000e+00 6.048048267858630034e-01 0.000000000000000000e+00 0.000000000000000000e+00 0.000000000000000000e+00 0.000000000000000000e+00 7.955504313966996754e-01 0.000000000000000000e+00 3.620266013761210683e-02 8.820308960536105800e-08
4.858393510443342889e-01 2.270682183013426336e-01 0.000000000000000000e+00 0.000000000000000000e+00 4.228226623310356036e-01 0.000000000000000000e+00 5.359983818927267496e-01 3.919275765368289421e-03 4.312925829854344362e-01 2.455569733914615693e-01
5.455025148770942245e-01 5.456422018001296781e-01 2.584083542037649700e-02 1.112779598126750757e-01 1.348382568654367050e-02 5.191567333183396468e-04 5.218371760198436959e-01 1.238399771731252437e-02 6.864248036135704766e-04 3.449653675783708184e-01
6.676718972907878802e-02 0.000000000000000000e+00 0.000000000000000000e+00 4.880105087733656033e-01 0.000000000000000000e+00 5.122517592236363049e-01 0.000000000000000000e+00 1.408010995726368232e-03 7.035510204525098343e-01 0.000000000000000000e+00
-0.000000000000000000e+00 -0.000000000000000000e+00 -0.000000000000000000e+00 3.292258986014175853e-03 4.680642423797500284e-01 5.401336351058017016e-01 -0.000000000000000000e+00 -0.000000000000000000e+00 6.994002303854468527e-01 6.451731401409345906e-07
1.082062405489608845e-06 -0.000000000000000000e+00 3.688458892460941274e-01 1.629872250704060685e-03 3.135059578233144184e-01 1.296870607057348801e-01 8.653584997624101938e-01 3.182136705345477515e-05 8.525137305637455002e-06 -0.000000000000000000e+00
3.493320403543335173e-01 1.438572648984405566e-01 8.828665830305397477e-02 5.308395745078759997e-01 1.310038617404923333e-01 -0.000000000000000000e+00 4.554503437464081372e-01 -0.000000000000000000e+00 5.857388476191006665e-01 -0.000000000000000000e+00
0.000000000000000000e+00 1.015218486910685926e-02 5.576046004009889145e-01 5.936946154361314454e-01 1.949221770591861025e-01 1.445049954683347848e-01 2.132656771927265160e-01 4.818112148777589643e-01 0.000000000000000000e+00 3.188744747106318843e-04
2.431204695831922225e-01 5.622555584661803607e-01 1.992846907262252054e-01 3.059369578760440245e-01 4.958740218820459345e-01 -0.000000000000000000e+00 1.930816470541419083e-01 2.072069569929685753e-04 1.490478032844653848e-02 4.561310674282757494e-01
1.910460207093847285e-01 5.349230435215280438e-02 2.628141060795974120e-04 0.000000000000000000e+00 5.502728858634072795e-01 0.000000000000000000e+00 2.625870099178668760e-01 5.286144365051022032e-01 5.562791022158626308e-01 2.841397052563762217e-03
0.000000000000000000e+00 0.000000000000000000e+00 0.000000000000000000e+00 2.130966383687749044e-01 2.215738129231303172e-02 0.000000000000000000e+00 1.644720915500424430e-01 6.275744907006128859e-01 7.302041241277781314e-01 0.000000000000000000e+00
6.374681434785416378e-01 0.000000000000000000e+00 3.267534198628848086e-01 1.767554599878428112e-01 3.884375002126378307e-03 4.483730359192355879e-04 0.000000000000000000e+00 5.723340382278017113e-01 3.578303163522312258e-01 0.000000000000000000e+00
3.378565157781785507e-03 2.501878691157652934e-01 4.642941049177330970e-01 0.000000000000000000e+00 2.080292799134441928e-01 4.344003026040248461e-01 3.802276206119107466e-02 7.960571611742102427e-02 5.095239641753215309e-01 4.716442778592679352e-01
3.179229714913573979e-01 7.493937262059259252e-01 -0.000000000000000000e+00 2.604276146307448608e-02 -0.000000000000000000e+00 2.432129815080339985e-01 4.319221295257258952e-01 3.229955935266655630e-06 3.015734098659605955e-01 -0.000000000000000000e+00
-0.000000000000000000e+00 2.109405815025179043e-01 -0.000000000000000000e+00 5.126596696482693671e-02 5.584952366207173169e-01 5.438963283252232772e-01 2.039759909568864271e-01 2.637592412614959692e-01 4.836947220873585307e-01 -0.000000000000000000e+00
3.911891537731936874e-01 2.232496914735202231e-01 6.964385144388454130e-01 0.000000000000000000e+00 0.000000000000000000e+00 3.973504161729802808e-01 5.063228467718093595e-02 1.547697939686344497e-02 3.891188744557145252e-01 0.000000000000000000e+00
-0.000000000000000000e+00 6.234421362738626904e-01 1.760814554302409241e-01 3.579290356669403428e-01 1.282066150376001412e-01 -0.000000000000000000e+00 5.567005894816499101e-01 1.382678426288290810e-02 1.043711225135866014e-03 3.544817025370917141e-01
4.643454929079519067e-01 0.000000000000000000e+00 2.003239362926273470e-01 1.818029638824237085e-02 1.028169071387633610e-01 3.872673946525437760e-05 0.000000000000000000e+00 1.659543584060152455e-01 8.401255225382935343e-01 0.000000000000000000e+00
4.182388640112966183e-01 4.468611406225022620e-01 -0.000000000000000000e+00 -0.000000000000000000e+00 -0.000000000000000000e+00 9.519669091188817656e-02 3.487290468541299759e-01 3.157618891057112909e-01 6.284993595383575604e-01 -0.000000000000000000e+00
-0.000000000000000000e+00 1.335202225063914505e-01 7.443339385994025559e-01 -0.000000000000000000e+00 3.730417638613922615e-01 1.813104361002987885e-01 -0.000000000000000000e+00 1.395683106415675778e-01 4.836112455162251411e-01 5.240759565320295826e-02
5.363969721083647335e-02 1.834995858004272451e-01 4.559936323460142923e-06 4.597498075340992196e-01 4.027954806160630730e-01 2.234169247730207197e-01 1.789196163910417581e-01 4.926834973690445985e-01 2.208079848651013088e-01 4.652053890235050559e-01
3.816128065995702534e-01 2.082280687280614051e-01 5.424903735877087962e-01 0.000000000000000000e+00 4.818078552254019820e-01 4.836896700831201656e-02 1.598535723729354544e-03 5.265569456881292743e-01 7.005731337561543759e-02 8.109620522271524315e-03
1.905225353826143220e-01 4.142841322305157448e-01 1.557778624419555169e-01 -0.000000000000000000e+00 2.974992674867683040e-01 5.022420149912706355e-01 5.350849629196613444e-01 2.861335210219232983e-01 -0.000000000000000000e+00 2.426147433558185074e-01
1.669008788107828045e-01 1.129740830748198228e-06 0.000000000000000000e+00 9.759818095196310939e-01 1.135408499146093597e-01 0.000000000000000000e+00 2.942142268386015690e-03 0.000000000000000000e+00 7.497810626981818438e-02 3.288931311887150627e-02
-0.000000000000000000e+00 4.338284120490487616e-01 1.267167522396665889e-03 3.288080935603563959e-01 -0.000000000000000000e+00 6.322675573848630659e-01 3.349190518839489927e-01 -0.000000000000000000e+00 4.378006258986354982e-01 8.609141721062103098e-03
-0.000000000000000000e+00 1.360848916498186567e-01 2.767887886532937047e-01 4.647911665966057981e-01 7.791991205791467534e-01 2.313649997346453879e-01 -0.000000000000000000e+00 8.770108777123771784e-04 -0.000000000000000000e+00 1.677982074774869437e-01
2.375659401476212101e-02 6.458575021167833885e-01 0.000000000000000000e+00 1.156002776656793324e-01 0.000000000000000000e+00 1.816330921014597810e-01 3.969843377553148311e-01 6.117878684579030057e-01 2.049629325381415595e-02 6.040404295352014979e-02
1.919030526065303444e-01 8.307429666666474866e-01 9.881532087611145931e-02 4.152041829714552823e-01 1.782362599439757112e-01 -0.000000000000000000e+00 5.566999384738698792e-02 2.366706943911519589e-01 -0.000000000000000000e+00 1.742985236403191791e-04
-0.000000000000000000e+00 4.247275567685965814e-01 5.865085977984448862e-01 3.735263443819902829e-01 -0.000000000000000000e+00 -0.000000000000000000e+00 -0.000000000000000000e+00 5.797346238287535147e-01 -0.000000000000000000e+00 5.671543719935481862e-05
2.856994177127341467e-02 0.000000000000000000e+00 5.397766642520991642e-02 0.000000000000000000e+00 3.586045690505175335e-04 3.591836348601631368e-01 7.499539783581519181e-01 0.000000000000000000e+00 4.755770359301404460e-01 2.804508353465212100e-01
-0.000000000000000000e+00 4.076163942014524033e-01 3.768264677194923529e-01 1.046407137338281473e-01 -0.000000000000000000e+00 2.655862120876981702e-01 4.643546629342173993e-03 3.115991071355163067e-01 7.164142707187581838e-01 -0.000000000000000000e+00
0.000000000000000000e+00 7.049784194124175674e-02 6.287126037173206006e-02 2.415734960436541074e-06 6.721710563879598199e-01 4.314320740289028233e-01 1.723246304769363857e-01 0.000000000000000000e+00 3.672158099790158794e-04 5.687123897296519903e-01
3.428985233198574289e-01 5.944561437058619724e-01 5.546918071016646579e-01 0.000000000000000000e+00 3.667630712362417444e-01 2.662612321642886526e-01 6.608523417957059415e-03 0.000000000000000000e+00 1.261175177826422966e-01 0.000000000000000000e+00
3.183073966497358964e-01 7.017868642338460916e-02 4.629354024288636071e-01 4.182278125816902281e-01 4.256246347136064534e-01 1.238839417724211221e-04 5.394807180999627860e-01 1.347161967656406215e-04 1.798217306075370336e-01 0.000000000000000000e+00
-0.000000000000000000e+00 7.559888163292940999e-02 1.372426044544287072e-01 1.142299923838953207e-01 -0.000000000000000000e+00 5.996193272816090492e-01 -0.000000000000000000e+00 6.744613978694364853e-01 3.846547420645522464e-01 -0.000000000000000000e+00
0.000000000000000000e+00 4.231424833255314488e-01 0.000000000000000000e+00 0.000000000000000000e+00 8.370413616767859999e-01 2.844589764443046787e-01 1.984654842124408125e-01 0.000000000000000000e+00 2.596140203136405519e-03 0.000000000000000000e+00
-0.000000000000000000e+00 5.412009245013809089e-01 1.763534412144115437e-01 5.107834242677714576e-01 3.406843175033081872e-01 2.276191140707476968e-01 2.583606349989769901e-01 -0.000000000000000000e+00 2.494412231356750165e-01 3.438806621263145180e-01
0.000000000000000000e+00 0.000000000000000000e+00 3.857377655036889896e-01 6.535720059863024956e-01 0.000000000000000000e+00 1.089564829064099266e-01 7.919714810596905144e-03 0.000000000000000000e+00 6.417996386048021584e-01 1.445669713285510638e-02
-0.000000000000000000e+00 -0.000000000000000000e+00 7.718453089587334892e-01 -0.000000000000000000e+00 7.164056165309375113e-02 6.078370513267536968e-01 1.264388053057142747e-01 1.169179050089751010e-01 -0.000000000000000000e+00 -0.000000000000000000e+00
2.913328423795764621e-01 3.102027896687547526e-01 2.772591029927838902e-01 2.001766031711308680e-01 -0.000000000000000000e+00 -0.000000000000000000e+00 6.921265514991916667e-01 -0.000000000000000000e+00 4.429537796388375859e-01 1.634286003022993317e-01
1.453026231004862431e-02 2.495029188247331886e-01 -0.000000000000000000e+00 8.115873123369574116e-02 -0.000000000000000000e+00 2.307664120105508421e-02 6.341083401032547862e-01 1.513261329835741686e-01 -0.000000000000000000e+00 7.109324218505489457e-01
