3.543716757115487948e+00
3.997773162271729408e-01
5.181734550376840831e-01
7.388450863889950426e-03
7.749477765440471178e-01
8.544711956012628340e-01
1.315328168463655301e-01
-3.995758160419120020e-01
3.265888138296015875e-01
9.065595556793171195e-01
4.906385395760280765e+00
7.708842924588205081e-01
3.781180568519104668e-01
9.652511052082178855e-01
9.752124584285365438e-01
4.546034997084055895e+00
6.798530523253653035e-01
4.653450636445018995e-01
9.200174799133695736e-01
7.282073456329294370e-01
2.458565268843322382e-01
1.953996494346565971e-02
7.059888136027988592e-01
7.249592927394404640e+00
4.729746026430756700e-01
8.014673646377311611e-01
2.083140578602185933e+00
7.201693438586149743e-01
-3.176593638591295177e-01
5.320929510572376397e-01
7.241725955099900247e+00
3.742915050694850532e-01
7.281001341046593467e-01
1.039416896075886720e+00
1.058295041506729373e-01
3.985826514819065247e-01
5.219639454250468713e-01
1.878659736249879808e+00
3.779641158125832678e+00
5.183973671288946150e-01
6.110660321388742267e-01
8.291505084060529773e-01
6.629172397088178327e-03
1.270158176808537709e+00
8.084747414388290254e-01
1.793798710902253735e+00
1.147629499375681927e-01
8.880898555268795791e-01
7.379354786486225670e+00
2.398101582043340452e-01
8.075940315197692732e-01
1.019887618590641365e-01
7.828535310603401687e-02
3.454363603004363403e-01
8.359844423959391646e-01
3.028950173059359319e+00
6.360506041510216590e-01
6.702650345970253554e-01
7.945648057020134880e-01
4.149607399178795175e-01
6.812644648395761671e+00
8.355390279624251848e-01
3.738806147141241487e-01
4.159196577367130221e-01
7.500176860317224303e+00
7.065453460070640901e-01
7.144180363109883025e+00
5.729729291625431653e-01
9.452662661589669169e-01
2.858485256044306366e-01
6.529307268262483088e-01
8.110405370316485785e-01
4.054265088759492208e-01
9.078642801693128650e-01
1.401490537374533440e-01
1.572194660543091427e-01
3.541431937717942624e-02
4.918060075416678112e-01
6.838876282046677524e-01
5.648764368940964786e+00
7.865045933240426557e-01
1.318459545544246048e-01
6.008603734418509479e-01
-1.928207426083369258e+00
4.149512855990744598e-03
8.791204860959989098e-02
6.387642026021276287e+00
5.390358060435729293e-01
4.373984785565074418e+00
9.306017377991738782e-01
6.619458674606737425e-02
1.241881447794767057e-01
1.365481643480752183e+00
3.681276332695492259e-01
4.768249221298248575e-02
6.919030439049025816e+00
3.710616401180456547e-01
6.865116872928839209e-01
2.530528338835541513e-01
-2.546438016660493298e-01
5.793051767685478692e-01
2.563792230241442316e-01
7.140017415569090531e+00
5.760786338260298622e-01
9.719598848000361446e-01
9.615256196969013125e-02
1.505674392508347115e-01
2.189023879673801520e-01
1.019181142919579841e+00
1.742912315618040386e-01
9.173959769487510796e-01
8.773800429995781691e-02
-4.757989713828561507e-02
8.314555430188278473e-01
2.799336149610511804e-01
1.873970510613381713e+00
7.682982872547245989e-01
1.628893605894694563e-01
2.138793320599419179e+00
3.500286678661152617e+00
1.340883760511359934e+00
-3.470915942597255222e-01
6.038617100004148419e+00
2.318896176275634602e+00
7.338460793284018457e-02
4.876546283195923870e-01
2.038804478523023045e-01
7.841003232515179056e-01
1.549164281070667393e-01
2.914996694914845365e-01
4.024111151745034531e-01
7.275668548364389032e-02
3.795810141395926651e-01
5.159002193849533402e-01
7.431940399025488198e+00
1.205694316455988346e+00
8.229091688970241458e-01
7.162173147828270636e+00
2.290045925008947769e-01
5.042089036517682921e+00
-1.433825111610733671e+00
5.518308742368052133e-01
4.924200411571184155e+00
6.521423838107094362e-01
6.521701214693977899e-01
2.133480613728611086e-02
1.758266715787639711e-01
1.964844318641660870e-01
8.412963460103130009e-01
4.182073906706152977e-01
6.496370635349473233e+00
6.870280095459870839e-01
8.951560765114440210e-01
3.697715358977925471e-01
5.015901407899078235e-01
1.048382804738033913e-01
4.605562465404044126e+00
