-4.722058830714715577e-02
-5.355787204325453965e-01
2.219317997812428889e+00
-1.700264077682029473e+00
4.207353524220319052e+00
1.563712936302002365e+00
1.283009679103509493e-01
5.833952550574235119e-01
-3.749792633785416912e-02
1.629665024850435406e+00
3.958837585453261365e+00
4.060664019408913639e+00
-1.158365335649320427e+00
3.248392334125851377e+00
2.451460256622192135e-01
3.809495294378870689e+00
8.293829998555287686e-01
8.587969874610726917e-01
1.115866878078067170e+00
1.047098384379946401e+00
3.620555548983279692e+00
-5.229974756715853601e-02
7.172721894615382565e-01
-1.237859030143114714e+00
2.736262827541771081e+00
3.258211714121523439e+00
-1.717407373513191171e-01
-2.708313237509178961e-01
3.590473959047867147e+00
-7.642844920190264846e-01
2.751194858368762208e+00
-1.345310639947807363e-01
1.853777835109923000e+00
5.920289207832620804e-01
4.373966525450633469e+00
4.222496831961537467e-01
4.473786327964917597e-01
1.626665963746029897e+00
-1.538126723636804360e+00
1.120142611739109034e-01
-1.633790231248632097e+00
6.349185182093615154e-01
4.557324947594899811e+00
3.633259754010030207e+00
-5.405362372040284358e-01
-1.641882017763069967e+00
-2.110201349888279621e-01
6.371966221364107064e-01
1.883984545210735995e+00
7.698783873897977470e-01
1.940244354469352339e-01
4.133206777427283818e+00
1.621807324004221229e+00
1.137276932048181699e+00
5.843796645903854836e-01
4.210797584200929755e+00
7.222336111583076423e-01
-2.332717020582546763e-01
3.031231465482588483e+00
1.445440319821046593e+00
4.853261631901292894e+00
4.349913475142753505e+00
4.185839615479143738e+00
6.047256126722841962e-01
9.735036725083388021e-01
1.392103196127875808e+00
4.298920484762678740e+00
1.698304766639489038e+00
1.863466077953475741e+00
1.873338394729610279e+00
5.934819551288067485e-01
3.756935595447237652e+00
1.522970066878062356e+00
1.002389623427811571e+00
3.090785031649020187e+00
3.252756241454577979e-01
1.202432708508600179e+00
-9.069954956918986344e-01
2.573827231919245229e+00
1.341267736726898530e-01
2.954298873291456573e+00
