3.734434570626863920e-03 2.623206088451826481e-03 2.220372143995516870e-03
9.040393695796904161e-02 6.410942583991798005e-02 5.443915755762250563e-02
3.501043840960991940e-03 2.385933780245368552e-03 1.957176023378269514e-03
2.637996287995818256e-02 1.899742959533138112e-02 1.618612720780789743e-02
7.559125457398626659e-03 5.750739482707375311e-03 4.968145444471201364e-03
7.540743489648774056e-02 5.348778483037745085e-02 4.539038813626026375e-02
-9.340786775220702096e-03 -6.610715600345481308e-03 -5.610315515091502704e-03
-1.331417659523691753e-02 -1.004626524032822994e-02 -8.732130588432489640e-03
1.903521079677760602e-02 1.369670064846240272e-02 1.166477024684320525e-02
8.367522395717773287e-02 5.988889167552909065e-02 5.105445785684808307e-02
-9.880773913791718321e-03 -7.298991099227213585e-03 -6.247814031366852663e-03
2.945242152191933707e-02 2.089099962013897527e-02 1.771844287145035723e-02
1.158575727831396701e-01 8.070907614713884737e-02 6.809346844901500995e-02
1.665255243161884724e-01 1.157496194043455551e-01 9.759545247030307347e-02
3.146111125347981763e-01 2.202926716684580899e-01 1.864049337705975529e-01
6.586356100631450827e-01 4.582134683365671757e-01 3.866530650156184690e-01
5.195555622663455136e-02 3.743461745868520429e-02 3.194756206168308105e-02
2.306029421449459337e-03 1.899104837582866762e-03 1.712182383929919567e-03
-1.474610568508977725e-02 -1.053312793203161832e-02 -8.987669703572042854e-03
-4.496763727249226093e-03 -3.004866724109440945e-03 -2.487274829550855781e-03
-5.858573181540305957e-03 -4.546985845926694927e-03 -3.946440002086430698e-03
6.875656404441501945e-02 4.940605541646200111e-02 4.213872303741150738e-02
1.003198698048177531e-02 7.303753853869674253e-03 6.276156593593614115e-03
5.250838977360410276e-01 3.682288521789071623e-01 3.118764944731944877e-01
3.750909283912132880e-02 2.702632468828128007e-02 2.303113911917627904e-02
3.010567193698102106e-01 2.106973132133684035e-01 1.782813764436006754e-01
-1.406845073245319502e-02 -1.024183634117484601e-02 -8.781881237228174666e-03
2.312633033095768884e-02 1.710915751965823642e-02 1.473996360463281433e-02
9.430612666295419555e-02 6.718199457492735061e-02 5.714235461722787235e-02
6.823763285431092495e-05 5.370351886593107321e-05 4.717891684227483147e-05
2.127100928197750082e-02 1.554188007681232657e-02 1.329718681881474768e-02
5.384959418683913368e-01 3.721458081207555946e-01 3.131456016508730733e-01
7.639949588115051149e-02 5.471057937294080548e-02 4.660581725635310618e-02
2.569321257262316763e-02 1.801252885600601247e-02 1.523120545612603044e-02
3.959975883064172919e-01 2.768438715811045170e-01 2.341236708330294292e-01
-4.899276718687985144e-03 -3.420742122713074131e-03 -2.874959134867193216e-03
6.403438290898680330e-02 4.562299053915435526e-02 3.875535736307070267e-02
1.204775428222892991e-01 7.984287395416286848e-02 6.580592786943123551e-02
1.568781556498861918e-02 1.091964525231101969e-02 9.166102447944884934e-03
3.439459359265489846e-02 2.495776454551566423e-02 2.135812127864631857e-02
6.596657883674219569e-01 4.576168167026214983e-01 3.856417352041947577e-01
2.593152179021672790e-02 1.913685136529562000e-02 1.644547717706889775e-02
1.192038393686714430e-02 8.438128938899785644e-03 7.159744406835974635e-03
3.631379065705210296e-01 2.538715701418367554e-01 2.147033789579031737e-01
6.577946168165385576e-03 4.633146060252599230e-03 3.908865562964189237e-03
5.059063588142703738e-01 3.488799281904452210e-01 2.931962373112638742e-01
4.072087446926200838e-02 2.950022923971716907e-02 2.528936093756403367e-02
3.189975123801260665e-02 2.260905339516864135e-02 1.915819119757737263e-02
-1.610782288153324582e-01 -1.108541747032846525e-01 -9.308836892739397184e-02
3.120650422508737618e-03 1.522316852382072381e-03 1.031667648587096357e-03
1.487093477263067703e-02 9.888266055997595172e-03 8.130675862698296882e-03
5.535359960859941308e-01 3.853327116702129351e-01 3.252299175067475123e-01
9.846323539492791294e-03 6.907707647916647327e-03 5.839924078720723326e-03
1.217495726420762259e-01 8.250068992576815863e-02 6.873665215330068690e-02
1.837432776598441758e-02 1.353981376459383219e-02 1.164110546418880947e-02
5.331955390854475896e-01 3.728321099006798311e-01 3.153542471368562805e-01
1.300630473077081795e-01 9.165655768536139225e-02 7.767757217399444414e-02
-4.938233576611015391e-02 -3.476911463927728069e-02 -2.938361095010002047e-02
1.920787672183602579e-01 1.332446887518747847e-01 1.122598755473229182e-01
-1.547303046339833406e-02 -1.102868155827755638e-02 -9.407591415914774713e-03
5.153874316479457353e-03 1.903194405447488496e-03 1.013855504742267868e-03
1.863744110934587028e-02 1.322669061366470514e-02 1.120271488135866043e-02
2.353127301121661630e-02 1.718060712742810678e-02 1.470036291738985833e-02
4.934843772887205493e-02 3.500511826934626924e-02 2.970024210893913372e-02
6.394089854137888773e-01 4.482648455497361129e-01 3.795820406044210227e-01
8.649586070696485551e-02 6.003558025132819942e-02 5.057562416781830050e-02
2.567000420977504430e-02 1.793165283203336860e-02 1.506635365246866178e-02
1.637513314888906432e-02 1.154896247298756000e-02 9.777267852378236646e-03
1.900444284082249830e-02 1.361877337089807682e-02 1.157288926503089073e-02
2.083505474642104519e-02 1.574158084057646761e-02 1.364119049870526033e-02
8.469556696135941906e-03 5.935615600366673898e-03 4.986348991011605933e-03
2.285575136249770947e-02 1.683931939050158089e-02 1.447847495489107232e-02
5.771111279552106760e-02 4.154065696799517926e-02 3.550948851801532385e-02
6.058966986646055134e-05 4.570998012092144749e-05 3.944804716824515243e-05
5.959068949769500412e-01 4.159710066732478784e-01 3.515613376835437509e-01
2.354586164977592322e-01 1.660940052841511916e-01 1.410282019741674053e-01
5.851823734131736954e-01 4.071463959327656923e-01 3.435500813426017874e-01
1.243687108102093514e-01 8.553264236146487787e-02 7.172696263704110564e-02
-2.282522921585512787e-02 -1.463856271424589066e-02 -1.184445670670080698e-02
1.419211339398143423e-01 1.000108704452031955e-01 8.473436256238242592e-02
3.144146773943073958e-01 2.194768662301074813e-01 1.855001754427341998e-01
2.185870006390812012e-02 1.567578915791344174e-02 1.334966140258793225e-02
1.663200045048978531e-02 1.187210457055786102e-02 1.008381897192840368e-02
6.677264469974744654e-02 4.735631811768568206e-02 4.017137006568763380e-02
1.515073119356293019e-01 1.073193144280905481e-01 9.130736044775096538e-02
4.803005289096347608e-01 3.313704233126138488e-01 2.785519194923775643e-01
7.121833639744525046e-02 5.068972921974019413e-02 4.309658682397146667e-02
7.355686919543327762e-02 5.113405314703805410e-02 4.310575781442915755e-02
4.732964893457732858e-01 3.289690557596687270e-01 2.774821172436040539e-01
2.746570043890468257e-02 1.968152389456337414e-02 1.677091721510716449e-02
-1.611690964871596854e-01 -1.144904051071018170e-01 -9.749268204485080080e-02
4.959574335327092132e-01 3.462363596912980679e-01 2.926653819837365944e-01
5.504572065685114923e-02 3.871220144623820081e-02 3.275813362670863815e-02
1.362878585204911341e-01 9.525382895070026723e-02 8.052112508203917995e-02
4.433676000221783986e-01 3.078729009828797269e-01 2.595608445081805105e-01
1.630991207417517019e-01 1.101534582126314915e-01 9.167950407375094479e-02
1.074912799637651149e-02 7.589457806562318644e-03 6.432100408878351806e-03
-2.215248443822907462e-02 -1.666909792514321628e-02 -1.445524502948088846e-02
4.225576566540828992e-03 3.036356636965700274e-03 2.579596053858853547e-03
6.417512269637344335e-01 4.489173067156861929e-01 3.797766655746208087e-01
2.106505590208729989e-02 1.532549551472827364e-02 1.310794298644047708e-02
5.118257052188364131e-01 3.565644079200382399e-01 3.009837819921328816e-01
3.735769183629698842e-02 2.715504816951067046e-02 2.323459600250986010e-02
1.009179055569965761e-01 7.089502281974356668e-02 5.999014217927408493e-02
2.819881827953931580e-02 2.004962117108271061e-02 1.700886085841269227e-02
5.089346549870543690e-01 3.532340434239437665e-01 2.977602456565228706e-01
4.193701224166115904e-02 2.952957435926584565e-02 2.499721779635867211e-02
5.294655742998543024e-01 3.700673416743400779e-01 3.129649256352924902e-01
4.647745805737377722e-01 3.215696723966816051e-01 2.706246866031769560e-01
4.353917400017044970e-01 3.026347959879086003e-01 2.552463523535626888e-01
3.312372487393531184e-01 2.310082405098846381e-01 1.951566068352223182e-01
1.951559970946930775e-02 1.422809176699919680e-02 1.215996350887920373e-02
1.153586376503736161e-01 8.121928771783630541e-02 6.896450471782639147e-02
-2.329808811585017125e-03 -5.000205821989004177e-04 -1.708195999393976455e-05
-2.238541892431012217e-02 -1.518894861310817260e-02 -1.263382538559349941e-02
1.178198183209671485e-02 8.083663651382196058e-03 6.758794463040222744e-03
1.639575173710230635e-02 1.191425564762089648e-02 1.020772058051708751e-02
-1.020738386180318653e-02 -8.072180951962548701e-03 -7.155216459294518917e-03
5.377934051410097199e-02 3.843696569926693257e-02 3.270366779268928797e-02
9.137979672783393126e-02 6.530740440116598877e-02 5.564733199822271409e-02
8.139203085574059360e-02 5.814459557761576108e-02 4.951962829112457887e-02
3.216667960471750742e-01 2.222055021013573106e-01 1.868812920102790043e-01
5.709304062709704697e-01 3.979508940915887916e-01 3.360727156843142938e-01
7.167098203100620568e-02 5.103452498527891873e-02 4.337665125271219363e-02
5.567504871261390598e-01 3.864452094839785912e-01 3.257277295639255943e-01
1.521862566905718139e-01 1.032762517132631147e-01 8.605386908130019386e-02
1.125320763817669496e-02 8.987369843804726005e-03 7.937162678129787777e-03
3.397737779620580399e-03 2.227043032651178367e-03 1.829273226075029107e-03
1.991274574115508775e-02 1.433260399321991535e-02 1.220132953503855026e-02
-3.866820298168717474e-02 -2.710990292687517900e-02 -2.295846545198186942e-02
-5.677208287436354833e-02 -3.976661793041396525e-02 -3.368341515169542832e-02
2.863018071149175392e-01 2.011595344889272052e-01 1.705526996609753043e-01
-3.790662625242491714e-05 -2.872661655811962190e-05 -2.480815559120528465e-05
1.085169754287738366e-03 1.322772653312657932e-03 1.300967771410142674e-03
2.525555746687472430e-02 1.839343387006286967e-02 1.571297179216652601e-02
-5.504256789764126051e-02 -4.016210381146814029e-02 -3.469806322903040002e-02
4.324974526893922422e-02 3.077567172726027728e-02 2.618003883740224746e-02
2.162597415194545195e-02 1.570431734605310520e-02 1.341424252534667919e-02
8.031721192912162632e-02 5.786727511724835959e-02 4.953285441273448664e-02
4.372883939817304721e-01 3.027467836387576772e-01 2.548638440785306325e-01
1.385937766716003813e-02 9.685492991802284804e-03 8.150402773103101670e-03
1.137942305269506331e-22 -1.389506018459160656e-22 9.647798270632973690e-22
1.271325860483416698e-02 9.011172646229899039e-03 7.682227787911603822e-03
4.498099644043050682e-02 3.262512433511588483e-02 2.795165058326809157e-02
-1.108258267010092668e-02 -8.346225134241042412e-03 -7.228693580103388514e-03
3.824125179297606647e-01 2.694544017127372126e-01 2.287244492853469646e-01
1.128987911355431098e-02 8.712624026434738489e-03 7.613523610999524925e-03
-3.704145770705410956e-02 -2.542013208830423351e-02 -2.129770981887000453e-02
1.943974034990158780e-03 2.109973829550754274e-03 1.998781695126801428e-03
5.686743095004495041e-01 3.968704938818967687e-01 3.353873458448241029e-01
2.546281073955856955e-02 1.788163958389184585e-02 1.508324830520100905e-02
3.984866446333847345e-01 2.748128991275014532e-01 2.309756445352806609e-01
4.185243033360188693e-03 3.285808077288753827e-03 2.887668689366205965e-03
3.663350433101019571e-02 2.577047512919216493e-02 2.176807402865902838e-02
5.430291336179817775e-03 3.306737573202030676e-03 2.602567918799198691e-03
4.560157501512658584e-02 3.239067872993278002e-02 2.761005978300035829e-02
7.751244206284768623e-02 5.050030410296155875e-02 4.129639555781157434e-02
-2.293669895198676908e-02 -1.695834261235028978e-02 -1.460641371951277960e-02
3.952064417507179517e-01 2.769009371891795190e-01 2.344217380685478247e-01
1.770594941342433504e-02 1.248187636484704779e-02 1.057658853323404334e-02
-4.415687513288178712e-02 -3.173960691128129702e-02 -2.705137974870586853e-02
4.273694483681492740e-01 2.973016691497726294e-01 2.508608363464655544e-01
-1.109797091927685643e-02 -7.795873160702858178e-03 -6.595350498909391054e-03
4.005291474521961992e-01 2.787487219694438911e-01 2.352416451322123236e-01
-1.410376168896848624e-03 -8.336256124135492905e-04 -6.292515828301210217e-04
6.702693466941425093e-01 4.653195334105421077e-01 3.922413813892785539e-01
5.946178159714129996e-02 4.251208817299808457e-02 3.617903427493715518e-02
-6.289620592870966836e-03 -3.715640475069161616e-03 -2.904545019411610904e-03
-3.312432184655501963e-03 -2.409258220511143692e-03 -2.072239370438872311e-03
-9.684164890097153588e-02 -6.950982593180166091e-02 -5.949551082819976022e-02
5.897015830870512287e-01 4.086636446888012864e-01 3.442413172619889217e-01
