5.128458887812457068e-01
2.628290516471429417e+00
1.393589672415677994e+00
1.390248702385751489e+00
1.734616390489829574e-01
2.821202876095274092e+00
9.825158209507524054e-01
1.261889810093123898e-01
1.366335539021219070e+00
2.399787417899844844e+00
2.522111852855096759e-01
1.958496138079907523e+00
2.541123407606530105e+00
1.149452743516937048e+00
3.985036316885692376e+00
4.874520586565606273e+00
2.098754916340605181e+00
9.671129171789724088e-01
-1.083816892389671382e+00
1.135683448605778967e+00
3.852029363811646512e-01
1.970282006101491179e+00
7.797495105265676019e-01
4.669819761791381474e+00
2.051634507954676501e+00
3.318588139263241032e+00
3.887698746896173230e-01
1.134689225978145144e+00
2.644692752650233292e+00
9.391972635233747368e-01
7.657981096035942903e-01
4.735953526093017452e+00
2.006771117440250496e+00
1.319069910283004354e+00
3.954311070417141138e+00
8.267847808168108381e-01
2.563993577675061530e+00
1.413269907408288173e+00
1.186560762776639022e+00
2.047302669856939872e+00
4.864360393017619799e+00
1.417670238000158900e+00
1.359685722276133824e+00
3.997606338736435116e+00
1.516577793792828199e+00
4.604463817495086708e+00
1.696749003822784374e+00
1.724021598235283559e+00
-6.308690650182947612e-01
5.116957779183926025e-01
1.327938565297650308e+00
4.765868858337372060e+00
1.166812812587644910e+00
9.494678788837757066e-01
1.016050981661234420e+00
4.589172286798425482e+00
2.740480541852754914e+00
-1.373638036497635495e+00
8.255350766893719827e-01
2.125681133877852236e-01
-3.270459150913319207e-02
2.044324614127750905e+00
1.756678173900356299e+00
2.018709371658779617e+00
4.777994392744275842e+00
2.643783020137648876e+00
1.476015163432251809e+00
1.035803619611499249e+00
1.374621517727316222e+00
1.455894277702438400e+00
8.234559553008686805e-01
1.381530235396659867e+00
2.079096550323407122e+00
9.297470839233107354e-01
4.701853197112854765e+00
1.727090391014557635e+00
4.724396394851861913e+00
2.586430443564383896e+00
-1.508130963489385523e-01
2.934545695560231593e+00
3.729974156464542556e+00
1.450994480071946091e+00
8.572194053587227636e-01
2.296131870271748365e+00
6.762666894718658561e-01
4.530941388212296417e+00
2.284771528272671492e+00
1.526589929590135730e+00
4.096636367544229884e+00
7.906887969653825232e-01
-5.820577985148917000e-01
4.316872428508331971e+00
1.022529920203469000e+00
1.033905912205095534e+00
4.197174429060592793e+00
1.567766535844518749e+00
1.017947768790756990e+00
-2.909127975630497187e-01
1.304394084782128038e+00
4.864508270969078119e+00
1.597289392572934341e+00
4.194215682414006885e+00
1.932816032833071462e+00
2.122434572628434601e+00
1.481998042792271209e+00
4.734967438597181832e+00
1.786805789716135573e+00
4.536535155982607925e+00
4.252524959407510963e+00
3.977915547965786836e+00
4.114100036641580971e+00
1.562049089746599284e+00
8.227606543849140808e-01
-3.061113203095716107e-01
-4.297865654128903978e-01
5.498243972586130957e-01
1.349838341331532909e+00
-2.297872565663964528e-01
2.064127934866137437e+00
2.817432784585301331e+00
2.372274140246695140e+00
2.503540649740596091e+00
4.845550969498354732e+00
2.561680650553206817e+00
4.398815130333657564e+00
9.402845514125951487e-01
5.799917104267702239e-01
-2.095140327598443274e-03
1.398836391431927728e+00
-4.747484125480861405e-01
-2.772613431944562778e-01
1.229227989434747093e+00
-2.774901317930663081e-01
4.301565227569525418e-01
7.936315829365463426e-01
9.528793542540994199e-01
1.753390336840286778e+00
1.586715675069529485e+00
2.651429940212823855e+00
4.103613102553942404e+00
9.966349865729037250e-01
3.732743535770199905e-01
1.134725730974317948e+00
1.831984514304868306e+00
4.029455414491734389e-01
3.996639695221958721e+00
-3.655357990580166971e-01
-1.149599951842457113e+00
3.885205302205130828e-01
4.667934202971433244e+00
1.237016957279239548e+00
4.026259496371565660e+00
7.991034979692970275e-01
1.978041842934756378e+00
1.102370893269990271e+00
1.421316099419429380e+00
1.164818649747812351e+00
-1.725247100534828548e-01
4.174359904420773759e+00
2.149851748935353690e+00
-1.256813978920054753e+00
3.905810814036935419e+00
-5.554192193270923728e-01
3.234180110755609405e+00
8.099612568417365877e-01
4.972602409039356353e+00
1.895175129395635372e+00
-3.121157770765765616e-01
-8.729494235396498825e-01
-6.485521988108321478e-01
4.917923609108048488e+00
