1.128173958652558317e+00 1.204019161103068392e+00
1.093310435017672111e+00 8.020684683684344840e-01
3.658093542736646359e-02 1.800433653940934908e+00
5.752306925347204780e-01 1.976994098686547796e-02
1.496235160760121530e-01 1.474818071186779767e+00
1.889144406743326066e-01 1.090220338984956516e+00
1.952124150311132844e+00 1.083568291927382576e+00
4.905374661336650566e-01 1.166321222345251485e+00
3.649404352898380499e-01 5.117850176948641749e-01
3.737489354500165839e-01 2.589438281903285177e-01
8.007253893560212221e-01 8.680323209651561456e-01
8.461790262858179812e-01 2.755328478974905959e+00
1.154053978865406727e+00 8.290627899553310032e-01
4.927475840406347896e-01 1.706502272416299038e+00
3.391833844689890465e-01 4.739594993805298362e-01
2.310130044439055563e+00 6.890169617439538818e-01
1.238371048941217190e+00 4.915272302996797626e-01
2.488429024834216269e-02 1.298580347165103899e-01
4.963013205754477353e-01 1.911586936445156537e+00
3.612624936981757573e-01 4.820766658437168894e-01
9.610275442743525520e-01 1.299951210195076978e+00
1.385979698913865077e+00 1.029464430769852848e-02
1.651667082431748992e-02 7.833771892790889618e-03
8.249910164462053164e-01 6.333255251882516021e-03
8.176915882933495291e-03 1.274823465503991393e+00
6.415315903120965002e-01 4.397594002530079704e-01
2.349224004941040889e+00 2.465007100183497779e-01
5.247284498101351113e-02 4.783450621018197624e-01
8.864426654811652373e-02 9.340080849922945960e-01
2.250527471229406620e-02 7.158087869254958768e-01
2.217975885068048381e-01 7.693269797498163420e-01
9.662802235299724485e-01 5.722309063009192176e-01
8.048285528964232993e-01 1.954384787343939889e-01
2.673238209853454062e-01 2.105084639113434519e-02
9.990809312743219595e-01 6.322867535691917285e-03
1.222681561420840168e+00 3.273887392096284543e+00
2.035905141388479223e+00 1.219659996317328465e+00
2.286980587263491849e-01 7.286109062638892464e-01
1.507431251158959595e+00 1.854151628927374063e-01
1.115245736619628669e+00 6.704446396123998619e-01
1.483603307233185786e+00 1.881924928075714654e+00
1.354362143371423167e-02 9.287119062712323458e-02
9.347330846400963011e-01 1.622977355131218630e-02
2.116577051823909095e+00 1.455067639774720867e+00
4.278397596697856020e-01 1.046158438070533547e+00
1.053612266367473849e+00 3.795994572681715695e-01
1.026709331649848123e+00 1.922912702262232099e+00
1.179614814887316010e+00 3.862897792742254338e-02
1.065151628196577605e+00 9.716044718549851078e-01
6.060784912565552185e-01 5.166218490167989730e-01
3.371316255242584048e-01 2.624432373270765950e+00
1.311341991916624261e+00 1.470508724981304804e-01
1.023822830578735577e-01 1.636085850547939341e-02
1.761677559333268972e+00 2.992491324804080199e-01
4.654714398111867157e-01 2.112698993545136794e-01
3.266163758247390969e-02 1.190014678081567245e+00
1.652115427321069197e+00 1.848208085364572595e+00
7.788133042432726638e-01 1.023653322278821554e+00
1.417699270950762216e-02 8.697098370843991955e-01
8.437979876582980820e-02 8.153547105546128382e-01
1.981570791637990769e+00 7.063050626689235667e-01
2.318284452797094719e+00 1.423867635325467118e+00
1.423402006873697667e+00 1.478725246592368814e+00
2.440984345941660472e+00 9.926923709550812894e-03
9.699239329219951911e-01 6.633742349105241631e-01
1.712234799391560147e-01 1.451725062672537536e+00
1.593554672561251773e-01 1.337921281830573239e+00
4.505087403058262718e-01 6.641058053403908756e-02
2.065708181387632347e+00 6.292632290357181267e-03
9.916161019035532043e-01 4.098886398668281639e-01
9.550733889991816494e-02 2.508231089778303197e-02
5.009058472035048393e-01 5.948418065187739412e-01
5.795048834282590100e-01 1.155259439923334019e+00
4.996253727248962662e-01 2.939527894069741132e-01
1.930285241468223001e+00 7.206709215146258618e-01
2.158034210081747478e-02 1.039254139687225020e+00
3.453453008877407360e-01 1.060813665268702834e-02
8.720115622373147968e-01 1.244485830572011675e+00
4.937885820864539310e-01 7.676987487887314554e-01
4.808967348570246103e-01 9.378598751825586444e-01
1.062689424274595007e+00 1.901250384965932128e+00
