3.940224468137822345e-01 1.667364148634323598e-02 -6.563857559832959876e-02
3.202183227686488665e-01 4.595729246203460877e-02 -1.076398873891286773e-01
4.285368218295078635e-01 -1.131649393799310371e-01 3.288402707652761658e-01
-1.297563221163790248e-01 -1.337809906666838355e-01 7.341889731796909235e-02
-8.123076503585671682e-02 2.344920127255874231e-02 1.393188763333834401e-02
1.518116324998445843e-01 -3.849022724668428597e-02 4.704650618934946155e-02
-2.970393852754432129e-01 3.269692892025943265e-01 1.562622615433489903e-02
2.518631885139437365e-01 -4.429655976449943799e-01 -1.121231909082092207e-02
-8.492759036767676128e-02 1.326103655479685117e-01 1.245031794066235736e-01
4.943766472174808135e-01 8.345533198657029139e-02 3.899002098445210063e-01
1.566354183652458598e-01 1.157885034299789735e-02 -6.815116280326885545e-02
2.830319699205194883e-01 -8.801005679731417619e-02 -8.293415386006371126e-02
3.269160706797069049e-01 -6.256681464089453113e-04 2.904965048075342504e-01
8.210201798479846991e-01 -2.069150587522768925e-01 7.851853270110569216e-01
4.700964150143661230e-02 1.808654438542222909e-01 1.614745979174636581e-01
2.491152226023614635e-01 1.724500535232570630e+00 1.394773069884195582e+00
6.371734439937598062e-03 -2.855960334769812037e-01 4.591788560540150943e-01
4.098481981873550867e-02 -2.923561951346702603e-01 3.745180728348798116e-01
3.504828624169821771e-01 -2.791149227023561052e-01 5.695669796610546703e-02
6.555750948264009725e-01 -4.175658709791780776e-01 2.254768291860960727e-01
-5.415341071017775176e-01 2.005685804079670731e-01 1.235888131110438604e-01
8.262259618362283176e-01 1.195998812003595292e-02 9.684228385527406946e-01
4.763076574912398775e-01 -1.096778571495304472e-01 2.899961660953264131e-01
1.087247435404705476e+00 7.417829101186493301e-02 7.909959446178878029e-01
-1.781987756919385379e-01 2.465800688312982936e-01 3.976704086936728166e-01
4.028967803884004883e-01 -2.589678248768965130e-01 2.485281245515309212e-01
3.911381274859007662e-01 -3.041095772848255163e-01 -9.152397223577002361e-02
1.706824802558058130e+00 1.572983226935332768e-01 3.788433159914537662e-01
3.450106743439499413e-01 -1.307288500222745231e-01 2.931618785377818615e-01
-9.883461850689048700e-02 3.529658690206776694e-01 1.932534428577306895e-01
-4.957999297299787167e-01 9.602151766229055641e-02 3.566866938594075442e-01
2.190588288729185817e-01 -1.971513235988313628e-01 5.600480957330937308e-03
-3.115827133306019459e-01 8.633852389482779000e-01 1.755913952323366445e+00
-1.052822825835449505e+00 -1.859010647962123564e+00 1.814598452112359928e+00
6.510316279602586242e-02 -9.093553468225898384e-02 6.862880025226241187e-01
2.925312907631318349e-01 -4.495164689841391753e-02 8.666933426396996598e-01
-3.480386662972896894e-01 3.273702174905738227e-01 1.255892294258980912e-01
2.946910921654407045e-01 9.148148182061169309e-02 2.422558765208049636e-01
-3.217879567994111900e-01 -4.011513614857361576e-01 -3.228681720298425262e-01
2.714353211209670214e-01 -2.522092222294470276e-01 2.260985442881109642e-01
-1.203268174784703826e+00 6.867397204152219103e-01 9.888254567569230158e-01
-6.859010692911097218e-01 1.842799688413658821e+00 8.206244544258912699e-01
1.590096936122701865e-01 8.764180590679224170e-02 2.859041887304333840e-02
5.080911569698316477e-01 -5.909149922809078109e-02 3.567122938866043591e-01
2.021835936144595058e-01 -7.594456594415528727e-02 3.970789493144206705e-01
1.869331474632411061e-01 2.604267748807906346e-02 5.138534641866462360e-01
4.637254233937224690e-01 2.419631588973599756e-01 2.558927446808246242e-01
6.448355785117475258e-02 -5.442833019470793426e-02 5.091184897382768915e-01
1.069808290612656448e-01 5.400396312811468064e-02 1.573499771504797695e-01
3.381373374203630044e-01 -2.927112813262844893e-01 1.939372609675122372e-01
2.660422547448342834e-01 -9.389960724928896052e-02 1.473542136874832209e-01
2.866773213080829330e-01 7.267799779574436736e-02 2.731772299342223320e-01
-1.581815826457034779e+00 -3.218259606472934076e-01 3.541298970068775254e-01
-2.055116598468537337e+00 1.483214612332416804e+00 5.135591047722578573e-01
2.324745183454270392e-01 -1.278018208155374223e-02 8.902201178476626398e-02
8.367756448331241381e-02 1.196171524453070768e-02 -4.241181191621250929e-02
2.689031606227398341e-01 -1.683129216210047518e-01 2.440653600671816581e-01
-6.987951083174923387e-04 6.072780313551066900e-02 -3.415841874874860351e-01
-2.655323970605782957e-01 -6.205771973028557653e-01 1.009513048576164529e+00
2.932556037377237468e-01 2.781809720005787301e-01 4.087078197139041857e-01
-2.534457458411917274e-01 5.445604653559152353e-02 -1.284556159393270280e-01
-2.149646082054101015e+00 1.055005127511402296e+00 4.976062038485645767e-01
1.017950791377052050e-01 2.848570405623798707e-01 2.823839843788482629e-01
2.338528872301163797e-01 1.002056721223798519e+00 1.490578432264931585e+00
3.874555100315522221e-02 2.759079752819391593e-02 9.158749757368894739e-02
5.246540497418568094e-01 6.650392012943046050e-02 2.679551645405218174e-01
2.029234865740676963e-01 -1.240379465739730735e-01 1.396824256554673460e-01
1.283631428417030929e+00 -4.359239265041662398e-02 1.114090381673721097e+00
3.961446169470227430e-01 -3.709062714998864196e-01 5.983802551430674604e-02
3.468211171610071086e-01 2.638221021616105055e-01 4.819066960887901652e-01
-4.995185807989979687e-02 1.651820409031675152e-01 1.807236956782742043e-01
-4.999913834840163246e-02 8.196986318798296089e-01 3.921190096991524765e-01
4.889096258102491599e-01 8.515426224061196647e-01 1.193407467732142013e+00
-6.011784011161781516e-01 5.584543264000895180e-01 9.185970000830433468e-01
-1.781339549273182610e-01 9.923394628059761802e-02 4.076285266765231619e-01
-2.371103660428936222e-01 -2.871974299955864021e-02 3.588827945115686813e-01
7.389378351135152956e-01 -6.455976338519087143e-02 1.786057995189235803e-01
4.899230945384499408e-02 1.225210471622413255e-01 -1.560855786941263701e-01
8.147847895885684810e-02 -5.652248442241377541e-02 -3.686740095358824187e-01
-9.312168247685203015e-01 1.160008542034403956e+00 1.041688262399385473e-01
-2.518146836026434743e-01 1.679769244163996922e-01 -1.928887161129878292e-01
2.738015524678426016e-01 -5.553981440725103136e-01 8.179728306339514310e-01
1.228019966642274197e+00 -5.536707005021070938e-01 1.430963305356998339e+00
-1.098616664264709275e+00 2.581319655347241726e-01 5.468404687293406674e-01
-9.846375459032506994e-01 -1.732947247785928679e+00 1.698291952174217245e+00
-1.179039778179405973e+00 -3.828326489555378687e-01 5.545482419934278928e-01
5.407278623860788391e-01 4.325585197275295668e-01 1.114633511070203253e+00
-1.010133295974005918e+00 -9.576186096642890222e-01 3.406736959125173381e-01
1.112230479333187472e-01 -4.663879411582767531e-01 4.508865827776433188e-01
8.320318958941724796e-02 -6.159260390960826781e-01 2.077615199631806409e+00
3.754451810905131692e-01 -1.747625255048792792e-01 7.482226735337751400e-01
-3.340431233378996501e-01 2.171124634366745909e-01 8.060427025642087628e-02
5.497231083307642097e-01 -1.586760853433337448e-01 2.870211822578168717e-02
-1.794609040889315887e-01 -4.783985316344807268e-03 -3.103824313485513756e-02
-5.114294379810452318e-02 3.633329257154363501e-01 9.673732886632292749e-02
5.997264361520937559e-01 -2.004410895554998295e-01 4.275571153147053050e-01
3.003440457368095062e-01 7.039720786563563593e-03 2.779991523697664668e-01
-1.171973474997522330e-02 7.612329853899039156e-01 1.420373878543408797e+00
6.336814105829692290e-01 2.153089348512319479e+00 -1.119736798619350271e+00
1.734718363453423007e-01 1.278507678758905142e+00 1.569935489952055896e+00
1.802277828069742682e-01 -1.775871280046638634e-01 4.401413525789122927e-01
-6.273911470991212769e-02 -1.875381746831458751e-02 -5.797985230021622700e-03
1.324385112833175449e-01 -6.814520209228192016e-02 3.741685013131468840e-01
-1.955485998972090189e-01 4.858541752045684170e-01 1.280245112119496494e-02
1.361063987477086457e+00 -1.051092674886758838e-01 2.480245577667684609e-01
4.606802003488330577e-02 3.306683855477240419e-01 1.166304938254141416e-01
-1.887823524972978839e-01 6.127057452164823975e-02 1.086188097875596947e-01
7.494144421798021316e-02 6.802358633523866160e-01 1.181055518111826741e+00
-1.816924403711874317e-02 2.040619538648135445e-01 5.500882990492572677e-01
-3.405167957155631475e-01 5.037924952212446961e-02 1.952007849174626219e-01
4.932714113983233117e-01 -3.439348158507343767e-01 -3.000931322397256198e-02
-5.435838908533363600e-02 1.422036737575675669e-01 1.491591026784654106e-01
3.201785519298756544e-01 -2.279620351610142093e-01 -1.099443540649183010e-02
-2.505028609409188922e-01 -2.864065153112596018e-01 1.596825723450993537e-02
-2.612984202162906278e-01 2.059712030623084278e-01 6.467472634483322803e-03
2.726397070607080794e-02 1.754276580173103409e-02 2.417078844805908011e-01
-7.150714663887955749e-03 -4.159678818686700086e-01 5.961369003307093184e-01
5.508011332645881275e-01 -7.335287899089956709e-02 -2.959009911162419071e-01
3.187366305666106819e-02 4.606182549008694393e-01 1.036743372630349880e-01
-4.688605210302450033e-01 5.657706694329359687e-01 2.473550775102349997e-01
3.933878110962372721e-01 -1.241204241887539639e-01 4.551053773556487103e-01
-3.655435884212487885e-01 1.322951054945883609e+00 5.987323304207792241e-01
-4.887857348131771640e-01 2.089839173430589891e+00 1.279028335181728204e+00
-2.345996012591070823e+00 2.948122350146181736e-01 4.349393491593105121e-02
6.002414659908370531e-01 -2.707900830897354560e-01 6.374316569455620862e-02
4.277520033012437994e-01 -1.294227093788216654e-01 1.296887464731530659e-01
-4.960917097095965955e-01 -1.243679239280750110e-01 5.990120463756395397e-01
1.768465287172728662e+00 1.161936680118621501e+00 9.175366296145596179e-01
-2.541119272335287116e-01 2.900803919729477154e-01 7.356638438965421578e-01
-2.820847162275865183e-01 -1.041776881215361467e-01 6.743928775698597097e-03
-2.455930596159943968e-01 -4.011600645879218052e-02 1.377271356547732362e-01
-3.220619405738744251e-02 2.896720817887591393e-01 -4.920915741337091864e-01
2.390339572536261392e-01 -1.496627824993936873e-01 2.293271590225485212e-01
1.450583072281000252e+00 1.015662634021996524e-01 -2.554333368396777271e-01
3.461234738203960992e-01 -2.942471252040902430e-01 2.197147761127593579e-01
2.997964221484335501e-01 2.905171622893209724e-02 -1.148937719617175168e-01
1.523784353350661758e-01 5.881004457214389185e-03 1.031980740669641988e-02
-8.276996332299776382e-01 6.743171998804741163e-01 -7.874797039899714135e-02
6.843843508123472752e-01 4.318287392702850891e-01 5.696641286053056863e-01
6.305522748351131135e-01 -3.354728771111554209e-01 3.254204745871608906e-01
3.789938870773759128e-01 -2.856289761688629580e-01 5.324859926297806911e-01
-5.329836673534127378e-01 5.914171361206425892e-02 -1.185669729105496839e-01
-1.270188793982221176e+00 1.162575645180213169e+00 1.183646554753352564e+00
-3.360887841621617578e-01 1.112771102804927664e-01 4.781220789475584126e-02
5.496862829842456000e-01 -1.651793079845346179e-01 2.815287381360154217e-01
1.010912308280023514e-01 5.285433448151315161e-02 -2.010611077964363433e-02
2.645756635884899954e-01 3.817975773414807733e-02 1.360723541910313916e-01
4.927256976384101761e-01 1.209781153077899463e+00 7.172063145752820557e-01
9.560337047146560963e-01 1.435202464120556076e+00 -1.275301869776692465e+00
3.133315758195374667e-01 -2.272801752742711068e-01 -1.031357572763410141e-01
1.187162715043728056e+00 1.462984244892232832e-01 7.617412641353529246e-01
3.043718656699973546e-01 -1.067325122781212221e-01 1.214746156524417475e-01
-7.805355564116637224e-01 5.761679219025565013e-01 -2.457794216593437581e-02
2.770840406726088334e-01 -5.502933495710271572e-01 1.156620102031459263e+00
-8.035058817733295444e-02 -9.651168311696910196e-02 -2.152016609093004573e-01
1.440775174445709517e-01 3.027835949524414483e-01 2.876236089042884525e-01
-3.222233695379857488e-01 4.047315859408984196e-01 -1.436034620893151814e-01
-3.753199630862190106e-01 1.522214092473581915e-01 -7.592385409651901396e-02
1.804613374674462478e-01 -7.133511617960833218e-02 -1.514452022435531786e-01
1.193406427008075088e+00 -5.923043840568926743e-01 2.112511019500065423e-01
2.930606806172823472e-02 -5.332442296701108558e-02 5.603580100219941740e-02
5.079733571692152810e-02 2.399860248495095938e-01 1.049960657350199611e-01
2.474498685789617430e-02 -1.649492467838434007e-01 1.446298512072442810e-01
3.086533170931141656e-01 -9.358697183998124225e-02 6.125485646670379980e-01
4.134617541251729422e-01 -2.351992808930764567e-01 3.963812839812329014e-01
-3.323400626401175062e-01 -2.242721121512968596e-01 3.949115416438111481e-01
8.800862132287447237e-02 -5.199604422993667763e-01 4.861086018044230017e-01
-4.498245072155883650e-01 -7.842254584741266410e-02 -4.097648651278427978e-02
-1.214533694438478389e-01 -1.249936572367850718e-01 4.923378590712197689e-02
-4.453079586134877504e-02 -7.016505899947227121e-02 1.196066075378798416e-01
1.803336852721945105e-01 -3.520095710973415032e-02 8.385246664181997267e-02
-8.014935782573492373e-01 7.538600950297357217e-01 8.493887410286019568e-01
2.162238237069817326e-01 1.184982062307143036e-01 4.052212386262605270e-01
-4.556555738981798998e-01 8.697614353873169002e-02 3.260993747645416496e-01
3.808090954788247995e-01 -8.149649250671990586e-02 7.615260268674768629e-02
3.068534305220421698e-01 -4.386731507443596412e-01 3.844657902421220186e-01
4.187250812669296440e-01 6.127655980473730724e-01 1.301862627705895781e+00
