2.123804156944950616e+00
3.102078294542163661e+00
2.530070947680014282e+00
2.510425717313009120e+00
2.649786617578988590e+00
1.935672743127635931e+00
2.626444453574436011e+00
2.441604757411375726e+00
3.194129705900235816e+00
3.897485511704382954e+00
2.012821640173048543e+00
2.793158789867157044e+00
1.660898626243586751e+00
2.209717451645097697e+00
2.276726392672070887e+00
2.040103292621235909e+00
2.361755001283226463e+00
2.613307887739390711e+00
2.916719790110194221e+00
2.070763821919679337e+00
2.426633445023545832e+00
2.739720873515630650e+00
3.276371497363099294e+00
2.006478124772763660e+00
2.652684264507584100e+00
1.563114406058479844e+00
2.095419774192223805e+00
2.998453590268921776e+00
3.188101297781072319e+00
2.094217857117339321e+00
2.573771562552377823e+00
2.352695054532219388e+00
4.036993126773601226e+00
3.021944667288465336e+00
3.073229645426288847e+00
2.671479869243698513e+00
2.057329669143223239e+00
2.711589727881246414e+00
2.308852601518466496e+00
2.223688259666253941e+00
2.528361351586222661e+00
2.030830356081193333e+00
1.584559609129484681e+00
1.799290830643331285e+00
2.035857702135357883e+00
2.676047794193076257e+00
1.979151029716918142e+00
2.632018651301616163e+00
2.589887353419376481e+00
2.836669167896995081e+00
2.202667954332457434e+00
2.177378433751120390e+00
2.719833089739916332e+00
2.645192950133237630e+00
2.359079496519339347e+00
2.306852418303362739e+00
1.665114976063639896e+00
2.244485972062888468e+00
1.884056576997843679e+00
2.435385442436329928e+00
2.461662395175308937e+00
2.391569709382632691e+00
2.042534924511659522e+00
2.141057498430255723e+00
2.021685571474367116e+00
2.735312174131260043e+00
1.582712913657212672e+00
2.438742551482401488e+00
2.441358228279508769e+00
2.528415250861248076e+00
3.039361326839889799e+00
3.751821239386581741e+00
3.168288248149337072e+00
2.066695423231363016e+00
2.413233467812908817e+00
2.940367193834056092e+00
1.795312929938730040e+00
2.437645468804136240e+00
2.150709638694549231e+00
2.494818057349126317e+00
