-6.291393326257890828e-02
1.102960220394946789e-01
1.055639139213287864e-01
1.030662463136539364e-01
1.084267805729536988e-01
5.476527063432776732e-01
7.324478949245506465e-01
-2.726691137169383328e-02
-6.910035373512278811e-01
2.165862626743959851e-01
3.101986103868911715e-01
-1.830555335391537697e-01
1.444839399335023089e-01
-1.397744553811702643e-02
-4.710998909439836346e-01
1.164941427958836040e-01
2.797030098218322158e-01
1.715749568247801893e-01
-8.660630597445713452e-02
-8.158986976157549531e-01
-2.869576324825472979e-01
4.866367185969869835e-01
6.238363660711800096e-02
3.142932649690493019e-01
3.598313677833060997e-01
-2.380613545265100328e-01
8.403027575434091068e-01
-6.638417107370280235e-01
-1.589143977874081237e-01
1.580726732718496785e-01
-7.833129633454176399e-02
7.546853672589255435e-01
-2.563653816997972790e-01
4.486536023832438103e-02
5.561675127208772773e-01
-4.018105634807487281e-01
8.875444358284065305e-02
-3.133434250210681005e-01
4.720651335848713992e-01
5.779292543846046293e-01
4.224201197307683175e-01
6.439952407453667371e-01
1.598961563118973805e-01
3.874616956522958788e-01
3.203888184498021596e-02
-1.796329948191336193e-02
1.913635875073063375e-01
2.824813608285937083e-01
-2.977267771795734652e-01
4.683032875566788822e-01
-5.895304303666715207e-02
1.550370383216850834e-01
1.154326595583413384e-01
3.036147628121132341e-02
-5.483478618619457290e-01
-7.286424232487079822e-01
1.519631360059342691e-02
5.876697955398495210e-02
3.335665814888609249e-01
-2.518912194851127828e-01
-1.429338262047910035e-01
-7.183705172956551532e-01
2.843139044000201135e-02
8.006760634638043772e-02
-7.491437113641499224e-01
-1.106446822304711364e-01
-5.069886770227000072e-02
2.497600925446016862e-01
1.384610100487727868e-01
-8.886802512609574822e-02
-1.442535265181836557e-02
3.458278551046578553e-01
-3.315135529537257542e-01
6.365438038331759640e-02
1.517420271768138151e-01
-9.279328518984139018e-01
-2.219368944910493080e-01
1.707538854807032214e-01
-3.674008562393588084e-02
2.921841451913930188e-01
