1.858872237657077653e-01 1.152691152857112433e+00
8.561905618413841266e-04 -0.000000000000000000e+00
9.831464593110393890e-01 8.320262552584576365e-01
1.240414972867051255e-02 1.687975375413212742e+00
1.172521289950766876e+00 7.034151555932692812e-01
5.923230394093878873e-03 7.056305376129224927e-01
4.513109717784637674e-03 2.346522742346389412e-02
2.863909394996869029e+00 2.451691859965720310e-01
1.882034052885316555e+00 2.041376549029886078e+00
2.699534733509116689e-03 1.865947205035890066e+00
2.011552092751311138e-01 2.037599156298387282e+00
4.084230990645794888e-03 6.625894511195071779e-01
5.235470717278888075e-03 1.176814975019125908e+00
1.396529105326963727e+00 4.829790793651341299e-03
5.084950259030992514e-01 9.934853649096292427e-02
1.024211158750294226e+00 2.485581155058351737e-03
2.401631326150213686e-01 -0.000000000000000000e+00
2.482123540092636915e+00 1.581615800826315699e+00
1.573558492203810166e+00 1.643814031105717666e+00
1.621355642858470114e+00 4.509925004595327636e-01
1.146807613166965112e+00 9.013808684575783658e-01
5.828639066365856047e-01 5.735852874339374408e-01
1.174985556074624980e-02 1.029318175029657834e+00
3.034154003225203455e-01 9.141540901483035109e-01
6.218644904212503599e-01 1.986205564002787582e+00
2.064903233321176423e-01 9.203665561348684312e-03
9.413333756267892038e-01 3.233811700118794600e-03
5.665617503042130743e-01 8.390155150744871282e-01
1.404485107241445485e+00 2.254873225602766595e+00
4.476201171023438952e-02 3.383832192171855047e-01
1.085408013886980605e+00 1.014442520767769862e+00
2.299154414958269055e-01 3.311135049793574852e-03
1.007239894074494699e-02 1.157408577406933148e+00
1.068366723348886049e+00 1.117383948220784351e+00
1.825708973035252702e+00 1.149617963595955361e+00
8.153325686898867941e-01 1.363989356563489741e+00
5.666203812370594270e-03 4.392085564877253878e-01
4.706245656874504801e-01 1.739549639424290417e+00
-0.000000000000000000e+00 2.610676254948968156e-01
1.486242441316054208e+00 6.592210155455764387e-01
1.989681515975898041e+00 9.333710657384642895e-01
4.956638283591949801e-01 1.523906911824348009e+00
1.183925434300806989e+00 2.086594891005138397e+00
1.520484640297734336e+00 8.265146062673421889e-01
2.109787964800434956e+00 5.688544782729411109e-01
4.274679476421711088e-03 1.658486144752751301e-01
8.743688808539525903e-01 1.382308618612849704e+00
3.030287389985065194e-01 2.435819959057808348e-01
1.301333158370808540e+00 2.016617053054821529e+00
9.974545262871366003e-01 1.155891690794343674e-01
5.954216475514783058e-01 9.309012707007564558e-01
9.548082740784727962e-01 1.575872025972523849e+00
2.780946168822648890e-01 2.061783503509251325e-01
7.877551566893069290e-02 8.817653305878014880e-01
2.110582685646711087e-01 1.747636196914965412e+00
8.384560234462929973e-01 8.746819654605837713e-02
7.814783805929329530e-01 6.931540373524269771e-01
7.146987643705133841e-01 1.072573827676054137e+00
6.715548623290614749e-01 4.828616505006220194e-01
-0.000000000000000000e+00 2.192653108236795489e+00
2.008471135554452225e+00 7.335915679174294102e-01
1.365164848320923330e+00 1.181446103594166130e+00
3.246038971118078015e-03 1.830336489775930220e+00
4.567887461421531459e-01 4.515787034570108438e-01
6.886930746775741241e-01 1.158176651918254807e+00
-0.000000000000000000e+00 4.131055175528148410e-02
1.398989711149553505e+00 5.180044214039888212e-03
3.822912582758398736e-01 1.703897020146371011e+00
1.334830516554381674e+00 -0.000000000000000000e+00
1.467153178812492742e+00 -0.000000000000000000e+00
2.331810065947220512e+00 6.392009605738268041e-01
1.195673659608036177e+00 8.199962252162988907e-01
3.754188671651735865e-01 2.204315398413377314e-01
9.891935692021776028e-01 -0.000000000000000000e+00
1.472197185487721161e+00 1.091547742518502062e+00
1.731686959941823645e+00 1.236167724301598492e+00
1.450454884723822113e+00 5.489437801604569733e-01
8.682810080416955012e-01 1.212137606967093273e+00
8.943532776170744561e-03 3.323339035405942742e-03
8.752689892417451697e-03 1.069343880084411724e+00
