3.113273046992055537e-01
1.906582679777642925e-02
3.917514405080355644e-01
8.701818843797346492e-01
7.388450863889950426e-03
7.749477765440471178e-01
1.340477670693797085e+00
6.622742655501605569e-01
2.876736440302150033e-01
3.265888138296015875e-01
9.065595556793171195e-01
8.815524598614591367e-01
2.465624951186902614e+00
9.106555217680557535e-01
1.706263851384228536e+00
3.045605085356336783e+00
9.647812175542163082e-01
6.798530523253653035e-01
1.585752734873838166e-01
6.415063991663153553e-01
7.282073456329294370e-01
2.458565268843322382e-01
1.953996494346565971e-02
3.047696695066892669e+00
7.744828726847085010e-01
2.373874511474687754e+00
8.014673646377311611e-01
7.223675565744169802e-01
7.201693438586149743e-01
9.540664411396211353e-01
5.320929510572376397e-01
2.896766780552555876e+00
3.608432511871996207e-01
3.646388283743210446e-01
2.050366302497775184e+00
1.058295041506729373e-01
-1.499474029649436047e-01
-3.049750146081554036e-01
-1.573314833085089903e-01
8.534923882779326121e-01
2.693611502322085460e+00
6.110660321388742267e-01
8.291505084060529773e-01
1.059520950165524722e+00
6.489721661547823706e-01
3.297814075742230511e+00
1.229578255111201779e+00
8.413238865171945857e-01
1.763419326598176351e+00
1.220410081568504168e+00
7.513904822941680495e-01
2.837397697267169949e+00
1.207776849745590297e+00
1.847272927478390558e+00
3.454363603004363403e-01
2.980247617167318008e+00
-4.189694101729983244e-01
-9.594054631438167502e-02
2.011200353823336062e+00
7.945648057020134880e-01
1.657470742265242158e+00
7.581240200615699809e-01
1.156350925041554678e+00
3.738806147141241487e-01
2.199824794490343738e+00
1.591297799470815288e+00
1.040576320900160612e+00
7.356914037132539219e-01
5.729729291625431653e-01
1.229999906652393671e+00
7.818232962869470226e-02
6.529307268262483088e-01
1.453214775728610020e+00
8.464424828616675667e-01
2.895407320336766066e+00
1.884852434919203956e+00
2.459984754444468180e+00
1.637681580553928207e+00
-1.723061327741818305e-01
2.125224588016451754e+00
1.207340138642919891e+00
1.341002943832260152e+00
1.318459545544246048e-01
6.008603734418509479e-01
2.550919486216383092e+00
2.079211208187467186e+00
1.047740399478740647e+00
6.008521133265675163e-01
2.571667859843981052e+00
2.282895465373135924e-02
1.858444892111968505e+00
2.949951808974991430e+00
-4.674370926543800486e-01
3.857845250112433289e-01
2.627099938271265422e+00
2.718950790857877386e+00
8.026734117573476324e-01
7.982319237295002479e-01
6.865116872928839209e-01
3.509411128755201226e+00
4.949135538804922407e-01
2.438302993273039121e+00
1.245127722611446108e+00
-2.529077601590777324e-01
5.760786338260298622e-01
2.305481740303286564e+00
6.089213854496463574e-01
1.491040097508636197e+00
2.595536843113070979e+00
2.185617182418398752e+00
2.054027784561433645e+00
9.284006013117972467e-01
1.338468779921199392e+00
-1.599062808143024039e+00
8.314555430188278473e-01
2.799336149610511804e-01
8.075485283877743559e-01
1.024487515514455716e+00
8.129220197072676291e-01
7.725485580901636506e-01
9.629914007177932112e-01
1.892454893921097225e+00
2.473198753533870420e+00
7.039868154667910938e-01
2.827525840602573837e+00
5.596855056842945375e-01
4.876546283195923870e-01
-1.443229464828445774e-01
9.926256946330748177e-01
5.143737357223699957e-01
1.542124477853358266e-01
-3.247187949657166783e-02
7.275668548364389032e-02
3.795810141395926651e-01
5.159002193849533402e-01
6.109394067204048095e-01
1.083105305496896653e+00
2.578848132556546546e-01
1.632499889752194511e+00
2.072053598063647417e+00
6.601296179596232161e-01
7.594557014928319250e-01
1.170191699151013509e+00
8.041950407707476600e-02
8.371163019655768478e-01
2.930702072453291951e+00
1.776537204920100699e+00
-2.854761731240390010e-01
1.964844318641660870e-01
3.081639866170069464e+00
4.182073906706152977e-01
3.081294016099674238e+00
1.679142249976151913e+00
8.951560765114440210e-01
3.697715358977925471e-01
-5.704695456163112466e-01
6.346430648229519633e-01
1.180444857822535720e+00
2.999837353437218912e+00
8.078382940329246198e-01
5.480058145524304702e-01
4.731807291513839275e-01
1.193993055612790233e+00
1.415999689222956492e+00
1.060111132166458026e+00
1.769961678707025143e+00
4.411813353955639228e-01
8.959674118890732508e-01
9.873301224781999563e-01
-3.122773681372586346e-02
3.215337288985855579e+00
