1.242890309718668762e+00
5.094251060995064195e-01
3.224974573708546122e-01
-1.247605773162019649e-01
5.310794571976347189e-01
4.387377785616661252e-01
1.364301925801016724e+00
-8.558435428313910798e-01
-8.900566039763637693e-01
-1.452212912808972911e+00
-1.201983415450378567e+00
-1.101054213163503492e+00
-1.328544087254168726e-01
-1.360352123294559012e+00
-9.485446057901877892e-02
-5.899067461630238540e-01
-1.059552527887311024e+00
-6.733323275891898996e-03
1.884517482054945514e+00
1.206579272922701618e+00
1.688745887503010357e+00
-2.662200395672704278e+00
-1.977016703019075228e-01
3.800545492100512179e-01
9.422644932807668905e-01
-2.493723630795417201e-01
1.973190803837194807e+00
7.936573200342680323e-01
1.122845436626735749e+00
-1.040720289656506203e+00
-1.114364408511234750e+00
-4.669799073893174390e-01
-1.089137818511477063e+00
-5.452282421326674067e-01
-2.031315892200752149e+00
1.297370108991232340e-01
-9.114608848716597711e-01
4.006499657504802303e-01
2.321351925826728557e+00
1.179126020861397173e+00
-2.456248130289308274e-01
1.119768697082847098e+00
-2.428929740665834724e-01
-1.033336785781799438e+00
-5.403812156644095532e-01
1.052376169794161820e+00
1.417286530684013890e+00
-1.219754857711922602e+00
1.028662523472769097e+00
-1.113139278216596528e+00
-1.249832010963873863e+00
5.262592268668199180e-01
-1.476831713457001038e+00
-1.601455476972313052e+00
6.141601616146815656e-01
-1.626928756480823912e+00
7.353294569534911673e-01
3.131849386828506887e-01
1.630967829417033998e+00
1.592455508975591183e+00
-3.021429086280895127e-01
-8.103602759507846920e-02
4.172575419648029138e-01
-3.083720337109803755e-01
-6.880548308730151108e-01
1.641551407665911455e+00
3.283141694465513405e-01
-2.327707649753794350e-01
8.489172191783346255e-01
1.574128824552442518e+00
9.772667974559181570e-01
8.376433031210439584e-02
-1.716724516864085448e+00
-7.267918019345359637e-01
1.472593234897644709e+00
1.028467720905859473e+00
6.622728656404947012e-02
1.126999472557382198e+00
-6.937140537021373454e-01
-6.644132192982742380e-01
