2.548449390129556291e-01 1.483807682324576327e-01 4.712207119484557605e-04 7.897477524364854284e-01 5.378991263710966031e-01
7.919039918521740828e-01 5.128243612602751966e-01 3.315105461166845680e-01 -0.000000000000000000e+00 -0.000000000000000000e+00
1.624502703082165433e-01 3.796350319646020210e-01 1.110005738764974353e-01 1.203796180631120372e-01 8.959211864534124548e-01
2.821037435164694962e-01 9.588088991072144518e-01 3.321103561778344926e-02 -0.000000000000000000e+00 -0.000000000000000000e+00
5.296677532281737211e-01 -0.000000000000000000e+00 3.383484504952172789e-01 8.622334813362075856e-02 7.730057771286915624e-01
3.819311860002714276e-01 2.830673246297132351e-01 1.063029597822307687e-01 -0.000000000000000000e+00 8.733276244508358932e-01
-0.000000000000000000e+00 6.409128440401670691e-04 5.518388520149010157e-01 5.874685859430257562e-01 5.919071981043180219e-01
-0.000000000000000000e+00 1.000000000000000000e+00 -0.000000000000000000e+00 -0.000000000000000000e+00 -0.000000000000000000e+00
-0.000000000000000000e+00 7.700358263240570933e-01 6.380006474741439781e-01 -0.000000000000000000e+00 -0.000000000000000000e+00
-0.000000000000000000e+00 -0.000000000000000000e+00 6.003241413278740529e-02 1.290469938499516356e-01 9.898196717744499606e-01
3.868736091818002643e-03 3.153976107702414211e-01 -0.000000000000000000e+00 4.356907888250217131e-01 8.430201163284929411e-01
9.959137261368421548e-03 2.576720435318367611e-05 9.318581711135464074e-01 1.752527864627009347e-03 3.626818061277137795e-01
3.411975087963134423e-01 -0.000000000000000000e+00 -0.000000000000000000e+00 -0.000000000000000000e+00 9.399916276176024654e-01
-0.000000000000000000e+00 3.910438537176659235e-01 6.575649122627983401e-01 4.181141511984233783e-01 4.897689732905474158e-01
4.775971675118475535e-01 6.721086634760901068e-01 -0.000000000000000000e+00 1.701551981134088731e-01 5.396462717558889732e-01
2.924495587756741899e-01 -0.000000000000000000e+00 8.235489056425544518e-01 4.860457340486226685e-01 -0.000000000000000000e+00
7.413118051600832148e-01 -0.000000000000000000e+00 -0.000000000000000000e+00 1.321006092009762226e-02 6.710307756137463553e-01
-0.000000000000000000e+00 7.159304530801796629e-01 3.963472067505712793e-01 -0.000000000000000000e+00 5.747629755415952779e-01
2.975799081665198575e-01 -0.000000000000000000e+00 1.375320370977274331e-01 6.128325592889353191e-01 7.190044445639599546e-01
7.755677349750911276e-01 2.021885578234550174e-02 1.729225042535048260e-02 6.307034678925481641e-01 -0.000000000000000000e+00
7.972529639935341805e-01 -0.000000000000000000e+00 4.959024380892635420e-01 3.441925090690016176e-01 1.197494688443922950e-06
-0.000000000000000000e+00 -0.000000000000000000e+00 -0.000000000000000000e+00 -0.000000000000000000e+00 1.000000000000000000e+00
1.787777583554029381e-01 -0.000000000000000000e+00 -0.000000000000000000e+00 -0.000000000000000000e+00 9.838894821662732548e-01
1.933424509648524747e-01 -0.000000000000000000e+00 7.867243397577252662e-01 5.826411346335254038e-01 6.490622559225649180e-02
9.059178909726492979e-01 3.665657049262424083e-01 2.119961291806854997e-01 -0.000000000000000000e+00 -0.000000000000000000e+00
6.183852030275199807e-01 6.150932242850126741e-01 -0.000000000000000000e+00 7.396819523084102732e-02 4.835170857473103379e-01
4.128373929645073881e-01 -0.000000000000000000e+00 2.708385739753989552e-01 5.513595383091005608e-01 6.724688939518442821e-01
-0.000000000000000000e+00 5.895640604767501403e-01 2.395548138411515426e-01 -0.000000000000000000e+00 7.713803923873734369e-01
-0.000000000000000000e+00 5.188840109394234901e-01 6.258791876514621100e-01 5.172674907562195834e-01 2.673368075348516726e-01
2.728570386600354669e-01 7.459099429852419361e-01 6.075914691710450066e-01 -0.000000000000000000e+00 -0.000000000000000000e+00
-0.000000000000000000e+00 9.999999968341436452e-01 7.957205996438164854e-05 -0.000000000000000000e+00 -0.000000000000000000e+00
-0.000000000000000000e+00 9.225584809287193933e-01 -0.000000000000000000e+00 -0.000000000000000000e+00 3.858572913221852696e-01
1.980343390170727705e-02 5.560162772208150361e-01 -0.000000000000000000e+00 8.309354508451342047e-01 -0.000000000000000000e+00
5.023011809623212365e-01 4.840051264228902306e-01 2.340376696689293601e-01 -0.000000000000000000e+00 6.772436270472809161e-01
-0.000000000000000000e+00 5.589280231512103736e-01 -0.000000000000000000e+00 5.990571088495617591e-01 5.733498454461153360e-01
3.634349690931894528e-01 5.093522413189739695e-02 2.205214740493779187e-03 -0.000000000000000000e+00 9.302235017514952631e-01
-0.000000000000000000e+00 -0.000000000000000000e+00 1.019488476870966526e-01 -0.000000000000000000e+00 9.947896423140286659e-01
5.478512146227484253e-02 -0.000000000000000000e+00 9.054656822455190435e-01 -0.000000000000000000e+00 4.208687310100627244e-01
-0.000000000000000000e+00 8.854314951942472700e-02 7.730454942849750433e-01 -0.000000000000000000e+00 6.281407282121413971e-01
3.882437650118790440e-02 -0.000000000000000000e+00 2.759623602098529860e-01 9.603840083720165399e-01 -0.000000000000000000e+00
3.898436058707347579e-02 5.461596319483931206e-01 -0.000000000000000000e+00 5.732580195785778043e-01 6.095614153212617348e-01
-0.000000000000000000e+00 5.442389823113999991e-01 7.710616884047029052e-01 3.305568072315871464e-01 -0.000000000000000000e+00
-0.000000000000000000e+00 2.034474406379331857e-01 6.982925722818528191e-01 -0.000000000000000000e+00 6.862919367105138058e-01
4.849865661050520860e-01 3.520092230271399392e-01 6.156667508103529363e-01 3.203279465729956810e-01 3.990263101506085208e-01
-0.000000000000000000e+00 7.644369486928648261e-01 1.649322147470591859e-01 6.232443469553271553e-01 -0.000000000000000000e+00
-0.000000000000000000e+00 1.980393066987585216e-01 4.352718805858277196e-01 8.782475863750222045e-01 -0.000000000000000000e+00
5.554631710319543059e-01 -0.000000000000000000e+00 1.931766496964312796e-01 3.284256680779422122e-01 7.391075890469163134e-01
4.189768379479451577e-01 7.358414094516618764e-01 2.468140582258789573e-01 -0.000000000000000000e+00 4.712522149140576655e-01
4.741145564196635465e-01 8.117415114446794311e-01 3.360327764540616546e-01 5.807821568426094205e-02 -0.000000000000000000e+00
6.012287475144096893e-01 -0.000000000000000000e+00 7.932289057014928479e-01 8.749122700652361972e-02 4.070849443002084317e-02
-0.000000000000000000e+00 -0.000000000000000000e+00 3.471691926591030097e-01 3.144264460837991049e-01 8.835211155776291347e-01
-0.000000000000000000e+00 1.723789587775333837e-02 8.524853104434287898e-01 -0.000000000000000000e+00 5.224668893086706900e-01
-0.000000000000000000e+00 2.682667713013365818e-01 -0.000000000000000000e+00 -0.000000000000000000e+00 9.633446628364928932e-01
9.977715013281666101e-01 -0.000000000000000000e+00 -0.000000000000000000e+00 6.672354097625626812e-02 1.472842081532901650e-05
-0.000000000000000000e+00 8.103876693217917371e-01 3.203263123589154349e-04 2.865896093731679639e-01 5.110167498248791018e-01
-0.000000000000000000e+00 4.115015819888293014e-01 -0.000000000000000000e+00 -0.000000000000000000e+00 9.114090453910859146e-01
-0.000000000000000000e+00 4.842327372804215913e-05 9.302885158642835994e-02 3.769803859048048156e-01 9.215375299306922674e-01
4.523940341836572010e-01 -0.000000000000000000e+00 -0.000000000000000000e+00 8.710682063502398487e-01 1.912585101918654329e-01
5.227705048280963940e-01 -0.000000000000000000e+00 8.145170157250800624e-01 -0.000000000000000000e+00 2.515413094823335527e-01
7.189397081549671054e-01 1.689766007372670575e-01 -0.000000000000000000e+00 -0.000000000000000000e+00 6.742199970642586138e-01
-0.000000000000000000e+00 3.162349373409020226e-01 9.486809075790424428e-01 -0.000000000000000000e+00 -0.000000000000000000e+00
-0.000000000000000000e+00 -0.000000000000000000e+00 4.969576680599057661e-01 8.677747842363597863e-01 -0.000000000000000000e+00
5.196871494522882218e-01 6.947269914961141657e-01 -0.000000000000000000e+00 1.798801926273419782e-01 4.635976599178036617e-01
1.850614781236570860e-01 -0.000000000000000000e+00 7.304984194572387013e-01 6.493342191563790111e-01 1.024176758071521642e-01
-0.000000000000000000e+00 5.725882615427030364e-01 -0.000000000000000000e+00 3.623358125912161665e-01 7.354287468255290561e-01
5.754527659516560645e-01 4.109515306529884504e-01 7.070876562439446511e-01 -0.000000000000000000e+00 -0.000000000000000000e+00
7.550803800810054200e-01 6.302089955789279552e-01 -0.000000000000000000e+00 1.808044288952107836e-01 -0.000000000000000000e+00
-0.000000000000000000e+00 -0.000000000000000000e+00 4.300873359556670605e-01 5.681344628203762737e-01 7.016039592293930038e-01
9.822136029842952754e-01 -0.000000000000000000e+00 -0.000000000000000000e+00 -0.000000000000000000e+00 1.877669782272942678e-01
-0.000000000000000000e+00 7.985088753160659580e-01 -0.000000000000000000e+00 5.487678262825229636e-01 2.474620150217530790e-01
1.689905572310990978e-01 2.239802424241793266e-01 -0.000000000000000000e+00 3.078039351950634384e-01 9.091379323561203929e-01
4.779279469705666195e-02 8.076254346373600013e-02 7.123698713465782539e-01 -0.000000000000000000e+00 6.955015648767244318e-01
-0.000000000000000000e+00 8.116343380252108997e-01 -0.000000000000000000e+00 -0.000000000000000000e+00 5.841658166465905078e-01
1.694751601336746127e-01 -0.000000000000000000e+00 -0.000000000000000000e+00 -0.000000000000000000e+00 9.855344591122450204e-01
5.104520680739974559e-01 6.649235835631344127e-01 3.278315976562511391e-01 4.357083402904839420e-01 -0.000000000000000000e+00
2.890601312292214731e-01 9.239466272079749354e-01 -0.000000000000000000e+00 1.329533077710219613e-01 2.123447398865732916e-01
-0.000000000000000000e+00 -0.000000000000000000e+00 5.619435784541152445e-01 1.121001703008626948e-02 8.270996011076107157e-01
1.764106650807578114e-01 6.529718809423564752e-01 9.072281042473280543e-02 -0.000000000000000000e+00 7.309421123543259347e-01
5.703451055406049131e-01 5.777674449561441827e-01 2.604191453567963332e-01 5.225639758597611095e-01 -0.000000000000000000e+00
7.150473375815229460e-01 -0.000000000000000000e+00 -0.000000000000000000e+00 6.990760366495017974e-01 -0.000000000000000000e+00
