9.572645081916733023e-01 1.349517457827509759e+00 5.887544738575564152e-01
1.231163267801287375e+00 3.257274370490550464e-01 1.108585769175117058e-01
5.152069884222394529e-03 2.768508760756488996e-01 1.413678150300500036e+00
1.692388585814199153e+00 2.166708719982930187e-01 1.471546137039511093e+00
4.462879691171054743e-03 9.866544391196971908e-01 1.759720002218736479e+00
1.512480556069309534e+00 1.274376348490462219e+00 1.579467061616974255e-01
2.723693637050619842e-01 3.411542615402581302e-01 1.427787717233198306e+00
1.189676411467893713e+00 7.551172905379340827e-01 1.266339909701096778e+00
1.704974837112373631e+00 4.997846738973058325e-03 1.821745949673211351e+00
1.438407452379727447e+00 3.965638621827479726e-01 5.602554332208886656e-01
7.383208470541642310e-01 1.121291101910487198e+00 1.622486694182303069e+00
9.197048762492408391e-04 6.089614004015225790e-01 1.791882433851032186e+00
2.007577893821291953e-02 6.376239304751085690e-01 1.357984292310473684e+00
1.124180116049277034e+00 1.059831004347698613e+00 3.640388380236704302e-01
1.284689077359044251e+00 4.252263337687992584e-01 1.231134809110497219e+00
1.496810423901120846e+00 4.177114080570187293e-01 1.422934991922738979e+00
1.289099348241571796e+00 8.225830585482204471e-01 1.694606759976443611e+00
9.936241397243131823e-01 5.177551646528593121e-01 1.690822427553223539e+00
1.974891283055251190e+00 1.059641501086719395e-01 1.794074942401148842e+00
1.281184132111568674e+00 4.571966948815071874e-03 1.398519178987915668e+00
1.668198122509293169e-01 8.657299497090706897e-01 2.041108165789650819e+00
1.385350476963560951e+00 7.547527903952310213e-01 1.314249329150144696e+00
1.766684210357891471e+00 4.472317322263971162e-01 1.493933900015392835e+00
1.366834898011642929e+00 6.691761263405622273e-01 9.753037850162531441e-01
3.411828119901865186e-01 1.023005415055207035e+00 1.586246152875568471e+00
2.835659511488002882e-01 2.548749922434886961e-01 1.864504042366948999e+00
3.090151860115609495e+00 2.394797853187589975e+00 6.812757583779330828e-01
1.737519088491908059e+00 1.561771440924309529e+00 7.327231627306940442e-01
6.470577938111771177e-01 1.043412692828164179e+00 8.961352583975702446e-01
1.707753464264188725e+00 1.826367261235397610e+00 1.972686871823711163e-01
1.908176042154551277e+00 2.544844676464078415e+00 1.547392930783209053e-01
4.617633430192152333e-01 1.936513918615481833e+00 1.716109870780742730e+00
2.921544322332913501e-01 1.119956519062704992e+00 1.146981717078096263e+00
4.372754485553878578e-01 4.810074073377348935e-01 1.363693921807186182e+00
6.371358657698280581e-01 9.593616045198187781e-01 1.855518406445983315e+00
1.253748444388393279e+00 8.199539299323107544e-01 4.177494914397633097e-01
2.348591641034495581e+00 9.413310677573896723e-02 1.852718512277076623e+00
4.684851166394572441e-01 1.768902165633836843e+00 1.605716927273488581e+00
5.593201876183560017e-01 6.451007075111337974e-01 1.036669273831699739e-01
1.047134049679957490e+00 1.040512466387622847e+00 4.875347856667576751e-01
1.897711327076536003e+00 9.166563130294621553e-01 3.533402039178952792e-01
4.656830136491850736e-01 9.515782907698526749e-01 1.278997564623471694e+00
6.613346710474001799e-01 1.580717612858073995e+00 5.836299579356720724e-01
2.455404019314357672e-02 2.065930277312294228e-01 1.019286670318720819e-02
1.751191376504883213e+00 2.013214054734816294e+00 1.707868719298132332e+00
1.073805953762255072e+00 7.716657253053159637e-01 1.774003125231913280e+00
1.959724369577576120e+00 1.929454596263760813e+00 3.430191506954417546e-01
1.411540643852502219e+00 1.751285402998140173e+00 1.427981964590726793e+00
6.002618179849011915e-01 5.078649061113056362e-01 2.345959220214287669e-02
1.850231001090261840e+00 1.926441354122450322e+00 1.373732799975037853e-02
9.633700447477843154e-01 7.573283479247483463e-01 1.278953317064485562e+00
1.210657878816818522e+00 1.575516947322178840e+00 5.599822516205840151e-01
1.123822842795624943e+00 4.595654124769987248e-01 8.026865176505647570e-01
1.744986399357908891e+00 6.666148319588880433e-01 1.301599345960775533e+00
7.175234804944841116e-01 1.253417497035962391e-01 1.124075566074429045e+00
2.223295527847492792e-01 5.512723347882223512e-01 1.256873858651761378e+00
1.985114531774424540e+00 2.185682056483807811e-02 1.767274334032743033e+00
2.629856357698914682e+00 2.300770012244249152e+00 4.514607586639442505e-01
8.339322604558786489e-01 2.260608768987003858e-01 2.565492283721725747e-03
8.674937665603201786e-01 1.373564344408161109e+00 1.632249314856957678e+00
1.627612194588122119e+00 7.626071450252852602e-01 5.185512953724545904e-01
1.037376048513284799e+00 8.770978346610849297e-01 2.142180706133576251e+00
8.870059927749140982e-01 1.946424578342526690e+00 1.844420665705558626e+00
9.529114512866206088e-03 9.822280042570212810e-01 3.767466744906644571e-01
2.784243166117767565e+00 2.139573679495448744e+00 4.970321535173475858e-01
1.851141150096369037e+00 1.731188492965290537e+00 5.482294924411474854e-03
1.399282903623828345e+00 1.801151125846531253e-01 1.455100884805191397e+00
4.759316095035709404e-01 2.763996156232323975e-01 1.425177294539216322e-02
2.182248697002683535e+00 2.385942198171046247e+00 6.697748014138459327e-01
1.575734242865335588e+00 5.308736710586102747e-01 1.830343606354912556e+00
6.708112389165068468e-01 1.137121461654942545e+00 1.806243892496621539e+00
3.925985788539676502e-01 9.396528015669742828e-01 1.425194372496279893e+00
7.936022264314009922e-01 1.129781189977546035e-01 4.923131868461047556e-02
7.166709260377016610e-01 1.344897360498102934e+00 8.516577778867524540e-01
2.249967795263316805e+00 1.570778447196940375e+00 2.136549968477759798e+00
1.075228534962952898e+00 1.284669611505999232e+00 2.121083028195200892e+00
2.643521882463893302e+00 2.386294022641586743e+00 7.255902701792948939e-01
1.617258126526247120e+00 2.417301342661011820e-01 8.548839284650363579e-01
1.643053347563487421e+00 2.639128959476968905e+00 1.154423904833293157e+00
1.201692643886340672e+00 -0.000000000000000000e+00 1.590169539840172952e+00
1.915088590438064620e-01 1.985222547277841754e+00 1.583394514854168600e+00
