1.000000000000000000e+00 -0.000000000000000000e+00
1.000000000000000000e+00 -0.000000000000000000e+00
1.000000000000000000e+00 -0.000000000000000000e+00
-0.000000000000000000e+00 1.000000000000000000e+00
1.000000000000000000e+00 -0.000000000000000000e+00
3.240002777997098571e-01 9.460569855910957449e-01
3.123711480121753592e-01 9.499601391056128330e-01
-0.000000000000000000e+00 1.000000000000000000e+00
-0.000000000000000000e+00 1.000000000000000000e+00
4.396902642805076145e-01 8.981494705765501463e-01
9.101386900183096040e-01 4.143037109799468376e-01
1.000000000000000000e+00 -0.000000000000000000e+00
5.365402392010433230e-01 8.438747369829762146e-01
1.000000000000000000e+00 -0.000000000000000000e+00
-0.000000000000000000e+00 1.000000000000000000e+00
-0.000000000000000000e+00 1.000000000000000000e+00
9.852619541602131159e-01 1.710522776358094355e-01
9.427943938573434268e-01 3.333747604591028035e-01
-0.000000000000000000e+00 1.000000000000000000e+00
1.000000000000000000e+00 -0.000000000000000000e+00
-0.000000000000000000e+00 1.000000000000000000e+00
8.740372967294435247e-01 4.858588312729187342e-01
1.000000000000000000e+00 -0.000000000000000000e+00
9.413011626328504633e-01 3.375679505315102302e-01
-0.000000000000000000e+00 1.000000000000000000e+00
-0.000000000000000000e+00 1.000000000000000000e+00
1.000000000000000000e+00 -0.000000000000000000e+00
1.000000000000000000e+00 -0.000000000000000000e+00
1.000000000000000000e+00 -0.000000000000000000e+00
-0.000000000000000000e+00 1.000000000000000000e+00
-0.000000000000000000e+00 1.000000000000000000e+00
9.765958403768905116e-01 2.150826923733173690e-01
-0.000000000000000000e+00 1.000000000000000000e+00
1.000000000000000000e+00 -0.000000000000000000e+00
1.000000000000000000e+00 -0.000000000000000000e+00
-0.000000000000000000e+00 1.000000000000000000e+00
-0.000000000000000000e+00 1.000000000000000000e+00
1.000000000000000000e+00 -0.000000000000000000e+00
5.827981900364552770e-01 8.126169267805289920e-01
7.772412845758245314e-01 6.292026585694965313e-01
1.000000000000000000e+00 -0.000000000000000000e+00
-0.000000000000000000e+00 1.000000000000000000e+00
1.000000000000000000e+00 -0.000000000000000000e+00
9.359947708418411283e-01 3.520139044934580408e-01
-0.000000000000000000e+00 1.000000000000000000e+00
-0.000000000000000000e+00 1.000000000000000000e+00
6.941188326372096373e-01 7.198604352083515234e-01
-0.000000000000000000e+00 1.000000000000000000e+00
-0.000000000000000000e+00 1.000000000000000000e+00
5.221223286149798692e-01 8.528706079832221176e-01
-0.000000000000000000e+00 1.000000000000000000e+00
9.700702767259001824e-01 2.428243361216813057e-01
9.999980283969688299e-01 1.985749776527437598e-03
-0.000000000000000000e+00 1.000000000000000000e+00
-0.000000000000000000e+00 1.000000000000000000e+00
1.000000000000000000e+00 -0.000000000000000000e+00
-0.000000000000000000e+00 1.000000000000000000e+00
3.004894407465374603e-02 9.995484285215991971e-01
2.044761051314101519e-01 9.788715556344910196e-01
1.000000000000000000e+00 -0.000000000000000000e+00
1.000000000000000000e+00 -0.000000000000000000e+00
1.000000000000000000e+00 -0.000000000000000000e+00
1.466192208501293781e-01 9.891930064842253678e-01
1.000000000000000000e+00 -0.000000000000000000e+00
-0.000000000000000000e+00 1.000000000000000000e+00
1.000000000000000000e+00 -0.000000000000000000e+00
-0.000000000000000000e+00 1.000000000000000000e+00
1.855408169645160780e-03 9.999982787287805541e-01
9.998328017408837365e-01 1.828574753666895730e-02
1.000000000000000000e+00 -0.000000000000000000e+00
1.000000000000000000e+00 -0.000000000000000000e+00
1.000000000000000000e+00 -0.000000000000000000e+00
1.000000000000000000e+00 -0.000000000000000000e+00
-0.000000000000000000e+00 1.000000000000000000e+00
-0.000000000000000000e+00 1.000000000000000000e+00
-0.000000000000000000e+00 1.000000000000000000e+00
1.000000000000000000e+00 -0.000000000000000000e+00
-0.000000000000000000e+00 1.000000000000000000e+00
-0.000000000000000000e+00 1.000000000000000000e+00
6.217443505966656625e-01 7.832202515902727535e-01
