2.751006229649362589e-01 4.192593067164020887e-02 6.274409647411496316e-01 7.787588924944918202e-03 1.199533470610291974e-01 3.276727908793979349e-01 4.970410619318991335e-02 4.127558338557419382e-01 2.666595445225714012e-01 4.038757237218115748e-01
3.418828321911890900e-01 2.920642802818880224e-01 3.331372549116344284e-01 2.941595191878294546e-01 2.264145206751652650e-01 2.881651250425284472e-01 2.888480927213628036e-01 4.092067017576145882e-01 1.093893411808463667e-01 4.507241773391406081e-01
3.576776519951434530e-01 2.755033202524078129e-01 4.478725813351868146e-01 2.803717559292863148e-01 6.428910484839800432e-02 4.041559595823952522e-01 3.298492095566977200e-01 8.635418591184039483e-02 1.514153727092423796e-01 4.585925827222861462e-01
1.177548491944053902e-03 1.562413832894095911e-01 1.083754089543261662e-01 7.231575033042505485e-01 2.240659446538422750e-01 2.092947397427942224e-01 5.100438689197593911e-01 6.365773246651548279e-04 2.120338540676953987e-01 2.043817391900661362e-01
2.044051987806698722e-01 3.409393090822532280e-01 4.585992077355276475e-01 2.892194192166213096e-01 3.431838121076939419e-01 1.362885662325793446e-01 3.042932405709517507e-01 3.076236836412597486e-01 1.631092522950191581e-01 4.447884430708232695e-01
1.220597106948541517e-02 3.235934585981763978e-01 9.868386376014847555e-03 4.820275171362208289e-01 3.969153400137689046e-03 1.943908496389393226e-01 2.626429187684022060e-02 2.061310643743048676e-01 7.389115698650023933e-01 1.889885766025154179e-01
4.251199713142710460e-03 2.109300443302560002e-01 2.706956873418510656e-01 4.195161285132237849e-01 1.617757543308344370e-01 5.307960231245170135e-01 1.951000336335105556e-02 1.153642627155166897e-02 4.761270425104155435e-01 4.136351092997896384e-01
4.710298173470956473e-01 2.258132906945364282e-01 -0.000000000000000000e+00 3.054229825452650648e-01 1.810464435176797060e-01 6.094306046478610295e-01 1.759716362871399653e-01 2.296188647624141654e-01 3.580436645264550299e-01 1.333659946053614431e-01
2.336413339344138862e-01 7.209777523709108571e-02 2.965894380102976902e-01 3.170420168026883423e-01 2.264731229965008807e-01 -0.000000000000000000e+00 1.981734841385541721e-03 2.468858231576391005e-01 6.778454603126108369e-01 4.242777654676465060e-01
2.161767112453866907e-02 5.068971170718478136e-01 1.911094290163073139e-01 3.919899862315922578e-01 3.054088725729210418e-01 3.158436669386457396e-01 2.684500849372674636e-01 3.652081574462396896e-01 2.298566968661544252e-01 3.179633264714381014e-01
3.335141754233964528e-01 4.844378373324205178e-01 1.156208675779491352e-01 1.180949530351994015e-01 3.167518185229022398e-01 3.510481867552113222e-01 2.932651250617313021e-01 8.391613309488471506e-02 5.551787348326134852e-01 4.401535024710959143e-02
2.759269177301251763e-01 7.305978173402987580e-03 2.982039534855629448e-01 4.209459793046367859e-01 7.347571941564999543e-02 1.310259783596426642e-01 -0.000000000000000000e+00 1.810026462902253053e-01 6.488836987745231211e-01 4.258066962127340371e-01
1.205089541692449563e-02 2.455713264269030263e-03 6.009253777107171485e-02 1.990659825394296145e-01 6.436671928605558479e-01 2.326694933631287543e-03 4.062849075467150906e-01 4.686312303417288772e-01 3.537261987724261703e-01 1.802570896462064864e-01
6.375168348518132078e-01 2.458920917864684808e-01 2.847061159079662951e-01 8.145623738557741800e-02 2.081957149605221102e-01 2.903728389392532527e-01 2.051461212468066730e-01 4.960005038815979428e-01 1.704700968709607634e-01 2.435872063178301863e-02
7.637598766722819565e-02 5.514032067437387719e-01 2.974989705314168842e-01 3.648934200070626521e-01 2.652026717163519232e-01 2.511040046139422777e-01 1.292995849872076997e-01 2.596334523912183778e-01 2.295863688830705185e-01 4.452469824657581676e-01
1.835293146219413030e-01 5.331136099918619697e-01 3.385814240647525009e-01 2.957104384973558986e-01 4.434141281683791069e-01 1.878053432769142272e-01 1.213263521177740389e-01 2.860122069916524179e-01 2.840830282038329241e-02 3.883397885867109212e-01
3.579900509361395033e-01 1.368446977912645135e-01 3.706487505292204165e-01 4.090424453481306122e-01 5.098017335610501855e-01 6.470791618482701901e-02 3.441450967398342886e-01 1.383985925423925900e-01 9.520839514311839336e-02 3.710537094000802005e-01
2.679731846491794078e-01 2.548069420573335631e-01 4.621477793545195056e-01 1.982722959215564018e-01 2.423169979430759013e-01 2.918942876976330369e-01 7.457869974886283462e-03 4.623673567839381993e-01 2.432396001296197596e-01 4.398259008951726501e-01
1.190711478343754737e-02 2.791285294617969481e-01 1.466992842673853492e-01 3.986081429337696158e-01 3.369122521195758724e-01 5.388556547738774238e-01 5.500677135764940606e-02 5.726295759273033470e-01 8.204068563475350184e-02 1.432096081551702022e-04
5.185706081316582283e-01 5.902579108696677235e-01 9.508797191708472096e-02 3.749639101703433064e-01 7.754751993584915737e-02 1.159785212240229263e-01 2.559141862963574265e-01 2.235882161476967778e-01 2.630077977776568710e-01 1.700557809396654740e-01
2.132609781350369160e-01 4.524614929780979011e-01 2.865253479620572530e-01 1.513791977076720530e-01 3.255537682422764839e-02 1.224736770568772837e-01 6.658561352336291872e-01 3.212977382657419834e-01 2.205361263927072546e-01 1.830121565204767542e-01
4.926673662099321227e-01 3.878474811106795150e-01 2.428942765181061336e-01 4.549895881045807333e-01 1.676556505252570495e-01 3.264023460204412697e-01 2.087948289505566213e-01 3.279906201999239768e-01 2.095602225810389851e-01 1.053779851511072729e-01
6.417300056630004246e-01 3.993102063205558605e-02 8.513712057982782133e-02 6.185355311240948312e-02 7.975317652311796068e-02 3.007832475465830879e-01 9.587949836116514690e-03 5.087504082126849125e-01 4.411863624645293580e-01 1.584881000462838585e-01
3.612846497795050849e-01 6.701958358621393219e-02 6.740093730127400332e-03 2.353214614694336404e-01 2.196453334022745729e-01 1.834555787291979956e-03 1.318898516653988218e-01 1.526232329024387324e-01 4.999079507621806417e-01 6.860874409640078664e-01
1.611462710999470582e-01 4.511839605954146570e-01 1.772601065532344311e-01 4.276024942047583211e-01 9.725963353533957981e-03 2.522195537072636218e-01 3.816385065463761550e-01 5.223371164682771850e-01 2.123238072835644530e-01 1.700739982844131637e-01
1.783449640166220318e-01 4.215346272809211703e-01 6.108903992248655435e-01 1.515781567849630584e-01 2.911873364906251704e-01 2.319706570441331939e-01 1.487286305651623064e-01 2.253261159631845811e-01 9.832576733078762787e-02 4.161467806742948916e-01
2.055757957137809566e-01 3.358422830735395270e-01 4.709831800460555218e-02 2.797621035375577603e-01 4.736991274077849423e-02 1.776723830959555939e-01 4.651359644009812055e-01 4.506155275919724867e-01 2.957074579359348920e-01 4.730786011528696489e-01
1.988178068434120760e-01 9.923827059302624265e-02 4.390455793900726600e-01 4.244283348143315648e-01 4.192022497734390618e-01 1.833820161935493243e-01 5.789045786198469649e-03 5.753593796489615553e-01 1.640866517097601951e-01 1.018182940716122892e-01
6.612682008284731516e-02 2.570576128755436840e-01 3.626551563136156675e-01 1.583442035866816089e-01 2.925471435786414220e-01 4.080775912976031816e-01 4.278727809482026356e-01 3.434493189971637439e-01 4.207787908559871837e-01 2.067812471009831121e-01
4.403951826875579512e-01 3.124860275094932249e-01 2.807142938485714390e-01 5.695968103179637615e-02 2.219242839705573567e-01 1.200471421966260166e-01 4.199244149517764590e-01 7.926519928036999951e-02 4.400283265459939419e-01 4.318026484691183109e-01
2.136685224622858481e-01 2.631637940452843383e-01 3.979431855344219837e-01 1.620811461618583763e-02 4.735968276217341622e-01 3.376699915943090491e-01 5.493477711476613123e-01 1.506897527775520329e-01 7.376839173130820063e-03 2.522088950649037931e-01
3.594993370631091589e-01 3.281558849082109042e-01 2.555670052095352918e-01 4.745458774323670914e-01 1.891975563155696705e-01 2.226596867715389949e-01 2.726760599289365650e-01 2.094958248204795148e-01 4.945128283244372147e-01 1.562335905926409418e-01
8.506080496025775206e-03 1.478731619474355219e-01 4.087154277339807851e-02 7.754439596974479487e-01 9.046945497701037314e-03 9.001957470583571430e-02 2.603462132331765266e-01 7.650569729890597907e-03 3.695785520524390022e-01 4.030694701637001498e-01
3.416483034314431455e-01 2.420254156497302633e-01 1.825423570093077652e-01 4.811343508058227858e-01 3.713310451438234239e-02 4.497386029528595008e-01 2.975037460793634736e-01 3.818249543322832507e-01 2.496393249744091047e-01 2.441841797117266233e-01
3.490667467788477474e-01 1.212829923107311275e-01 4.828155854573403793e-01 1.300896103357494504e-01 2.808392579982684281e-02 7.407623548693063886e-02 4.432839384619767786e-01 3.760952470471885523e-01 1.673815929043558637e-01 4.910883501431013154e-01
1.530260752971731308e-01 2.916738751761728810e-01 2.639138804595563825e-01 3.751744402621743357e-01 1.991352140894796785e-01 2.153432697482925984e-01 1.473761130949608790e-02 4.632978293881767629e-01 1.421882991440437116e-01 5.999965235406540254e-01
1.259382105257091100e-02 8.705592952530058146e-03 9.931830081503239052e-03 8.309240580285262023e-01 1.136284602195533344e-01 8.749965374169615950e-02 1.179887260188490494e-01 4.824020815821788433e-01 5.298735422958174984e-02 1.980499760057412573e-01
1.839026650091050707e-01 4.586495882151525594e-01 4.550190477777631970e-01 1.670377615386569869e-01 2.589412266133458429e-01 1.462026678976901528e-01 2.939090507486140647e-01 4.569033908899914898e-01 1.552753268061827785e-01 3.364475778457550748e-01
1.210206867486216323e-02 8.248309925245059931e-03 4.385588843721974217e-01 5.186124772843209163e-01 -0.000000000000000000e+00 5.559599157200744157e-01 1.166279519305875451e-01 3.402017110327901998e-03 4.643160714619833374e-01 1.407883741987525118e-02
4.791519781539924951e-03 3.232146219517172403e-01 1.127293020199569701e-01 1.779798644936805008e-01 2.223917420736993764e-02 5.514959987872830594e-01 5.331688593732154535e-01 2.209634082001990518e-03 1.681074921022761570e-01 4.836818791921593252e-01
2.977859680056122935e-02 2.256336995026001768e-01 5.420902683491629626e-01 4.740639038795921856e-01 3.876820917041044479e-01 3.485662028392299550e-01 3.023677293655478437e-01 1.660138672896248335e-02 2.372746906800024189e-02 2.560148047276363803e-01
3.959324651769304260e-01 4.839658711867650398e-02 2.290408027103532085e-01 1.222094443307518985e-01 3.401517041473409164e-01 4.697908506332179601e-01 3.017466304101295016e-01 4.708903710837437084e-01 3.315111374141647693e-01 1.200224388955672405e-01
4.707836507463083464e-01 2.421593558264894530e-01 4.685172568540997839e-01 6.214273710356784525e-02 2.885128522410654872e-01 1.694621104334109452e-01 1.436208249879196153e-01 4.248536773017825841e-01 2.995367851305923423e-01 3.058504764041003465e-01
4.332967893476025734e-01 6.469695542576263392e-02 3.330734894401561341e-01 4.037396134873351417e-02 1.292883981143194416e-01 9.375532371132162812e-02 6.365866757830582756e-01 3.017371906769085732e-01 1.590742101581652801e-01 3.852299406927268133e-01
3.261207861751030945e-01 4.160432292013511169e-01 2.399934128527504151e-01 9.895045025088304580e-02 1.938055372009558630e-01 3.968941271650111569e-01 6.128156297468455582e-01 2.093673931455934945e-01 1.350627109213978772e-01 1.430386757447542900e-01
1.338427863359071927e-02 1.993308194569643962e-02 2.838901680546241924e-01 8.181004285160239364e-01 8.517338503491611590e-02 1.548472644267297194e-01 1.734747000901411956e-02 4.564948962438659108e-01 1.725707323162421758e-02 9.655610941695540184e-02
3.448884716101701959e-03 2.602934010120992459e-01 4.030552371173051207e-01 2.567840485447509535e-01 5.367700500732722202e-02 3.194202954683660334e-01 4.616925635588000065e-01 3.376364917371341701e-01 4.761761333569658472e-01 2.122055584299037956e-01
3.594012541239161029e-02 4.773724558981961436e-02 3.026601465112279676e-01 3.489611604445269633e-01 1.522718429827090991e-01 6.117964301249784187e-01 5.797521004586148052e-01 1.428106654862879576e-01 1.291676173035755104e-01 1.112616887438642593e-01
6.784301065568646427e-01 3.725484761705343262e-01 1.149516273660223659e-01 9.851159805488300669e-02 1.818633456062128395e-01 3.231257335544340248e-01 5.932833987013275828e-02 4.535833554210841889e-01 8.557079602971791321e-02 1.547812078861618978e-01
-0.000000000000000000e+00 3.302165249406583403e-01 1.677432391265899422e-02 2.228942644277680518e-01 6.406306906868495243e-01 8.382098593088188956e-03 1.096109936795480050e-01 4.872881337131270696e-01 4.108671360672652706e-01 1.106335187847787976e-01
2.240098030892878067e-01 1.276334919145228897e-01 5.858834058167025280e-03 3.373538839943559520e-01 2.737535010209373731e-01 4.514230677278148751e-01 5.878789022245660412e-02 2.448862021345637741e-01 6.831249194144334291e-01 1.043007282971673277e-01
9.076048590017147741e-03 2.782256403532278322e-01 9.691181757998761082e-02 1.997966859268324180e-01 4.517279566140149916e-01 3.062938779746826046e-01 1.630527254109852969e-02 4.744099344513265371e-02 5.873680027348849864e-01 4.772899909050201117e-01
2.260412097933964803e-01 5.577953402948601092e-01 5.614168780367993425e-03 5.186788559004029686e-01 3.077439192899982801e-01 -0.000000000000000000e+00 1.394082030308204934e-01 2.688806242551726733e-01 1.786920921840244314e-01 3.877393899644795972e-01
4.467966045801309849e-01 3.874254331475548430e-01 5.188255435791236554e-03 2.729222193072772251e-01 8.570338570371885401e-02 3.781657674361333932e-01 6.516245017812246632e-01 2.312286732939227221e-02 1.604044273755792643e-02 -0.000000000000000000e+00
3.243652950425490733e-01 3.239971142086082723e-01 3.552093394658020764e-01 2.006488605884525211e-01 3.329214020293544962e-01 3.547653730372208325e-01 2.976367246699255786e-01 3.653964908516526000e-01 8.603619911371218620e-02 3.964590930537120195e-01
3.961420430422034067e-01 3.612713975952395185e-01 3.733181002186850006e-02 5.323651679755985189e-01 2.597059599906768532e-02 3.301075145876524730e-01 4.003965668755209151e-02 3.508208045257037999e-01 7.953447067838625983e-02 4.325488837520464758e-01
3.019116599217921970e-01 6.805350864490541940e-02 1.064023991540163222e-01 4.382848545982912514e-01 3.574874210827090337e-01 2.559704381936487305e-01 3.521663275231103341e-01 4.295871155140827402e-01 2.933124244181743445e-01 3.359858232308373105e-01
1.714811894056246511e-01 1.102403559649689328e-02 5.084431767915928435e-02 4.089375155439028409e-01 3.542911065585047647e-01 7.107177231020350705e-02 4.650660389608918255e-01 4.881258622426140059e-01 2.604404861599830534e-01 3.843198228531020666e-01
2.163699706202271422e-01 4.318371084637240287e-01 3.827701140293352511e-01 2.172660898777675487e-01 3.727330567720146814e-01 4.724439482357624676e-01 2.403374615828024197e-01 1.903938949523908408e-01 2.016212058267918550e-01 2.760198840903043127e-01
4.282507303663417586e-01 6.042054770578847434e-02 1.833422890328093857e-01 3.185990786762843974e-01 1.224452896296465004e-02 5.052299980999731543e-01 4.070701098596438694e-01 4.984384004601634666e-01 1.081058642931418366e-02 9.033183177297834932e-02
6.139595997683410245e-01 3.730286146573893458e-01 2.236864320140326823e-01 7.119314606977573956e-02 5.928807481390444001e-02 4.219598268686032272e-01 7.758600443549490411e-02 4.084029857495813376e-01 2.528273192657181090e-01 1.024683710125175173e-01
2.993522612907238978e-01 1.220669308540539566e-01 1.250416385082440129e-01 4.773467735158811731e-01 2.686945653564515868e-01 4.338499191525317378e-01 5.634721231742372272e-01 2.100323687984231857e-01 1.723912405667078207e-01 1.538971548517789958e-02
3.867239926208951850e-01 3.090010556268286690e-01 8.819903577226183289e-02 3.587635507377347488e-01 3.576535411513466767e-01 3.154086547742964708e-01 2.825730545943327954e-01 4.831235475217575126e-01 2.384851090715002786e-01 1.447163788156032582e-01
1.228088583950774637e-01 1.767482810891798650e-01 3.105079585968482658e-01 3.553082307870775169e-01 4.670999477803405853e-01 4.482334025922872223e-01 4.192412528136288397e-01 3.621647814446169594e-02 3.006307652876152869e-01 2.108782478386287684e-01
1.919968431146137910e-02 2.993100195283448506e-01 4.201021620263398759e-01 1.760917549386724901e-01 -0.000000000000000000e+00 7.864399136030594123e-03 2.472546002424526046e-01 3.428380958544834795e-02 1.094888552825400568e-01 7.925849332974337358e-01
1.236549546326541280e-02 1.371307761262774982e-01 2.781494302063630686e-01 6.749182031862815956e-01 3.132345418200360720e-01 2.155019686678248392e-01 3.644855545530309437e-01 4.105238495738533500e-01 8.864975398903940026e-03 4.631892939311042789e-02
2.976761776205097965e-01 1.362990609662766790e-03 3.364185416148504637e-01 5.193816338487956541e-01 2.364036432355685335e-01 3.735495917959594792e-01 4.415305863419600740e-01 2.387370873227484813e-01 2.846770052075165980e-01 6.378551043177223615e-03
5.772625616090899629e-03 3.547477527224630056e-01 5.530981202788513330e-03 9.119141706487850219e-02 6.342288205313740823e-01 7.283080561242476908e-03 1.421022349417692121e-01 2.509740933451828360e-01 4.363426436725714175e-01 4.357740916855453728e-01
2.684077217034536722e-01 5.548725860739546212e-01 -0.000000000000000000e+00 2.899527321709485239e-01 1.454932633375768947e-01 3.208341388657922622e-01 2.053335337599180854e-01 3.190404309723446907e-01 1.433059524541681062e-01 4.974063069882028176e-01
3.844711590592087558e-01 2.440363690521082929e-01 2.727009308611289540e-01 1.774031093225497957e-01 4.177003154502161378e-03 2.129223652646096976e-01 5.297419487033141472e-01 4.216485967169068538e-01 3.743248810957835460e-01 2.071326836107097724e-01
1.863010248608998887e-01 1.655133173614431463e-02 1.073296058018077953e-01 5.561239617183705297e-01 4.807082316723378379e-01 1.674139492510998140e-02 5.352955751307304499e-01 8.465429529227005978e-02 3.116807381544585698e-01 1.483617645169007515e-01
3.723358443110959537e-01 2.067154382739611607e-01 5.245400359390660627e-01 1.050964861290736158e-01 8.111912002071108851e-02 5.714611723974531883e-03 2.179481286338847967e-01 1.837896406221778411e-01 5.963673324217100280e-01 2.981614387304201697e-01
1.830222290977168431e-01 2.326008652661478715e-01 3.211995105737645573e-01 4.324975685775597767e-01 1.581776015933087642e-01 6.489921465540499437e-03 3.138020695540686411e-01 5.269492534123764171e-01 1.102775175661178421e-02 4.699417944295782856e-01
3.629307677466030446e-01 4.988744711840285007e-01 2.624163717394209505e-01 2.432598557783415272e-01 4.047445951701644229e-01 4.389835051474436090e-01 8.179966673633282115e-02 3.256167699039145824e-01 1.232405593477038513e-01 8.329107595277465692e-02
1.836921727654931280e-01 4.538896149329828267e-02 4.127033948208515546e-01 2.114079798114096020e-01 4.223732352302054238e-01 9.882158937678119093e-02 5.605402100843649184e-03 3.277316120397764238e-02 1.032488167948093262e-02 7.481996001329874746e-01
3.001641935124795824e-01 2.500225762874713209e-01 4.360874424203260991e-01 3.061315224557152326e-01 2.514769146417736856e-01 4.330575802385890349e-01 4.343166438872276269e-01 2.776131098867296587e-01 1.642789186706992699e-01 1.415427368108822248e-01
5.054626007473643230e-04 3.524051623381113663e-01 4.271715581796833305e-01 3.635771629077970135e-01 8.315931999251871543e-02 1.543203963024221415e-01 2.737908354550810386e-01 5.814342966458711098e-02 4.426596680774761983e-01 5.060894521800461954e-01
1.136083596864604778e-01 7.301354237610833964e-02 1.234007255714524715e-01 3.457504622687100349e-01 1.060859899844257548e-01 3.373178643190200554e-01 3.372183412652151602e-01 3.703616309519272565e-01 1.080017631085136293e-01 6.777943161071460221e-01
6.021163010192830400e-01 4.311727031129387044e-01 1.768824935657915542e-01 1.067143666452211176e-01 1.056083360879525590e-01 4.107412795015070173e-01 2.440113121072110536e-01 3.919829813562535348e-01 3.534339993064455204e-02 1.206972832872243856e-01
3.132123857681001211e-01 3.037834919580774118e-01 3.614924469881888001e-03 4.333227631066397523e-01 2.922365627357574880e-01 7.733040055447604200e-02 2.487121439353614794e-01 3.159119168944690137e-01 4.765352600708818165e-01 3.764382863002974089e-01
8.966482965690994456e-02 2.876623228636904783e-01 3.220948209591317224e-01 3.237912995109613612e-01 4.437613106136799046e-01 2.221835645899377376e-01 1.979567073180401315e-01 5.176150358688537123e-01 2.726160156378333310e-01 2.700063231040099598e-01
-0.000000000000000000e+00 1.335414754985627360e-02 1.133141433218618072e-01 2.924245431683989982e-01 1.366004285181143252e-01 4.097092387596717455e-01 1.505754140309766616e-03 7.188505099251418784e-01 1.745201820770889423e-01 4.095637971738375072e-01
5.972875377701625244e-01 1.125068950896849496e-01 6.164916829464580673e-03 1.678650729488796733e-01 2.733271889039743385e-01 4.558524573512737765e-01 1.102721305955912598e-02 -0.000000000000000000e+00 4.167828238034144150e-01 3.821444362454279320e-01
2.460499791792717106e-01 5.017428410013818896e-01 2.621949572018449359e-01 2.123777030480312744e-01 2.699209454074556480e-01 1.757659194913001321e-01 4.241703818878362897e-01 4.981790124661237273e-01 2.036108308890483554e-01 2.349165604009933322e-02
6.127017631913748152e-01 2.999810906939029964e-01 4.681375322249270443e-01 3.066165677834489442e-02 1.408714500342008180e-01 1.940112722405879508e-01 3.851203431548534950e-01 2.031024145358788224e-01 2.171279659922067118e-01 1.425378757564462195e-01
1.784826656745559792e-01 1.702778364252194032e-01 3.292078076324924663e-01 7.537686643509546869e-01 2.426707671633219002e-02 2.921007819558245067e-01 1.934627337975724504e-01 1.683080843215366620e-02 3.727451378320902342e-01 6.528048904666959237e-03
4.164968024125996759e-01 4.182925707838860974e-01 3.710042367704423083e-01 4.017866628159372788e-01 3.925963898625332571e-01 1.373985095695254635e-02 1.709488880463435334e-01 2.322429191144202154e-01 2.765805875718274076e-01 1.962326339492043714e-01
1.841284796550701763e-01 1.496568415697318091e-02 2.126936585012694503e-01 3.763024182032719267e-01 9.627985762003658798e-02 6.294058509418009040e-01 2.000129230819208959e-01 5.320456790875719433e-01 2.242117938225386131e-01 1.613661233294915592e-02
5.718772287301445711e-01 3.242424940519396670e-01 3.671739358007199971e-01 3.292463686157451330e-01 7.891612326312907877e-02 2.235406698404071302e-01 1.845958180209152089e-01 2.864562214248180805e-01 3.753308620403081330e-01 1.067667810021736968e-01
4.238496672358027517e-01 4.332324210952195331e-01 1.542714311295097507e-01 5.610251561281741628e-01 2.747976855138630110e-03 1.198462176696793967e-02 6.801806736538563991e-02 3.410771382392633333e-01 2.279040968136177292e-01 3.479377775220049984e-01
6.500027608403727841e-01 3.739155216958377909e-02 8.624704209216919881e-02 1.502825886611476036e-01 4.094297726495067097e-02 2.759789938647792540e-01 5.412664321987861182e-01 3.901246850596091220e-01 3.291983685251787667e-02 1.482693676505895675e-01
3.489415385935075165e-01 9.585859649217912115e-02 4.168456766082998532e-01 2.516639897280223415e-01 3.905715691637595133e-01 1.984380501181887690e-01 1.450557184752138407e-01 6.839339676370813359e-02 5.164925855385107956e-02 6.415961158108243190e-01
3.155123139212173689e-01 1.699341849492572720e-01 1.942005960782532126e-01 3.399458701340055677e-01 5.125964097606795777e-02 3.269131676592380020e-01 4.782631789927493937e-01 3.827400683606002607e-01 3.337582084684382888e-01 3.495387623718065329e-01
4.680611983543716548e-01 5.696718888260305924e-01 2.525014856058836049e-02 2.951112441073762693e-01 8.357371457491682976e-02 3.279911506155312462e-01 1.258973870782677529e-01 1.409066599824576882e-01 4.122055138315625089e-02 4.655080062347893288e-01
1.272325478773250231e-02 3.547831754328741732e-02 9.470289207816143251e-02 6.312266595721038875e-01 2.501658220588690584e-01 4.294461576052845120e-02 2.386599357407098165e-01 2.015040296390848140e-01 5.273360213915251338e-01 3.887039713645569217e-01
1.285068150863302727e-02 2.661125422617773711e-02 2.508773734113670661e-01 5.956877989020766817e-01 3.510963049583180895e-02 6.214499537873227064e-01 4.283631841460293632e-01 2.783159730378926416e-02 1.559215661789107622e-02 9.694240031412718062e-02
2.869443579943638245e-02 1.048159020517490381e-01 2.808262488957067315e-01 4.051487374313847423e-01 1.296668762161864719e-01 1.474302467740322975e-01 4.931242408169486668e-01 4.017545539044951007e-03 6.807525736145745299e-01 4.524824009702437845e-03
3.505503188686216465e-01 3.638614001674169152e-01 5.564047168842628510e-01 7.252773004198806439e-02 1.974026985930738554e-01 2.062880650924845960e-01 1.496488946418000725e-02 2.499486132642431968e-01 4.975480673357986494e-01 1.951869542331240437e-01
4.973112171529065623e-02 1.984865424385554716e-02 3.084625031379774063e-01 3.747527187339864674e-01 4.827761732161945374e-01 3.415933584273137535e-01 -0.000000000000000000e+00 1.610581469203022364e-01 6.172673420536156641e-01 6.947356486264801012e-02
9.829193642964652311e-02 1.166020279258126874e-01 3.708638910997102411e-01 4.386815287994929591e-01 1.724682101261105216e-01 3.946112442694613490e-03 5.710303646938608146e-02 3.215634067216378011e-01 3.853277858832908354e-02 7.133384478880407942e-01
3.890950764976605081e-01 4.975987924645141613e-01 5.022821244862913925e-01 4.974978719971371866e-01 7.038524233349768844e-02 9.205617617288734678e-02 6.420094830036215949e-02 1.518300205354704557e-01 3.453548321206246791e-03 2.461595664576170239e-01
1.719003714957156870e-01 3.118947716335581100e-01 4.487278086433442170e-01 4.770168355155111617e-01 4.039183881770938567e-01 4.467827745401339312e-01 1.074585079923686681e-01 1.489250066544528517e-01 2.119592593975143935e-01 5.340953068054982850e-02
3.559427425023256597e-01 1.544988891890033966e-01 1.877251133103072234e-01 4.582255396087590027e-01 6.278691007711157540e-03 1.509585772709760298e-01 -0.000000000000000000e+00 4.732239255349648399e-01 4.479803291099286877e-01 3.959397946677899460e-01
2.911877097258623315e-01 4.810855206615408802e-02 1.320801640975281799e-01 3.640022676836802452e-03 6.328752776712582850e-01 2.033588012272820877e-01 1.935308005502974545e-03 4.684743210617408615e-01 2.069695885112579625e-01 4.373129323558396231e-01
2.867224312530325392e-01 2.742063877329192767e-01 5.325234297370542297e-02 2.599369656162430764e-01 4.411191038277510468e-01 4.175295688227379509e-01 2.843516955958655737e-02 4.852098862685432779e-01 5.502861791450949086e-02 4.049885433238192278e-01
2.317650484591679549e-01 3.146761433124149465e-01 3.636002055198745420e-01 4.810837803685661940e-01 1.558227754373028850e-02 5.603621608700117690e-03 1.993558588284575495e-01 4.736035391875443867e-01 1.413315477178800350e-01 4.464586082111351439e-01
4.676474016069926964e-01 3.061871434645631607e-01 1.677572385289927970e-01 7.212009482492023338e-01 1.774748520069245605e-01 1.594392810603407996e-03 1.010438761331292623e-01 1.560472571694593857e-01 2.278840872028247699e-01 1.459123310591667333e-01
1.895701821666853359e-01 1.107547154242372461e-01 1.778795153651112002e-02 2.633487449729197127e-01 4.667071198510972518e-01 4.789799336536552238e-02 6.630599532622819536e-01 2.996786706780800724e-01 3.634686425438677371e-01 2.127325705037520429e-02
3.636351145178688404e-01 1.849287280079741150e-02 3.039295555915623101e-02 5.704610668699071629e-01 4.193830807387248782e-01 8.837157535536540459e-03 1.738520941447723456e-01 2.235422313580296139e-01 3.404169785226701106e-01 4.111426683213639799e-01
1.282134439984796148e-01 3.095523305624450772e-01 3.195206542805905658e-01 2.586188899487042447e-01 4.467402663889837866e-01 9.838006955161598954e-02 5.704682903809082245e-02 5.042883623565990181e-01 3.088739840425165362e-01 3.956535780743443698e-01
2.620678342067459953e-04 1.263200309167739066e-01 3.163356396244647595e-01 4.001097088941384383e-01 2.518355536530779773e-02 1.327396782705414224e-01 5.491745360859791036e-01 4.051400272097117061e-01 1.965707160046084589e-01 4.486223047176312040e-01
3.936809623563440330e-01 3.861418227591209562e-01 2.956159270911242753e-01 2.363623592037175924e-01 1.997476724331539166e-01 5.101589548746416486e-02 3.312346961892053132e-01 3.617679283728539308e-01 5.183581723080507020e-01 2.940143540746884346e-02
6.662800574672874676e-01 2.804159298396454170e-01 1.988510746870976453e-01 1.011150457060458058e-01 7.380823688608682820e-02 2.674786514666420700e-01 2.106377854368496616e-01 5.373879031180833765e-01 1.185411710507746907e-01 5.893436869161842312e-02
5.991586272265034818e-01 4.281455812913744219e-01 2.432823844590387141e-01 2.174345954422543178e-02 7.543613707642402022e-02 2.907519003780478783e-01 6.148391811638972970e-02 5.132508391270474979e-01 1.977165819968735583e-01 3.892791827402113103e-02
1.412534706915702376e-02 -0.000000000000000000e+00 1.488368413432664128e-01 1.681749705345144674e-01 4.579021091691011791e-01 4.155078535705254428e-01 3.456936022913670858e-01 2.401941230089482404e-01 3.942563269660795400e-01 4.841578211787453401e-01
2.542786549595578705e-01 7.330265767959151871e-03 5.344919100116869437e-01 3.655479867481496448e-01 1.824797105965613730e-01 4.210643230332491438e-01 3.842566465679869703e-01 1.691693983124325229e-01 1.200754225072597214e-01 3.386711215824979582e-01
1.724466217341124067e-03 6.544758404408080286e-03 4.111872100121897744e-01 3.491830472136238095e-01 6.279406150908262152e-01 3.751796800087534578e-01 1.032391404238168359e-01 3.722293936656227986e-01 1.570611989590400825e-01 -0.000000000000000000e+00
2.171136724989526923e-01 1.317478037169145244e-01 3.435400642591863313e-03 5.356944385112822893e-01 4.444825184658089401e-01 7.021403116566027336e-02 1.826280172198476836e-03 6.194521111622094400e-01 1.826396614378396899e-01 1.701399933976111833e-01
3.646305280891045525e-02 3.304388529455175583e-01 6.914417744546155764e-02 1.613729442075096665e-01 2.344954277746486709e-02 1.090913304596459465e-01 6.238873612780763134e-01 4.734627843044782181e-02 4.774311705452339294e-01 4.762247727252765794e-01
2.161227357306370889e-01 -0.000000000000000000e+00 4.304459314979036111e-01 7.968138783055640495e-01 2.642737226735255573e-01 4.247854213206372909e-02 -0.000000000000000000e+00 1.723129441932984562e-01 1.781696671769640306e-01 3.701137791452182614e-03
2.156598737503828689e-01 1.776343789200117429e-01 4.931020047748208568e-01 2.535907645468561955e-01 1.056059678002135432e-01 2.064738020055788825e-01 4.133189598888872829e-01 3.519575164289555635e-01 5.090432316091394460e-01 8.284482079200460036e-02
1.562157846420509852e-02 3.285086675384413755e-03 2.926303449100093879e-01 5.589618179468177489e-02 9.375834628503217916e-01 1.200317106126250061e-01 1.248646382466323396e-01 2.591374582973459545e-02 1.693647575255261342e-02 3.111859426687114613e-02
4.369330483333249554e-03 4.538958077578748029e-01 3.813085876962282739e-01 2.982273506648983052e-01 9.150070989956922418e-02 6.036421873991033860e-02 1.381222908450946696e-01 2.828979868278096999e-01 7.281567292004936798e-02 6.657299254930096888e-01
3.277347754315078077e-01 5.052170065773495811e-01 3.174145726549920665e-01 1.039564204448201884e-01 5.313771605249077018e-02 3.871041679279695891e-01 1.359214221033548942e-01 4.938720099994980406e-01 3.025367960328961270e-01 1.385668901886604742e-01
1.756162240619667247e-01 5.506382184705084226e-01 4.630738851731356354e-01 4.665795935144673168e-01 1.606351011887140467e-01 2.575175045171784749e-01 1.255351963213239830e-01 3.191994482633440100e-01 1.501254876148214457e-01 3.896944709725613104e-02
1.295413547040077072e-02 5.230772098245482782e-02 2.550236910287427272e-01 3.676583016895416112e-01 2.345632364006010051e-01 4.938741384624837361e-01 3.893701346187335433e-01 3.679594168764386830e-01 2.112205968720332894e-01 4.078448622403528789e-01
3.600441843340926873e-01 1.242876366066607563e-01 3.503833957365100060e-01 1.108044228932945213e-01 4.708834181747170722e-01 1.071397911072660830e-01 5.181730004289091251e-01 6.092293725110734838e-03 1.972373641534915997e-02 4.666209339800744260e-01
4.935489005323188128e-01 1.141890528046344069e-02 2.836250063598737547e-01 2.456419637442830428e-01 1.210034829763678016e-01 3.817833885579386966e-01 3.007027019779497379e-01 4.432832893922183937e-01 1.409168530745780580e-03 4.100870623933190462e-01
6.866985542773923826e-03 4.392978762585635910e-01 4.904005155546505290e-01 1.169375787639168399e-02 1.650544870620131721e-01 1.180305727014233780e-02 1.763559121719818212e-01 3.323619022483970120e-01 6.127468746156767843e-01 1.481011166704736537e-01
1.915666203155422503e-03 5.031324526672115161e-01 -0.000000000000000000e+00 1.355696251075049798e-02 3.785632823139535863e-01 3.945865972366633390e-01 2.956128326761544578e-01 5.387328337410478563e-01 2.644840304264481357e-01 9.471920836652547582e-03
2.469188275334686655e-01 1.845831098845745200e-01 1.948431358658536672e-01 1.397462419164263170e-01 3.636852604226169516e-01 4.483353163242262407e-01 9.120144920386609455e-02 3.206355104475054896e-01 5.530935487838878339e-01 3.117025430047836720e-01
7.595968124302479585e-02 4.945081525778390330e-01 2.654997983995606714e-01 3.249998999193916271e-02 4.402082912770424183e-01 4.717875911499777031e-01 3.941319936616313746e-01 1.790673783533011376e-01 2.697828901248042754e-01 3.988218230697329614e-02
3.819464961521019664e-01 3.084851516795132729e-03 3.126605315719647171e-01 1.061596419556051912e-01 4.630960509272415426e-01 3.605458772942699008e-01 2.879920424462061312e-01 6.024610702928883538e-02 3.726431161204490916e-01 4.185662387848123611e-01
4.938900103014873255e-01 3.792308097239881215e-02 1.713918224839248716e-01 4.849802779992731794e-01 9.263295864857874068e-03 1.034222594973032289e-01 4.022925779543283786e-01 3.239235948178040281e-01 6.219202900975211862e-02 4.567689091349789732e-01
5.975056843678979712e-01 1.287728967997101188e-02 1.667071803063191471e-01 3.474665550309884998e-01 5.118903274191246577e-01 1.906102199509321013e-02 1.427878779229907191e-01 2.969120466717936058e-01 3.486455738241828750e-01 4.246097237731865509e-02
2.412878509379254299e-02 5.431952134641597658e-03 2.764146991594872427e-01 2.044841388850207886e-01 1.787567655932927324e-01 6.968129095188421163e-01 2.546172110527751276e-01 5.279930341379611702e-01 1.366249988209694566e-01 3.734000503619754052e-02
9.436408061937703873e-02 1.905199693426758989e-01 1.060843474234500761e-01 1.209490328914411411e-01 3.598968993533642191e-01 4.810973346143169738e-01 3.263732753493597261e-01 3.913132403636764289e-01 5.534209359132717942e-01 4.488074703494713408e-02
1.025237805716932710e-01 4.069473656774824644e-01 4.620070739198367527e-01 1.471125247751956661e-02 2.539304677919607123e-01 1.580461417354645003e-03 2.396795544546085899e-01 3.481638728245181613e-03 3.317088404437169569e-01 6.150149696490104789e-01
3.445280863356980916e-01 3.817679074425510133e-01 1.010483490872561840e-01 1.669763453711511636e-01 9.795591994975653971e-02 1.609484119811352976e-01 6.562913847565511327e-01 2.236711416554662546e-01 2.215036893615925373e-01 3.635257824661840553e-01
5.607528154460414971e-01 1.878951719079233196e-01 2.937222732819630422e-01 4.100573938255882012e-01 1.263606734019115108e-01 3.569733050324891965e-01 3.490944188777721918e-02 5.893511570252691484e-02 4.904845344024513776e-01 8.466279299605576625e-02
2.453610687584523720e-01 3.290890671955413495e-03 8.411083360007716447e-02 3.746294837431263791e-01 9.484203949670756695e-02 3.614509673709758730e-01 3.446558873294752745e-02 4.531898704756968654e-01 6.368400418429311927e-01 2.014677266597577621e-01
1.490848710546113613e-02 1.030794981588741971e-01 -0.000000000000000000e+00 8.891292814269469158e-02 5.768644699019367383e-01 1.110400539203127979e-01 3.866800971333773651e-01 6.577377338338726842e-01 1.919509044024151900e-01 1.309914552246169150e-01
1.101372811671500265e-02 4.581486497632775157e-01 1.403616314000307071e-02 6.469877085351785073e-01 6.574494484945449246e-02 2.254788324857456561e-01 2.278427346763522987e-01 1.803931297609735473e-01 3.791826381891602593e-01 2.962968711537813937e-01
1.349009838138182371e-01 2.729780166013253684e-01 4.858101583657168931e-01 4.281216488340914283e-01 1.460656814366049494e-01 4.793884101205787562e-01 4.499775254782447664e-01 3.650415295548646577e-02 1.750853615670394312e-02 1.808805250389829422e-01
1.235487333388000791e-01 3.260747745784777774e-01 3.935894265916129453e-01 2.009372815836680537e-01 4.553406418637249153e-01 5.330050850345603441e-01 6.505967601851220207e-04 4.378270846069249878e-01 1.546671019942842630e-04 -0.000000000000000000e+00
3.883317482491149830e-01 1.717866310522460915e-01 2.807271060131869000e-02 7.903597449476086612e-02 2.530618226699321016e-01 4.570719007353531982e-01 8.380035957131336255e-02 1.554781226472022951e-02 1.702369963992747814e-01 7.095443369799098177e-01
4.974409212003802483e-01 1.533406762331807893e-01 8.890698812733595358e-02 1.491078098308100397e-01 5.034624293634603065e-01 1.339954597807082315e-01 1.422500496714131923e-01 3.114591275953316751e-01 5.342941292970968536e-01 1.573540371885786548e-01
1.697515881047184927e-01 3.117519538171010240e-01 2.287400133099134480e-01 4.712624535673144432e-01 3.501694461427923843e-01 3.808031933463268404e-01 3.450756574002083327e-02 3.881250246454648334e-01 3.550624837939548861e-01 2.324950246217205863e-01
3.142879654474329404e-02 5.765426711602140639e-03 1.967939596581715356e-01 1.148035090298772133e-02 6.859899330148803986e-02 3.809695063857441999e-02 7.004894300897225312e-01 3.076889103426374006e-01 5.744454206683828890e-01 1.965112757978779157e-01
2.462674006954729267e-01 2.634981815134122135e-02 4.151379992165012411e-01 3.605019623999757838e-01 1.423539194441002798e-01 3.457002148897435068e-01 3.882384258575385383e-01 3.788565479684155579e-01 2.296416683303764139e-01 3.867646559731365841e-01
3.055884277361696211e-01 1.075589390340020712e-01 1.158163387128577637e-01 5.287301405782054431e-01 3.549911759299199110e-01 9.515072272214544769e-02 3.084496896405315991e-01 4.299346414968575024e-03 5.302841465123209197e-01 3.010721427083961621e-01
3.759277697248310512e-01 2.970066688149123890e-01 3.984064539848751751e-01 4.184931841112090045e-01 1.448497145103592315e-02 3.122183114777893342e-01 1.505013967583716805e-01 4.406271206774605709e-01 1.616108184608373577e-01 3.098225749337053525e-01
1.691431318511966431e-01 2.669088821867595662e-01 2.614565131125036294e-03 4.028122593202785318e-01 2.868315606796290607e-01 3.076570389542604422e-01 6.192753979318696977e-01 1.254636389304362304e-02 4.167661904624136993e-01 6.005840727717434019e-02
4.769481857395773128e-01 2.097256380721126134e-01 2.599993007726602579e-01 3.548446669822420962e-01 3.017747876605663682e-01 2.315513102256136213e-01 -0.000000000000000000e+00 1.109792089660243536e-02 5.134643887978107557e-01 3.557644397919018653e-01
1.299714641636307844e-01 2.649985669728400217e-01 1.860728455430205042e-01 1.164335122652849636e-01 4.320119677179942719e-01 3.444048449058925154e-01 5.526404702415468884e-02 1.949220430080239042e-01 7.021853767457112427e-01 1.591893616826979552e-01
1.010879312389230816e-01 3.622832338472263981e-03 2.658540723909005310e-01 9.063407233278449396e-03 2.878697217459073587e-01 2.381484003575327912e-01 1.075304946856240479e-01 6.414082668709915058e-01 1.922960826735640727e-01 5.652245388214134358e-01
4.349637416001387868e-01 2.151679325510267027e-01 1.176560285588209992e-01 5.272142209699330895e-01 3.152265540268307520e-01 3.121917991824082472e-01 1.894693916255344723e-01 4.325935484269314429e-02 4.309341988277330948e-01 2.289229624605644275e-01
4.863812507572554678e-01 2.676962860453439494e-02 2.946749542991696641e-02 4.608536528497800822e-01 4.752495840197521471e-01 2.909945221270865967e-01 2.621668340147030318e-01 1.391700377233347774e-01 1.927308508893396943e-01 3.371606962616346959e-01
2.391859378557192606e-01 1.544428995165474106e-01 4.443558319924650335e-01 5.067792088382797600e-01 3.342042932638378261e-01 1.398854182085147446e-01 1.195099948699778203e-01 2.616566155306737640e-01 3.907516299206499899e-01 3.129953777785656754e-01
2.979965628948841871e-01 4.888233275082974338e-01 8.466142060314436890e-03 3.588650593861861249e-01 3.104434423366768114e-01 1.146659785765769251e-03 1.864444665163905446e-01 3.034004303273473702e-01 5.658658769010584955e-01 -0.000000000000000000e+00
4.339713162235730448e-01 2.246930928338473910e-01 4.627760205368192659e-01 3.766404852072920140e-02 4.754908972614654283e-01 1.007390304612308489e-02 2.197957169619303708e-01 2.318106765317557716e-01 7.607725691833028270e-02 4.599722949513809778e-01
3.249201279386682573e-01 3.023187038877386268e-01 3.521790600387615933e-01 3.526969876753606736e-01 1.774982889282586407e-03 3.772131201739144513e-01 3.159992731530532617e-01 3.394439241060220880e-01 2.929510553417471463e-01 3.337875501388642974e-01
4.837016879231249011e-01 3.665518336575170899e-01 2.281025296919264311e-01 2.207403568544202832e-01 4.319399540257554682e-01 3.987119300676274514e-01 1.835714371132049771e-01 3.452608394405982106e-01 1.786523616752070942e-01 2.349144476977684318e-02
4.042202667523637771e-01 4.630281964170436249e-01 3.549498377679008443e-01 1.370705512683099980e-01 2.772101810378397313e-01 3.574598343292149927e-02 2.192280540999275440e-01 5.868484189789805461e-01 8.281194327030412528e-02 2.399991202204450260e-04
5.563452638367345493e-01 2.638092934744482032e-01 3.653660734638843888e-01 2.560406284822723810e-01 1.697230430699563919e-01 4.371560369683311770e-03 4.265979702451251909e-01 2.952383728504876514e-01 2.201717558827651910e-01 2.745601646502581761e-01
3.659605837063504841e-01 1.066124694325203404e-01 3.503167779493134848e-01 2.166808546301147720e-01 1.041036133486588217e-01 4.224157265115940363e-01 5.085180813066438738e-02 5.653436031514860183e-01 3.365790687048174079e-01 2.455133826037838030e-01
1.624327650789705313e-01 6.000464315065392462e-01 1.386566866168170153e-01 1.957188227877997844e-01 4.067794243296935508e-01 1.756364531738700274e-01 8.954690823355626259e-03 3.415641127425670942e-01 3.477900152473221707e-01 3.492943665155314181e-01
3.249738714219267410e-01 1.812310952918923801e-01 4.630905505675372291e-01 1.790103827648705653e-02 1.017182698042961297e-01 6.161375230957926163e-01 1.933648874634628012e-03 7.688794312914620788e-02 4.391173982577306067e-01 2.409612619658755839e-01
