1.037480317352850623e+00 1.228430126381918175e+00
2.668445617985167329e-01 5.656210230863989441e-01
1.045948817176771239e+00 -0.000000000000000000e+00
6.818223975846572360e-01 5.816761827137145735e-01
2.168512030345535635e+00 4.763906628295854762e-01
5.238542014966146576e-01 1.615453999500869875e+00
1.312403049749122141e+00 1.924788808036481669e-01
8.012808298506334248e-01 5.026115304830441888e-01
5.078636269456369146e-01 2.719440787190089970e-01
2.888441192001827695e-01 7.553623307806313081e-01
1.960380619982742489e+00 9.377596330754194298e-01
2.012288006851420619e+00 3.152686721685297178e-01
1.391656221142328675e+00 1.994455074454817844e-01
4.388611014350231598e-01 1.295816428733886916e+00
6.443798325830638607e-01 3.823525875035831967e-01
6.667264545534981046e-01 4.412365225390207923e-01
9.859623846944793879e-01 7.216122681147445483e-01
1.195175922415783187e+00 3.658507373237875338e-01
5.816936858977103109e-01 6.217263554658776226e-01
4.224705552068523939e-01 1.146480153864256613e-01
1.558519099785550477e+00 2.337001488506942060e-01
6.085547716417220032e-01 8.888777823665121591e-01
6.893677170251510944e-01 6.515761132013169199e-01
6.292418397375644235e-01 5.756131182648520639e-01
1.635815247484665447e+00 8.558502509763225019e-01
1.424242705033525125e+00 1.615736350760504092e-01
3.455593414193107726e-01 2.653040306644427471e+00
6.767064937214797293e-01 1.709776184151017731e+00
1.278345249516744664e+00 8.129886839693619693e-01
2.579463793825806373e-01 1.828957714104283649e+00
6.719233560722482901e-01 1.977124207076325302e+00
1.948297510607074789e+00 1.052791568588614446e+00
1.328191908788217912e+00 6.422513269265446301e-01
9.843610789249659376e-01 2.012424239697457595e-01
2.005171450455981663e+00 6.514249020016344982e-01
3.775978892050218527e-01 1.195626428078463421e+00
5.329751227287053972e-01 9.298668813154511437e-01
1.600185177891781496e+00 1.110758798833908934e+00
3.477432575771567391e-01 4.204414511519989905e-01
5.460073856488505406e-01 1.321923283374358826e+00
5.349852702620845613e-02 1.058754409846945022e+00
1.392819169672752766e+00 4.545969318154535754e-01
9.933426317500538838e-01 1.340922362578214511e+00
2.536209643063577213e-01 2.142001392690539852e-01
1.360661404804209607e+00 1.776475315675621003e+00
1.094913940958724963e+00 8.617864687119939360e-01
6.009309274815449742e-01 2.080707018367118799e+00
1.255563545293236771e+00 1.760369894738139873e+00
3.940444823482480152e-01 5.390132500480800948e-01
2.602285050817765288e-01 2.199895220949614760e+00
1.175589524162326427e+00 6.385488314916282215e-01
9.616176194991832293e-01 1.107717751309322374e+00
6.572559463972375005e-01 5.699016740336010356e-01
5.982166951849274827e-01 7.886348098558911834e-01
5.942846720363713642e-01 8.041730505580175353e-03
1.335056253439248497e+00 5.010479386725441575e-02
8.794872536631779258e-01 4.906582049386650213e-01
5.718569664085898507e-01 2.611933648753535842e+00
2.047505220388576991e-03 2.571287380120430011e-01
1.629174852585125954e+00 1.180498006411208278e+00
4.489606036039672232e-01 1.294224833842516853e+00
1.815238020441237943e+00 7.737691700230981962e-01
2.177800252020989813e+00 1.369463224419258163e+00
1.108233448363395990e+00 2.870340047805145511e-01
-0.000000000000000000e+00 2.280318074182877464e+00
3.088438483525937084e-01 2.253462765239311771e+00
7.141599183766992320e-01 2.017757410355010272e-01
1.068744142266915276e-01 2.960150425377156558e-01
5.357778423351443609e-01 2.411339598261026840e+00
8.020984470932702726e-01 5.431948749572517166e-01
1.278993227956432666e+00 7.832138278979702273e-01
1.519538256542221744e+00 7.407386930309955986e-01
1.155142098576282528e-02 2.879848319580738392e-01
1.593716220713135900e+00 1.320830191497290196e+00
1.446067555085304823e+00 1.595892843353140522e+00
1.802659817980734047e+00 9.579075586429454114e-01
5.824772438980109213e-01 2.729883013168639128e+00
4.082459834373875496e-01 5.627991837307705358e-01
1.630267031869249816e+00 2.602538505243444433e+00
7.435692685687165238e-01 5.121595748897561640e-02
2.465551535845369013e+00 1.344908574299350734e+00
