-7.696936869717805295e-03
2.708528420012564220e-01
-3.464818279305575399e-01
-1.551814963463101105e+00
8.112513470874210819e-01
-6.509740228747032953e-01
-7.115040481081363888e-01
5.220397773225167182e-01
-3.727673274150478111e-01
2.503037636512711051e-01
-3.102362148261137917e-02
1.374248246896844883e+00
-5.259881990930584950e-01
-2.108836897384331888e-01
3.661764191848366212e-01
1.581016401738715604e+00
-3.423951705274670687e-02
7.744850581517092047e-01
-4.537121584139426900e-01
4.708331693920599359e-01
-2.397019060372094779e-01
3.320089052212789604e-01
-4.618290909467963612e-01
4.578208104459645378e-02
2.699888120262800006e-01
-6.753688596353798479e-01
-3.114425420726680271e-01
-9.242121049506940578e-01
-1.306537392964599031e-01
-1.405825177483863708e+00
1.070147756375724457e-01
-2.333161876261913292e-01
1.616595029649538828e+00
-3.254042332086001799e-01
1.243555174717388079e+00
5.420034741245220999e-01
9.662854928866393411e-01
-1.622809015191630122e+00
5.235727905336134969e-01
-8.788167699182273251e-01
-1.369330542632869019e+00
-3.063114504800832361e-01
6.728678441678366262e-01
-3.839904579612922475e-02
-9.120522150368225445e-01
-1.672385475378698860e+00
5.060596825025822643e-01
-8.856497405071988016e-01
7.525137308242575429e-01
-4.475715246024911664e-01
3.034512680874059121e-01
-3.613110270391627910e-01
7.045519422043978741e-01
-1.068761916452392602e-01
3.272866434811739222e-01
6.445381831507153159e-01
-1.708371740397100769e-01
-1.256138903170149979e+00
7.283228583330054740e-01
1.097233973897339787e+00
2.077687482984088840e-01
2.757198573020536170e-01
5.984036564922702306e-01
2.418077877317797442e-01
-2.870798373872511244e-01
1.473541747942079372e+00
1.533722209058343555e+00
9.187021976648156452e-01
-4.848169921557071715e-01
3.570689752279906370e-01
-2.008292688127745751e-01
1.758252658671809465e-01
3.495410402676555339e-01
8.813349909417033112e-01
3.671491947094274177e-01
1.234869904149364234e-01
-5.483312222378411427e-01
-7.791175575258493247e-01
1.081046989199539565e+00
-1.131734172092234841e-01
-1.008444425447184267e+00
