1.678194632860067426e+00 -0.000000000000000000e+00 1.734967259075677381e-03
3.457306533460770215e+00 8.760637307086164283e-01 2.313951576757013573e+00
1.891112789315520626e+00 1.431938236540513776e+00 -0.000000000000000000e+00
1.959026321487957301e+00 1.434463322472883107e+00 1.222438120067097289e+00
8.503078825725871592e-01 1.140906613632284433e-03 4.593827317874532024e-01
1.256171372798483210e-03 4.943646112454938568e-01 3.507215087972063383e+00
5.259035352306700162e-01 1.979799415683800135e+00 1.209765321999445087e+00
1.336593003845213713e-03 1.068988563351972010e+00 2.092044521615933128e+00
6.528692356175700429e-01 9.514554811613739060e-01 1.907612508267525708e+00
4.392592677608261886e-01 7.611564514289362871e-01 6.151152009785670893e-01
2.149824526561974203e+00 6.483752825936126528e-03 -0.000000000000000000e+00
1.785140205364181901e-02 8.838635292328493875e-01 -0.000000000000000000e+00
3.522696524180946476e+00 1.744536424910649419e+00 6.610300660329454514e-02
8.104851021480762308e-01 3.388661496984265997e-01 5.531157611447639136e-03
1.115207786744158325e+00 6.253880016657857865e-01 2.480310649607916584e+00
1.766336464148239749e+00 1.013240706497033246e-02 2.930614067632769833e-04
-0.000000000000000000e+00 1.166639916141542388e+00 1.877170329572958929e+00
-0.000000000000000000e+00 8.221825362907447809e-01 8.473887528158257076e-01
8.833160605001363352e-01 5.465800925785380127e-01 2.233194333808769638e+00
1.269232315107532871e+00 1.564022448319746517e-01 1.384154362487365564e+00
1.891624166344070046e+00 -0.000000000000000000e+00 7.697394330910988236e-01
8.923337787658781606e-01 3.207385187471858412e+00 2.223457928775219639e+00
1.051140479872950007e+00 1.562508861741149779e+00 6.423307853000425061e-01
1.216776256333634620e+00 1.040762615815387981e+00 1.302155434584590488e+00
1.332234636650694748e+00 7.850359011588188274e-01 -0.000000000000000000e+00
1.124709303911524572e+00 -0.000000000000000000e+00 -0.000000000000000000e+00
2.926604821415550894e+00 3.898703843040254684e-03 1.615891064598780957e+00
1.214663876999741987e+00 4.935794759833362910e-01 1.313555972304920383e+00
1.030389644882034661e+00 8.266249594297551129e-01 9.900924399827996103e-01
2.500982432685524781e+00 3.132946144318268233e-01 4.936925384716601140e-01
1.257712734061225301e+00 2.924919386767482199e-01 1.183710168077179992e+00
1.308392541301117262e+00 1.012390866757944652e+00 1.640786657845769714e+00
6.782738327050448213e-01 5.975957173373968451e-02 1.496513134716060733e+00
4.952016756079541393e-01 2.208316976806172782e+00 -0.000000000000000000e+00
1.539538388319200646e+00 4.723650570582892949e-01 4.198135400502312486e-01
2.211120724265727144e+00 1.612384897200849432e+00 3.270923970910772586e-03
-0.000000000000000000e+00 6.026564916722110254e-01 1.262739950286218216e+00
2.634314583709420655e-04 4.624171606823677949e-03 1.281831483689742646e+00
1.026892643525460613e+00 3.978658667952469363e-01 7.476542253979013841e-01
8.061435011143124330e-01 1.346184805325343126e+00 4.876404044479350497e-01
2.440424096709631119e+00 7.926739807604516602e-03 1.067338328362102295e+00
2.593976834863704894e+00 1.219140575399803916e+00 1.713262516479584940e+00
7.360487252273248959e-01 -0.000000000000000000e+00 -0.000000000000000000e+00
8.993812300606708332e-01 5.336441064055679959e-03 8.358974157083530754e-01
4.307181551998489066e-01 1.594232802085311818e+00 3.504386101981523012e-03
2.316301008610261114e+00 3.087340487819070667e+00 1.097421392844775273e-01
4.060966527011411996e-03 1.139772660762771173e+00 1.075395346734274726e+00
2.029566003495308912e+00 1.413060763480466164e+00 9.793645934326902225e-01
2.974989970524405999e-03 2.065567876030561523e-01 1.855202837583809217e+00
2.303469734900872368e+00 2.134886875959044694e+00 1.624834135548223757e-01
1.134560954167471492e+00 1.714504264144635970e+00 1.179840579104848075e+00
1.036508200732780827e+00 9.411609169885088019e-04 -0.000000000000000000e+00
1.010969354169463985e+00 1.077841189486220319e+00 1.576137282374624693e+00
2.810625652571453661e-03 -0.000000000000000000e+00 6.304728077016337195e-01
9.097495341844535899e-03 2.118833415727174874e+00 1.560931684722255686e-01
6.417240635920328229e-01 8.985176073351002213e-01 9.105029696859910926e-01
1.206483371509829575e-03 -0.000000000000000000e+00 2.375198156030446928e+00
6.904611310365528221e-01 2.120455898448489751e-01 1.216690494424953251e+00
1.901421461335670582e+00 2.008743073119085842e+00 3.182914454650894731e-01
2.510356554991607370e-01 1.581029646430260087e-03 1.817767162265364167e+00
7.632719405011029190e-01 5.940455312521376596e-01 4.842921561755623161e-01
5.941639775637440612e-01 -0.000000000000000000e+00 4.159880896274908424e-01
3.256887506011194588e+00 1.065369285486655188e-03 3.700559758616829478e-03
3.524276935473069639e-01 1.259152136989404758e+00 1.962590711608977190e-01
1.217850628347372927e-01 1.961914706910624195e+00 2.230937589720378700e+00
1.194707357473419496e+00 7.336961055200673376e-04 2.407960567382384509e-01
-0.000000000000000000e+00 1.193596992631566378e+00 6.388637479730037150e-01
-0.000000000000000000e+00 8.947316668033321596e-01 4.761936390784107243e-01
1.519544039621214315e+00 2.062055171432801703e+00 4.718029100098765638e-01
1.399997316840242645e+00 1.192092042715825473e+00 1.143007839341047660e+00
2.055001541727969450e+00 1.318879775404720789e+00 1.185112849770522780e+00
2.477690567178414960e-01 2.797737076673928680e+00 5.134750428233871844e-01
3.480550561758779526e-01 6.734390654118195263e-01 1.335919358181306027e+00
5.687279017278128457e-01 1.623596122732597458e+00 9.238173609018530685e-01
1.480620358983380060e-04 4.970484100368572911e-01 8.045044308916691816e-04
2.390428232371739625e-01 9.984220838177839674e-01 7.832804464696028687e-03
8.028046168955491613e-01 1.626806145436535012e+00 1.875532888575795143e+00
1.808804251925846707e+00 5.103327569145770237e-01 1.111966341929754076e+00
4.473773290076336062e-01 1.927662126480963689e+00 2.728145981750710103e+00
1.932263359220699250e+00 1.295044841163425220e+00 2.036070655996911949e+00
9.000711607720290885e-01 1.280327323866927491e+00 7.550906165129940562e-02
