1.620160555977495642e+00 2.763672304464505000e-02
1.547219784705348378e+00 3.302147194256619955e-01
1.795138567716007438e+00 9.771443863866638435e-02
2.905468525170934110e-02 2.083463747438437874e+00
2.176663020547386918e-01 6.940955828692861873e-01
1.369133904792156686e+00 6.469824987680551365e-01
1.584178747240244878e+00 5.827232697158483132e-01
1.186042683012107579e+00 9.623397113044470652e-01
9.029602660029216743e-01 1.204094133033009273e+00
2.873699480302317061e-02 2.078284181252544993e+00
1.775676257820310022e+00 1.210312770824140127e+00
3.629371138678355035e-01 2.345224068918822236e-01
1.183898665133958694e+00 1.422596095749903089e+00
1.441236755107038470e-01 3.593776931559318766e-01
1.017561255082379823e+00 1.149440762920001489e-02
1.021098477293235114e-03 1.407550863682222042e+00
6.517125507072668578e-01 4.618121733822050934e-01
1.380626774268956636e+00 8.903099389561607013e-02
6.011940777385604839e-01 5.362381885108757906e-01
2.016301120674638181e+00 8.296212140958784120e-01
2.584026583402632138e+00 8.052699216082579436e-01
1.009470152094750883e+00 1.962674625748853791e-02
1.133002985264072615e+00 1.332727004434709261e+00
3.715680931596130887e-01 1.469430730605896018e+00
5.197186037936069036e-02 6.660379679077733650e-01
1.289712661774951308e-02 2.232944927922011352e-02
5.465680776845981831e-02 1.774813134847716078e+00
1.257470729968509060e+00 5.444170655347601029e-01
1.661779609017983939e+00 4.069998192672424908e-01
1.724610698424380306e+00 4.810726582047882838e-01
6.118817437504443513e-01 1.399507721079139566e+00
2.067963044759641988e-01 3.838280966376181325e-02
1.545308396014460905e+00 1.452456080699409124e+00
2.656264482035375352e-01 8.706934579102422189e-01
2.196354741179937786e+00 1.057034781123310951e+00
1.059610050239106170e-02 2.666563065159977541e-01
4.326821118916837627e-01 9.610422138195960917e-01
9.314863005328383183e-01 8.935485859788886431e-01
7.608752085065968451e-01 1.757076805261656771e+00
1.093189474340536593e+00 3.975122376772138866e-01
8.997723604730772928e-01 6.690675037099715061e-02
3.351698985823650667e-01 1.342852277375269798e+00
2.423058241598387563e-01 2.349723823955974372e-02
1.114521206123794794e+00 7.552115948281032387e-02
9.775903913513316335e-01 5.568068860478103677e-01
8.765201449199087891e-02 1.718386341694604136e+00
7.523943053944333326e-02 6.922823205191844798e-01
2.304924283495041887e-02 1.545255107939458084e+00
1.375196637593321780e+00 1.140121460743799053e+00
2.834449094321155882e-01 2.291282141148090132e-02
8.128414149099952302e-02 8.546472671667058041e-01
1.744089897446507553e+00 1.966843620284294714e+00
9.554980725414288223e-01 1.571524252985633918e+00
1.029539151129965413e+00 1.006067055431187907e+00
1.360601112233726928e+00 1.629071327226213173e+00
2.345692389780283660e-01 1.271431930059288895e+00
2.173743590380935231e+00 1.737346545469295123e+00
6.011930309507971248e-01 3.941387114180087969e-02
8.931204788245464821e-01 1.336850066731781972e+00
4.069524564792034727e-01 1.046508719943965715e-02
8.289580652546043593e-01 1.514902034604516556e+00
9.245659044375208191e-02 1.398068114109093582e-02
5.081961571233306607e-01 1.409483482418091516e+00
8.663793986994570151e-01 4.389158496000621912e-01
5.749262337667707667e-01 8.178199055666687256e-01
6.075370138344710763e-03 7.630712057201634035e-01
2.575989479567471555e-02 2.397383367012208000e-01
1.043269392245346427e+00 2.527462937866801429e+00
7.271154842709086630e-01 6.227385675723924319e-01
3.810395648058300666e-01 1.695953283028199365e+00
1.041033987101355418e+00 3.151520026539409436e-01
1.176709012461216064e+00 4.840481621743901175e-01
1.059749115531582325e-01 4.211145627740179309e-01
2.182347795668666990e+00 4.369431731992389212e-01
7.012787274891838507e-01 1.225765764885627718e+00
3.449304800883621399e-03 8.337037574531331874e-01
1.233340670026792596e+00 7.328387046838786834e-01
1.106960603324125936e+00 3.428537283541295277e-01
3.901168915575597973e-02 6.336875406859873161e-01
8.758730529140048571e-01 1.063709780851477493e+00
