4.802288339623220903e-09 7.179143714428676997e-05 1.992549814218323387e-05
5.800090696548694558e-09 2.662899178145389538e-04 7.399710320334177685e-05
6.565906064438189068e-07 -0.000000000000000000e+00 -0.000000000000000000e+00
1.158332304801669904e-09 9.297288672373115790e-06 2.582552487593794841e-06
7.794570422737232990e-09 3.188740143228673517e-04 8.851912293717465201e-05
1.851187061935731195e-06 -0.000000000000000000e+00 -0.000000000000000000e+00
-0.000000000000000000e+00 4.457341202576421539e-04 1.237985412209591045e-04
-0.000000000000000000e+00 6.205620806948897476e-04 1.723069888914572191e-04
-0.000000000000000000e+00 3.557497098724749858e-06 9.882242168097432595e-07
-0.000000000000000000e+00 5.864178655839884843e-04 1.629250007276269866e-04
4.583955024354856488e-07 -0.000000000000000000e+00 -0.000000000000000000e+00
1.435199414184332859e-09 5.469406187223826727e-04 1.519195220677881499e-04
2.507420314071776424e-06 -0.000000000000000000e+00 -0.000000000000000000e+00
7.741852524804416483e-07 -0.000000000000000000e+00 -0.000000000000000000e+00
1.385790210087962483e-08 8.117667367765501904e-06 2.254071685340605327e-06
9.873436794532210757e-07 3.957440267149080407e-06 1.098000615209211757e-06
4.273372062662605960e-10 4.100077936135780045e-04 1.138521336443784214e-04
1.316899876223639588e-06 6.706688377198489643e-06 1.862116500806936800e-06
4.608842079288998291e-08 -0.000000000000000000e+00 -0.000000000000000000e+00
1.230483834441517488e-07 4.222524065478831288e-06 1.172368368832253511e-06
2.743775099030057009e-08 -0.000000000000000000e+00 -0.000000000000000000e+00
-0.000000000000000000e+00 4.827904297207656213e-04 1.341001357538406573e-04
-0.000000000000000000e+00 6.244108802906648452e-04 1.734193011811402093e-04
1.656981246292528465e-06 1.648615481143318101e-06 4.576944037028159545e-07
1.144864367921390021e-08 6.706129305486356607e-04 1.862078498826000609e-04
2.446774683104111552e-06 4.763877201244335148e-06 1.322734349944297992e-06
1.644537374736326837e-07 3.149189975251565749e-04 8.740393107405122178e-05
1.258876546139040281e-10 3.213593883379292429e-06 8.987561962650050580e-07
-0.000000000000000000e+00 3.708674855998308388e-04 1.030554998223684660e-04
1.597852518825157375e-06 -0.000000000000000000e+00 -0.000000000000000000e+00
-0.000000000000000000e+00 9.197993178714248272e-04 2.554459810142018709e-04
1.942824249154562374e-07 1.413947856322989158e-07 3.910139482627276568e-08
-0.000000000000000000e+00 5.356604142972395044e-04 1.488256749030802528e-04
2.736280237579255751e-09 4.924051530892767283e-04 1.367526357405926508e-04
1.352053423095472263e-08 1.085779148639961518e-05 3.021932397424065690e-06
-0.000000000000000000e+00 4.963458959720130860e-04 1.378425399567884818e-04
3.756201284068592653e-07 1.587552510734681383e-06 4.413223910299937295e-07
4.723784218347134502e-08 2.167560372269122737e-06 6.021305376081021532e-07
1.041422818406247929e-07 1.514705183634371198e-05 4.203896413639941129e-06
1.156698260963459230e-06 2.899642913335709090e-06 8.056164974065696558e-07
8.433374147226180176e-07 -0.000000000000000000e+00 -0.000000000000000000e+00
1.741601117174993096e-06 7.888681815103378844e-06 2.189568994438478188e-06
3.507745153289808611e-06 4.937603528352188513e-07 1.373037320154319117e-07
2.280022533564124453e-06 6.073668898626274155e-07 1.687594837531669673e-07
1.653121903176970637e-06 -0.000000000000000000e+00 -0.000000000000000000e+00
6.786590801940194394e-09 8.313514788347565977e-04 2.308527798007648456e-04
1.375463759281719280e-06 -0.000000000000000000e+00 -0.000000000000000000e+00
-0.000000000000000000e+00 5.090993034124309752e-04 1.413945869395287806e-04
1.342411383981121011e-08 5.840842926719816072e-04 1.622099140441353210e-04
9.208255122833370269e-09 3.815321396347356509e-04 1.059782383071646044e-04
4.049125116459738421e-07 6.732573924291864248e-06 1.869572103009743827e-06
8.861919067482556196e-07 -0.000000000000000000e+00 -0.000000000000000000e+00
-0.000000000000000000e+00 8.393744381890958384e-04 2.331022087727532409e-04
1.562861828046039543e-08 2.503612751625421001e-06 6.957384906744393269e-07
1.961016513878291716e-07 2.395313290718943351e-07 6.660262601497449443e-08
3.121458191422103069e-09 4.439545596579010079e-04 1.232623587419344198e-04
2.639537095440987674e-06 8.641646452076313520e-08 2.383610642121113767e-08
2.312237348585812830e-08 -0.000000000000000000e+00 -0.000000000000000000e+00
1.327725246272114739e-06 5.625859324121770345e-06 1.561685677379492193e-06
2.042295237429010740e-09 9.027939910899600881e-05 2.507700743636024404e-05
1.550629601447220417e-07 3.017443228456573002e-06 8.384953438977298199e-07
6.817169289170130021e-08 4.708965420397866266e-06 1.307497969779791150e-06
3.843710402958582926e-07 1.184009143883192443e-05 3.278090370410905436e-06
1.673804350723443928e-06 -0.000000000000000000e+00 -0.000000000000000000e+00
3.638675715290502856e-07 6.292009626607943755e-07 1.746859862172369606e-07
-0.000000000000000000e+00 5.113073179256346192e-04 1.420243362226963121e-04
2.294622354813521364e-06 -0.000000000000000000e+00 -0.000000000000000000e+00
1.311584673349839172e-08 3.040301305904847705e-04 8.442624481347973118e-05
1.016192220168885507e-06 -0.000000000000000000e+00 -0.000000000000000000e+00
6.687072135925097131e-09 6.027429816803188319e-05 1.674591390327427877e-05
2.384571345077359194e-08 3.560178837880721074e-04 9.890668085278820222e-05
-0.000000000000000000e+00 2.102968247103939234e-04 5.846936311983495359e-05
5.699775685480946019e-11 6.397970429674386351e-04 1.776988377217125336e-04
1.396557568828146573e-06 -0.000000000000000000e+00 -0.000000000000000000e+00
5.956611556874202845e-09 5.312709318530261940e-04 1.475044653310889986e-04
8.754180289210459317e-09 3.963169165460989096e-04 1.100782671179639636e-04
1.846057494261109305e-06 2.327056122800775626e-06 6.460069575269444625e-07
6.565588730130677983e-07 -0.000000000000000000e+00 -0.000000000000000000e+00
3.084825860333699522e-07 2.064399802370548968e-06 5.730012511753456081e-07
3.107874904696992837e-08 7.819358553820564589e-07 2.173092767945522409e-07
