1.376617823617213521e+00
2.657047341576285415e+00
1.790542111756317611e+00
1.850654984580570872e+00
1.143282318584663226e+00
5.300461703704808514e-01
1.735812713998234891e+00
8.574599097661893543e-01
4.846263288961026205e+00
4.319332418431028664e+00
1.339065256004349003e+00
2.252336970567886620e+00
-4.001468068226011754e-01
1.684823195004905960e+00
2.083906851561474038e+00
1.471100047701504598e-01
1.319875501543472662e+00
1.479728630840658532e+00
2.521952061970712311e+00
7.189469124704157554e-01
1.127547480590054718e+00
1.825719737261574993e+00
2.481670152204959123e+00
1.054110132303940794e+00
1.157056329401249473e+00
-5.961622401296414742e-01
1.686470993150204767e-02
3.058993832366359911e+00
3.388638945876891739e+00
7.867341107565494207e-01
1.969472275445928400e+00
1.119948627400742858e+00
3.662550256544838234e+00
2.505836542948078005e+00
2.978647624825871532e+00
1.908234582676122004e+00
1.623571955464140348e+00
2.486468234780887077e+00
8.726817929387979955e-01
1.198902626963776363e+00
2.012348295161162426e+00
1.836916457996297380e-01
-4.348798809804547139e-01
-4.470921836843907982e-01
3.193797334506943697e-01
1.299765128614801757e+00
1.234665304952308640e+00
1.928039482438783203e+00
1.839014826661514057e+00
1.919984398075369247e+00
1.793029672534277141e+00
1.017825298256311850e+00
1.968657784091097041e+00
2.438711429053050050e+00
2.365886680104481776e+00
6.647452765694660259e-01
2.119418952795586175e-01
5.789706010728631336e-01
8.676987025266960085e-01
1.882494505983455246e+00
1.973839136698969154e+00
2.058065906204550544e+00
7.365284332728480043e-01
8.638794022250257942e-01
9.951752631390287096e-01
2.092405403870846836e+00
3.462894665096186153e-01
1.118758487654083256e+00
1.560024597098455423e+00
1.697797677179364362e+00
2.637884260788458501e+00
4.018003703428783879e+00
2.593700408672473312e+00
1.021841092718039690e+00
1.150379997187855663e+00
2.185661543610326607e+00
-1.045981027528988111e-01
1.723302389999669337e+00
7.694783653138170809e-02
1.019107490089354418e+00
