-2.587523007724386037e-01
9.341375742517340486e-01
1.209384908109934376e+00
9.271232806895971512e-01
7.344750868715179681e-01
5.454177432801886605e-01
1.528721179605781577e+00
-3.539160087598010596e-01
-2.607430232556579019e-01
9.169159027715978461e-01
5.758141475842355472e-01
-1.295334161062962064e+00
2.041501766091367465e+00
-6.500299794572563794e-01
2.766493779088498028e-01
4.325625955123451050e+00
1.145416028409222520e+00
-8.180077544398735023e-01
-8.214706946233845120e-01
-7.006267241732558881e-01
1.291928164637563770e+00
1.409444333925182979e+00
2.593009911943212620e-01
3.628086742504133544e-01
8.841917213038458234e-01
-6.539164179199069560e-01
3.489181394606812037e-02
-4.206359254097611494e-02
2.106504753427539400e-01
1.302388410763594795e+00
1.884438757007360632e+00
1.913174772816749636e+00
5.023246249217777404e+00
4.194432459803829616e+00
2.103934991948003042e+00
3.688321771133663773e+00
9.486075523769647022e-01
2.193297352041949200e+00
-1.712808880548971624e+00
2.001676838444128137e+00
4.898191418939471298e+00
3.315943434769199616e+00
5.966135339936653459e-01
1.028416805315179872e+00
8.873588451726186488e-01
1.043254330349484116e+00
1.598416541939483126e+00
-2.556412280776697576e-01
2.189784825949659675e-01
4.631904955353139952e-01
1.644723262180169954e+00
1.670503544257612993e-01
2.017039235892282623e+00
4.370591122073636647e+00
1.288241726869368664e+00
7.065921384809862316e-01
3.666586945494210714e-01
-1.153363108046652208e+00
2.994066652504403958e+00
7.288292162719381406e-02
2.634303230000272222e-01
3.274916529373724128e+00
2.104899928137445642e+00
4.329328650307546766e+00
1.358729467015206138e+00
1.988466392879687739e+00
1.109371633203548368e+00
1.233636814070010607e-01
-5.927800018180946484e-01
1.955196857842683711e+00
1.725052069546670008e+00
5.972881738530970708e-01
3.855378391217617384e+00
2.627137984684748684e+00
1.561394847252766116e+00
2.275554350822991179e+00
9.374407928429767667e-01
1.092025667516149712e+00
-4.423426704707528745e-01
1.248326597431674179e+00
2.400365589424652057e+00
1.963176398048112503e+00
1.045852689098385913e+00
2.179597435674835104e+00
4.244971249859379903e+00
3.569861544680876797e+00
1.786269625328508859e+00
1.779965746301020335e+00
2.063921624244863029e+00
4.280341548161120890e+00
1.642091094723062472e+00
8.482027611516801402e-01
2.361609989588697445e-01
1.936281739898377263e-01
2.216612169247108355e+00
1.563834362118633470e+00
1.654199736479267768e+00
4.622608970549563878e+00
-2.669545737305691002e+00
4.710164212405196338e+00
1.173897250883592980e+00
1.241629364748205955e+00
7.274257596050549834e-02
8.833465882209190490e-01
1.062392371167079963e+00
2.000654821227833668e+00
1.944187758790734577e+00
3.675482606567924027e+00
1.997960632046090312e+00
1.949608796316769865e+00
-5.416061140687057351e-01
-4.730036155257940078e-01
-7.902409525087762676e-02
3.341971212594406215e-01
1.481374635136940787e+00
2.398692887531953311e+00
-1.493303501369030450e-01
2.741628971963588901e-01
1.487498211400109183e+00
3.193492183548326313e+00
-4.156182316928648812e-01
3.405724436170422198e+00
4.648302712008528736e+00
3.257333982552360396e+00
-5.800152533800651510e-03
1.151562682021492812e+00
4.065318816272724511e+00
1.923900962612349108e+00
3.479169837493711004e+00
1.518729353953220285e+00
1.043608647167773906e+00
2.211845534760908283e+00
1.003148531491509621e+00
-1.971595787335816752e+00
-4.623517912234476057e-02
1.911143045848594069e+00
1.601744904791848390e+00
1.222118486936529358e+00
2.626239586742253884e+00
-8.523478247346173431e-01
5.904074265455012682e-01
1.516806015335041558e+00
4.709881305987041245e+00
-2.427078826633323125e-02
1.672098999051165047e-01
9.600341617578643516e-02
1.230774180670697548e+00
2.980321563597406076e+00
-3.217715259747048862e+00
-1.580530451294086314e+00
7.378788393808061175e-01
6.823823823044256054e-01
2.121376719092550989e+00
3.838722713704684875e+00
1.229867025379705492e+00
7.334703612097558389e-01
8.877974798031422476e-02
2.459153615060852838e-01
-1.711748490758612240e+00
-5.482647920177012857e-01
1.094891055674416247e+00
-1.163012339238443660e-01
1.556526119367469319e+00
2.395843338966605174e+00
4.139758513361454506e-01
1.454357427015055437e+00
-8.402307577450407461e-01
1.082983467812173473e+00
1.342641619783750961e+00
2.592254464168651240e-01
1.654163014633321271e+00
3.232382950555746426e+00
2.455644983285005356e+00
-1.800024802616026487e-01
-7.901343469226124183e-01
1.991431691236311696e+00
3.161321358471052001e+00
