1.595296932720323890e-04 1.809483794624612389e-04 -2.047366158368511184e-05
-4.278968114386072497e-02 -3.386075438316663022e-02 4.862386981591361641e-05
-4.814263473697131396e-02 -3.826095880151408196e-02 5.725804979399483444e-05
-6.057830531689361100e-03 -4.867961298543548899e-03 -1.743753831941169369e-05
-1.421099108503916068e-02 -1.121536999017756255e-02 2.226730918165978571e-05
-5.535119717125859540e-02 -4.375926712224523923e-02 9.830675918510358032e-05
-4.016261945005117351e-02 -3.216257093023711794e-02 6.617455691026534719e-05
-6.190849515597787733e-02 -4.883255176812308779e-02 1.327987427709018575e-04
-1.444711720453756461e-02 -1.136466331702899214e-02 2.712167369315879840e-05
-2.006138023260798514e-02 -1.599080798018037708e-02 2.330674539483149085e-05
-8.007051722080705397e-03 -6.368127032415314692e-03 2.278155977146849434e-05
-1.123776333109044283e-02 -8.977466228165288664e-03 -1.100312344784340149e-05
-2.098090897685587347e-02 -1.651400199669231586e-02 3.830349094378410939e-05
-3.312854243053221098e-02 -2.664627980123259951e-02 6.315385252066515629e-05
-2.304330989422109094e-02 -1.844124662751061086e-02 2.033793633250344314e-05
-6.393972171905024440e-05 -8.862238278712271467e-06 1.040358006533769202e-04
-4.148772173345301462e-01 -3.219696371567475346e-01 6.333461753195035069e-04
-9.025757500400546224e-03 -6.945795095249747593e-03 3.670580756866714567e-05
-3.649682521451583228e-02 -2.903433045562535397e-02 2.444621465767469473e-05
-3.272327612287306148e-02 -2.603474801736839137e-02 6.124213337947277084e-05
-3.145673913724806453e-02 -2.531724940886087918e-02 5.673220068129920147e-06
-2.501489915643750461e-03 -2.244691017137771284e-03 -1.928072628212575745e-05
-3.566942682800885306e-02 -2.852703727923107044e-02 2.032509217401431083e-05
-5.916977876644714113e-02 -4.557223337002417468e-02 5.002790244216449487e-05
-2.168966523640527763e-02 -1.722522626397166023e-02 2.130853843347140620e-05
-3.781029273749321462e-02 -2.990563119168368478e-02 7.090115432775722265e-06
-1.824246036051924841e-02 -1.434037238349223330e-02 -9.238569901897800634e-06
-3.533931262363890213e-02 -2.814687800956074126e-02 1.540813922465947603e-05
-4.577384103618249711e-02 -3.627834416051456401e-02 3.166491788318259449e-05
-1.770062233739338672e-02 -1.413790968380617546e-02 1.508959065497601076e-06
-1.053032174590480818e-01 -8.304479208548903868e-02 1.130476893084545712e-04
-1.127297087223673271e-02 -9.223365520890272617e-03 -8.046572007562518094e-05
-9.188678488766999566e-03 -7.482790625894178080e-03 2.869524879590403001e-05
-1.865923958425205406e-02 -1.511489023333268539e-02 5.758495475152457422e-05
-1.952959904169405958e-02 -1.567483371433014971e-02 -3.163345067076448495e-06
-1.529465227724053494e-02 -1.242322069529442491e-02 5.095728089703765193e-05
-2.814307220145597158e-02 -2.238634485606440933e-02 4.085298576803015952e-05
-2.335383854563251663e-02 -1.868394592140856791e-02 5.170798532701194919e-05
-4.889998144859443174e-01 -3.792312716169542464e-01 6.359079241899814969e-04
-2.907822948736884516e-01 -2.269361041717860017e-01 -7.406463116476272161e-05
-2.819892546666007138e-02 -2.247686839588715346e-02 4.568355315627041177e-05
1.430093966317812215e-02 1.120777539608247206e-02 1.358259966239115900e-05
-4.785283934034518238e-01 -3.715629339625176053e-01 7.021572674543868908e-04
-1.435316574917593069e-02 -1.142937427493690913e-02 2.908442636224533914e-05
-2.364259307510151176e-01 -1.814712565843717984e-01 6.818702152354706161e-04
-1.043499330055291385e-01 -8.233784371469882180e-02 8.140673614551097636e-05
-2.617822970837707305e-02 -2.083402619292316904e-02 1.087477511141396668e-05
-1.007594166677862058e-01 -7.907752559645858659e-02 1.327548774199247851e-04
-1.481821450054994840e-02 -1.175937411735789376e-02 1.227512609160236779e-05
-2.285590791533702662e-02 -1.815010136347851299e-02 6.295055953833665788e-06
-3.779239765038089338e-01 -2.932753189607816280e-01 6.034480892362904759e-04
-4.216314496721554339e-01 -3.271278180521195456e-01 7.529367769648058093e-04
-1.013280383777242274e-03 -6.731454770002933156e-04 -1.094903490519922765e-05
-2.647063018750550958e-02 -2.121425921729669720e-02 3.778443821490139404e-05
-5.706670388891816811e-03 -4.656171344329146540e-03 2.893172227159601168e-06
-3.738158273115988472e-01 -2.894453023076884457e-01 4.437483534842535265e-04
-3.407573206519429188e-02 -2.702242662695530928e-02 2.640914341884872772e-05
-8.098817747871628683e-03 -6.605879608321849755e-03 1.691349371971061460e-05
-2.535429049380641398e-01 -1.972719037300931233e-01 3.502923159151260222e-04
-1.301733004589877667e-02 -1.035622336176126625e-02 3.486902541655534284e-05
-5.718886453899088007e-01 -4.428620226928187131e-01 3.661549793002956323e-04
1.009304345115558978e-02 8.063493230317488741e-03 -3.078316785488424645e-06
-2.054144850880394724e-02 -1.637421356244012430e-02 2.557839688060735257e-05
-1.765278396516104659e-02 -1.410342275849792854e-02 6.223443023682421089e-07
-1.409853585292087687e-02 -1.129790532528779888e-02 -1.473418676781357458e-05
-2.006835547750701054e-01 -1.570024801995415775e-01 9.879539670744427076e-05
7.699845594550835948e-02 5.970834649731338040e-02 -1.644467671040798057e-04
-1.334830072924812587e-02 -1.059116115633782461e-02 3.276892373200804162e-05
-1.336598299969965487e-02 -1.075882052243912548e-02 7.301464100728553471e-06
-5.133806204130589856e-01 -3.983438069684892557e-01 5.668748947581264035e-04
-2.283442366643375493e-02 -1.821640076004273773e-02 3.471867559804100057e-05
1.948816997237182722e-03 1.623063992233388445e-03 8.217902033958457363e-06
-1.194099254111146043e-02 -9.656540703500117451e-03 -1.204723018116730228e-05
-3.473475479418721701e-01 -2.691814010367488685e-01 5.169139169922086496e-04
-2.521589553253608673e-01 -1.964028635300294479e-01 6.873767701001417369e-05
-6.314340924954962332e-03 -5.028165346099630097e-03 -1.244734878881565099e-05
-2.654768430046024891e-02 -2.145506372195291056e-02 2.866529348772311838e-05
-3.034136456908914994e-02 -2.428413308177041624e-02 3.874242048191324755e-05
-2.495317000803608590e-02 -1.996051817013715785e-02 1.434930346716560253e-05
-9.681132228904102549e-03 -7.796632923330487110e-03 2.333198467239985531e-05
-2.479573902294575707e-02 -1.972626034680531951e-02 1.041484719931745992e-05
-7.493665582779796691e-03 -6.215300814280681936e-03 2.099496882427239662e-05
-7.167686306295498883e-03 -5.681217661831335954e-03 1.314124584974837928e-05
-1.475000716718811132e-02 -1.202427717561567987e-02 5.588039229726841101e-06
-4.858708970721486997e-01 -3.767256647037871553e-01 7.168311282452929879e-04
-5.817327237324920741e-03 -4.851585715689577319e-03 1.176514787007253527e-05
-1.128099779016586250e-02 -9.123481728611273003e-03 1.476159661455139054e-05
-8.106779580636916741e-03 -6.693613054323050565e-03 -1.938263784904408903e-05
-2.419569817337609285e-02 -1.927626621862528825e-02 4.759509795343711040e-05
-3.737233928869310162e-01 -2.900798794477283948e-01 3.347527665992713224e-04
-3.292278390943455535e-01 -2.554819816141253308e-01 4.535909337696217097e-04
-1.303145699389989531e-01 -1.020019510896410242e-01 1.132024572433549051e-04
1.990167831441423327e-02 1.573694939772595988e-02 -3.034805219474951831e-06
-1.521999957171164819e-02 -1.222756973703613068e-02 1.708837952327770662e-05
-4.480251529936260524e-02 -3.568250151908496787e-02 2.094762884385783654e-05
3.655164919462197595e-03 2.610854402501393019e-03 -3.506995802256132455e-06
7.773093748905500130e-03 6.182377076033604944e-03 1.055221628563847570e-05
-1.862974165967183973e-02 -1.513734559588354560e-02 1.851522525625014356e-05
-9.391152417969610144e-03 -7.405113711596683981e-03 1.209094907396547204e-05
-2.503220306828238609e-02 -1.999524536310532188e-02 -1.611126013079149238e-05
-4.358460947312429307e-02 -3.473531454231594540e-02 3.338578079958631544e-05
-4.805477827655262740e-02 -3.841657565271704849e-02 6.753969795645621240e-05
-4.057907975084105168e-01 -3.145961189351881848e-01 3.845010956665445481e-04
-1.392933633091242296e-01 -1.077440744426759744e-01 5.390860967387408600e-04
-3.879386085055223643e-01 -2.999358931102504289e-01 8.848110446489784123e-04
-1.523441674448211026e-02 -1.202926586941766018e-02 3.268605710471786439e-05
-1.000913856975409535e-02 -8.201263764297408651e-03 4.324187263472087307e-05
-6.422224554137673930e-03 -4.935102168152464414e-03 -8.468380389468303770e-07
-1.503837618570520451e-01 -1.167175077952881390e-01 -5.372175618391247337e-05
-3.148293021407868042e-01 -2.445169918181917812e-01 3.787068827162082089e-04
-1.447419127142580975e-02 -1.161021624993706890e-02 5.776159024794618672e-05
-7.547377082812479175e-03 -6.068398399344435146e-03 -2.849101604884080326e-06
6.166026747810231072e-03 5.040743727379158948e-03 5.656052742829302337e-05
-4.743743275550206806e-01 -3.671658636743166948e-01 9.349638535646141984e-04
-2.705871683877607015e-01 -2.106657430467349656e-01 1.376587542134823062e-04
-7.173403880486971251e-02 -5.670052298623477760e-02 6.253935727094299228e-05
-2.745119840082999724e-02 -2.216845537488905046e-02 1.736212169426578654e-05
-3.168200354671244501e-01 -2.454790404202521759e-01 2.350280247499452033e-04
-3.435871760160364580e-02 -2.713135023737323070e-02 5.744665837947279851e-05
-2.880001495619743685e-03 -2.222622202640550659e-03 -3.704534443532063709e-06
-1.231274412588029624e-02 -9.745382588832755474e-03 1.746516770455975223e-05
-4.751424409472984056e-01 -3.690045466957356801e-01 4.935364021070509297e-04
-2.470643155146410447e-02 -1.981421495463611335e-02 9.168983269777933678e-06
-4.212688938984254089e-02 -3.339616547046839190e-02 3.205903530912277159e-05
-7.504919732430627433e-02 -5.887747956647496755e-02 -4.593232920177803789e-04
-5.202018731073409369e-02 -4.159749923977772851e-02 1.576973512294967312e-05
-1.497779057630097173e-03 -1.327757215669881849e-03 -2.596581875292798379e-05
-3.940748830915217354e-02 -3.142286598233398620e-02 2.687460080842892363e-06
-4.050492244825623644e-02 -3.219126233184015778e-02 4.023299458837739922e-05
3.094913795128443473e-03 2.585687590731075743e-03 -6.680725647618891201e-06
-1.642873648437375225e-02 -1.310026993399531457e-02 1.478811627492527537e-05
-8.161162667024418615e-02 -6.320314732474315023e-02 4.733527264448844077e-05
-1.228489750796453311e-01 -9.538062086558495023e-02 1.653970547804670436e-04
-3.340533204593865158e-02 -2.640230275823595221e-02 1.920488052626487865e-05
-2.295519502629423531e-02 -1.856742880398238454e-02 -6.862025783626074814e-06
-5.139662731724883166e-02 -4.103931814138510326e-02 4.538595582003738963e-05
-1.220476127082604778e-01 -9.636356891999671437e-02 1.313105286192272096e-04
6.418387188153003222e-05 -1.271695795687209657e-05 2.267418952006283777e-05
3.047851238255334660e-01 2.354471958156677813e-01 -1.231445938097262154e-04
-5.722200438725946192e-01 -4.429289531298854499e-01 8.157061236895015929e-04
-1.050602829913666325e-01 -8.228140206186695949e-02 9.101724270225033215e-05
-2.982579776673900934e-03 -2.362599605788297079e-03 1.984526439453950639e-05
-4.087221291739101536e-02 -3.254594630524823562e-02 3.732553563462576401e-05
-3.521543524776858062e-03 -2.426162523587613307e-03 2.952017585054446868e-05
-3.243522364303553368e-02 -2.585080220922610778e-02 2.023112745066048198e-05
-2.193278784144250815e-01 -1.692650788548481222e-01 1.380878194799726576e-04
-4.997840182689762822e-01 -3.882834092581716745e-01 4.276277024194126506e-04
-4.411392326331781688e-01 -3.423504632323722263e-01 5.608599567155544670e-04
3.334392809170711597e-02 2.656912332669814775e-02 -5.554449241646050079e-05
-8.773877498233740094e-03 -6.945756298324076358e-03 3.043954096026646474e-05
-2.158580337834550139e-02 -1.747611257476125099e-02 3.226862891888209139e-05
2.259366816520813268e-02 1.803759707018139091e-02 2.018660661304173939e-05
-4.602143645998165722e-01 -3.574237727856768299e-01 3.934317223450801483e-04
-2.577516443543743235e-02 -2.045450743077590824e-02 6.192467349544307563e-05
-2.769270533642593374e-02 -2.214425832336868946e-02 1.570602132348189526e-05
-2.789332615406640015e-01 -2.169625780057543030e-01 1.694098792586243817e-04
-3.516013218217153152e-02 -2.808573979788223790e-02 3.733449856341766065e-05
-4.426258364807181267e-01 -3.437093732771855370e-01 4.339176950967126370e-04
2.142420803735494914e-02 1.704108968590777734e-02 -2.373102227313327565e-05
-4.740997162896914974e-02 -3.785476415580339704e-02 6.061406178986141450e-05
-2.003393890358779739e-01 -1.546878491338676831e-01 7.931008373451866570e-05
-2.218748716031975453e-03 -1.972257211317371417e-03 -6.614421595709587691e-06
-1.553711066083026011e-02 -1.231619990405632102e-02 4.148736182363924426e-05
-1.583137650845619152e-02 -1.269834250634949320e-02 3.032709495523157049e-05
-7.810226337043354138e-03 -6.573636650165736242e-03 7.827580025647298438e-06
3.499329390686885949e-02 2.792687282252407505e-02 7.683203360957599430e-06
1.980259528092268104e-03 1.753586607837442825e-03 -2.407897382116169180e-06
-1.236820411080641162e-02 -1.017019038036412644e-02 2.873576240622872983e-06
-1.966927363182281452e-01 -1.529646576896949439e-01 1.917780417858089769e-04
-7.596604221470830698e-01 -5.881437299753652370e-01 8.335701626912113632e-04
-5.794427819051289029e-03 -4.763755679687018199e-03 9.254439728751954322e-06
-1.984395383085759898e-02 -1.576520121005625316e-02 3.187445407962681147e-05
-2.844425558513593438e-02 -2.271065359487217314e-02 2.216611598865853193e-05
-2.137806098745930264e-02 -1.701761583706734582e-02 2.005549542628859663e-05
-1.765445273235348445e-02 -1.408520506720547377e-02 5.489602250127079586e-05
1.215395463684927667e-03 1.107470358170197216e-03 3.555160213292500143e-05
-3.364445626900652853e-02 -2.663537710407164194e-02 7.334702769634806425e-05
-3.793796158989908296e-01 -2.937841128555230830e-01 2.523497590299253576e-04
-1.363718443320006100e-02 -1.096835361505211180e-02 2.363400988872981680e-06
-2.905842325502909149e-02 -2.291405917348815144e-02 1.980027765262000843e-05
-2.985979643499696648e-02 -2.313762410533169722e-02 5.294405939795075738e-05
6.955985929236652501e-03 5.571544092303613860e-03 1.165154411479849412e-04
-2.250270467731728050e-02 -1.816765671602766502e-02 1.183725467859024418e-05
-3.406153248085534019e-02 -2.707356391755143601e-02 4.228206487283711596e-05
3.873736032500771083e-04 6.404146922750660054e-04 4.213873406682084010e-05
1.439630180736971299e-02 1.163587581691114849e-02 1.369804340454354684e-06
-1.037061574172204979e-02 -8.319311308761736037e-03 1.596608495315691482e-05
1.773989386563307874e-02 1.436192166737737010e-02 -1.731798811445070402e-06
-1.929352928550085999e-01 -1.506984233366889525e-01 7.799291128197806779e-05
-4.840115337233063530e-01 -3.751298095250737430e-01 6.109702088236083212e-04
-5.855135325634874995e-03 -4.676158929663958366e-03 1.046961678970409986e-05
-1.138738155612877348e-02 -8.888280446365295559e-03 1.306079601802702894e-05
-1.106776685367181004e-02 -8.849125901718530793e-03 1.442034408469533449e-05
-1.461415582865398244e-02 -1.162157879912452223e-02 -9.153544195430211446e-06
-1.410363380843204957e-02 -1.167585376999908872e-02 1.772706989752070210e-05
-2.289394790201226826e-02 -1.821789816975506043e-02 2.766611140027492230e-05
-1.874088146431359195e-02 -1.503459082852586816e-02 1.997670087295558560e-05
-1.678617073817733826e-02 -1.352375627351628216e-02 -4.734038882886268492e-06
-1.709908096945030390e-02 -1.363219362597557077e-02 1.494519134186369441e-05
-1.621713322628140844e-02 -1.317932418423242019e-02 -5.904988046931108005e-06
-7.205659678300266324e-02 -5.704437335213012605e-02 1.964851274155455285e-05
-4.119232078699767707e-01 -3.201269124208284134e-01 4.698078995234238292e-04
-4.967915728387145569e-03 -3.772490756379346180e-03 2.827394532730393600e-05
-2.756726378630010993e-02 -2.178651354640061266e-02 4.773861393752035844e-05
-9.057732383550605448e-02 -7.024899624282673893e-02 1.762237629362150822e-04
-1.238038031923652769e-02 -9.793351811387922615e-03 3.364455892869447026e-05
3.226738078136078599e-03 2.610154131525385147e-03 1.832357113086840982e-06
-1.403298655560293595e-02 -1.139732909720131068e-02 5.807569707072298926e-06
3.748942323199787579e-03 2.832899664483384383e-03 1.153720483319518975e-05
-2.649307766156807076e-01 -2.061600291023132914e-01 3.389501210327696074e-04
5.522724018984235400e-02 4.273824902501124207e-02 -2.041196195090418867e-04
-4.818892355140394490e-01 -3.737210234033366274e-01 7.421847035642371512e-04
-1.219371840099838129e-02 -9.897109638327213424e-03 1.266242592914777466e-05
-1.653980513302665337e-02 -1.316093378998444731e-02 1.329273825025346133e-05
-4.598025752455761617e-02 -3.652713436267427533e-02 4.243066136908129834e-05
2.716635962538487339e-02 2.174651863993277978e-02 -6.597678236931718232e-06
-4.053177286782588262e-01 -3.154332873294246609e-01 4.461801426552249950e-04
