-4.895461915174980499e-02 2.312452537708479302e-03 5.962532979843922915e-02
-1.100966077275282971e-02 4.879557710099305390e-02 -7.248300232424027129e-03
-1.826504331721167523e-02 -4.149073880269905923e-02 -5.886187198406617194e-02
1.628702818645151318e+00 -9.915351738491728906e-01 1.241541569622756358e-01
-1.687447754303975089e-02 -3.529055258969249903e-02 -8.383522763552095358e-02
-1.549606304233101639e+00 -2.363403590906256735e-01 9.370434199499475536e-01
-2.296680287233471285e-02 -1.505694351318547994e-02 -2.724828944376972428e-02
7.118927545343314844e-02 -2.122168733549219866e+00 -3.607460221893420416e-01
-4.805950911727698283e-01 -2.273092933539415383e-01 1.164394915985720980e+00
-4.794544894451900630e-02 -2.542642541569006820e-02 7.747948098177795395e-02
2.879382105573908418e-02 7.053983025483269442e-02 -1.859573065627936200e-02
-6.372719458043904495e-02 8.628951643819146805e-04 -8.825231874200194226e-02
4.311755870255450616e-03 9.164530392056222108e-02 4.995720472437902016e-02
4.160192193919579062e-02 2.556329846427370101e-02 -6.610658060857220464e-02
4.295154414277137234e-02 -1.974292988152547002e-02 -2.044064597611438064e-02
-6.361565926179060977e-03 6.549411677815589194e-02 8.392625110565665736e-02
-1.106654394247849726e+00 -1.505990402229503866e+00 1.122775011391202726e+00
-1.158639770696434868e+00 -6.553254337364373683e-01 1.883422412018870007e-01
-1.657709720670363235e-02 1.029391174870909406e-02 -2.152305083151136514e-02
-2.281218638880491589e+00 1.445340908251446961e-02 7.394638484242930243e-01
4.896463355986072075e-01 -2.121351659903963682e+00 -2.712295955127485003e-01
-9.150847023367439936e-01 -6.674733209584083893e-01 -7.475299130115592439e-01
-1.170018532334908198e-02 1.704373659615378289e-02 2.283850030222984301e-02
-2.401718681273851477e-02 7.835867510809485514e-02 -3.607424782626505316e-02
-5.410760574706886539e-01 -9.516566147942534526e-01 -5.721771226825181911e-01
3.075856156050180493e-02 4.011242862537660325e-02 3.676056621350422271e-02
3.171957697721190794e-02 -1.205207587010144049e-01 -1.939824556522351182e-02
-3.242876277591619227e-02 -8.161046192435306157e-02 1.581878631332494720e-02
-7.297125618779677636e-02 2.005407167930500193e-04 -8.608523057636176257e-02
6.392489415694245503e-02 7.338620886186467129e-02 -7.450005005847779027e-02
-8.538605863264202567e-01 -2.053303132553004229e+00 -1.785131117132314205e-01
1.964036801797232681e-02 -1.943100419789645095e-02 6.373724421096976789e-02
-4.131968298667006434e-01 -2.102860571810475587e+00 -3.633175072900107216e-01
1.446714927012129892e-01 -1.458005367171580878e-02 -5.587061273380417026e-02
-7.205044539806437776e-02 2.695701028338180327e-03 -4.308549650668149628e-02
-1.819165688629065594e-02 -7.704149202824805975e-02 5.234646817497073945e-02
5.138928173954035450e-02 4.192282635067557869e-03 5.023132989842516577e-02
-8.452751388107246355e-02 -1.788408427455065342e+00 2.537197214927142674e-01
3.874558476421589154e-02 -4.912723637959633821e-03 1.042716534190431255e-02
1.719517707889230751e+00 -1.936978396788820556e+00 -2.963605467444746511e-01
-2.816327821771486776e-03 -1.479776872979580826e+00 1.014329327696821936e+00
-1.353383077704061604e-02 -2.715355603654547728e-02 3.403658353809424844e-03
-3.662478685212878782e-01 -2.279084204677254810e+00 5.785365687158119385e-01
1.051821251276406285e-02 -3.483637814668950894e-02 4.227605579350751132e-03
-2.847871194697704222e+00 -1.747969028972377603e-01 -1.098237002358550159e-02
-4.665430830905163972e-01 -1.357461929763329689e+00 -3.804684822891405971e-01
-1.544160195775620475e-03 -7.163735736617707350e-02 5.338941712890109270e-02
-1.584960772979945753e+00 -1.619635505729558833e+00 3.765366971024116105e-01
4.029723863498804043e-02 2.252734328759092592e-03 -6.658248153561802107e-02
7.120649903219954391e-01 -1.992687712490351482e+00 1.308296617609714163e+00
1.337936245939401123e-02 -9.607990622340785436e-02 4.436923572873131133e-02
-6.712973834745515622e-02 -4.424666673946359846e-02 -4.088623728257824268e-03
2.195555708593750488e-01 -5.390181248736157504e-02 -5.239515201294479008e-01
4.995867382749289050e-03 7.221561350514545119e-02 1.173254995532041663e-02
-3.710283807103554460e-02 5.649986422291729954e-02 -3.295265687894961826e-02
-2.352446916340827920e-01 -6.122496368874655870e-01 1.247116905132872766e+00
4.869628250479871023e-01 -1.786482665385475510e+00 4.499947773704657816e-01
5.340549101629582518e-02 -1.423946544226555554e-02 -6.522934227782911654e-02
-1.057399413359478152e-01 1.714182857400159410e-02 -8.277410401025064868e-02
-1.459470857678548228e+00 -3.295917773393719497e-01 1.311898118884603781e-01
9.845867441583314953e-04 -1.125453596307900428e+00 4.368137377022656587e+00
7.898235430429109694e-02 1.062633416807196376e-02 -3.506213071037049284e-03
-8.110052430279945934e-02 -1.341341313778820175e-02 2.546190176455441143e-02
3.431865098088213856e-02 2.743964752423571837e-02 -9.595658196507655946e-02
6.593239558596938332e-01 -1.196858800095427444e+00 -3.059739668784750566e-01
-1.129248818491271900e-01 -6.221145151135195617e-01 1.348817339771334112e+00
9.780251707364377711e-02 2.167424109905986482e-02 -4.990092636937788761e-02
6.366011527994283603e-02 -6.245494726231100302e-02 -2.666399668087013949e-03
-8.405359327788678447e-01 -2.827748270873697289e-01 4.988757105342322418e-01
-4.041641466857333054e-01 -2.627236835676399984e+00 3.425884019839221306e+00
-1.008847464712739450e+00 -1.955908719877603286e+00 4.570988397401118397e-01
-1.065828673657428727e+00 -1.412604435088315347e+00 -2.173505862768059238e+00
-4.336392886934501978e-01 -1.527538743556885015e+00 -9.950872986444673218e-01
-7.934923531874374381e-03 -1.450555647323317654e+00 8.066742236626367468e-01
4.629750903108820204e-02 -4.295163002450871383e-03 -6.015158074241063607e-02
-6.274136880996167287e-02 -5.713282777939829998e-02 3.003192738577008247e-02
-3.791844235263444607e-02 -2.165751445093037297e+00 -5.747124789149873347e-01
-1.760663072707329135e+00 -5.103313161053950608e-01 -2.563361747100442178e-01
-2.496384625261492338e-02 1.679877214080184936e-02 7.740027304627640492e-02
-8.094200101782999743e-03 8.668156129161410511e-03 1.190736965355736286e-03
-5.086110606799545270e-02 -1.797997272564047164e-02 8.084952236253480085e-02
2.202334469140473233e-02 6.478618295695129370e-02 3.388792311508825872e-02
5.291108823656524018e-01 -6.289334218107538454e-01 -1.304812982252260556e-01
1.935858943410830946e-03 9.752825589733308750e-03 6.246933221685988663e-02
-1.409058099922189111e+00 -2.165536633181697646e+00 4.959155937309510653e-01
-4.977907601374454566e-02 4.504970981162067373e-02 -4.022863207381813244e-02
-1.402021376572734290e+00 -1.532628790364894522e+00 -1.061740527966762299e-01
7.163099252631992542e-01 -1.761233130696200799e+00 -1.315183825742096413e-01
6.065638167977600295e-04 -5.305982828564245052e-02 -5.567524619598920865e-02
-5.877453718169137892e-02 -1.877566677663031536e+00 -5.325584466511966708e-01
1.399662447133204722e-02 3.928716035731485284e-02 1.797626342469254776e-02
-8.223053748443519273e-02 -1.222478320430304966e-02 3.543802772761812936e-02
-3.770314555840888204e-02 -2.284525551975895991e-02 -1.833886882513120764e-02
-2.127315849915169255e-01 -2.507780444339927861e+00 -5.345576757519991951e-01
1.750500377890095577e-02 5.830981524073060307e-02 6.314958885896151432e-03
5.041732606304926562e-02 -2.858349363611013549e-01 -1.086621567099849806e+00
2.418625033001386426e-01 -4.884099571367017667e-02 -1.893127145285845137e+00
3.497417986515963806e-01 -2.368481910120165679e-01 1.141322488998243456e-01
-5.371489914148917105e-02 6.986766198264815486e-02 -5.306526443759898570e-02
-2.380165170632477997e-02 3.143494362635522454e-02 6.137189075164881796e-02
5.927609266635439078e-02 1.954204068260955926e-02 1.731512188537832550e-02
-3.282206514978928680e-01 -2.733727793000486184e+00 2.750466411136018308e-01
-8.994578938962665138e-01 -5.249704209118518650e-01 1.768943575764556631e+00
-2.949716852611356632e+00 -2.510429215558425686e-01 -4.273492377685080522e-03
-7.855806081691336651e-01 -1.122802573572674989e+00 1.274815537530775256e+00
-2.484275024296878520e+00 -6.665477540318205385e-01 1.018384872589710222e+00
6.091739064360449790e-02 2.148911055708821460e-02 2.351487959891747359e-02
-7.398358305086381349e-03 1.255748166033170306e-02 -9.918893592427042993e-02
-2.115362836914355948e-01 5.056456727051121536e-02 4.991426527447554995e-01
-1.188483946431865695e-01 -2.968089851818284330e+00 -2.801882094131732392e-01
3.927166770900412246e-02 -8.674785320922712151e-02 -3.384148357245734401e-02
-4.106244879769889167e-01 -1.649101789626624681e+00 -1.380481301579142173e+00
7.623005787651750131e-02 -1.421262712204981682e+00 -8.048589469140741137e-01
-3.158518097592629026e+00 -2.835414602091993252e+00 -7.861337006223683144e-01
6.301144817203857551e-02 6.225995080648068225e-02 1.046945886902025426e-02
-3.783790353435673853e-02 -1.743571084155947498e-02 -4.489251101083265721e-02
2.169379740455078254e-02 -1.869710361290733217e-02 4.745838030678992819e-02
1.510763028643638192e-02 -5.956296815965976821e-01 6.375479936317440810e-01
1.132381503463781303e-01 -1.064800628506394231e+00 2.008855441207678671e-01
-2.014089408791079963e-02 2.030006092636557069e-01 8.555320069045601050e-01
-3.510726087544166485e-02 -1.547441998568004795e+00 8.098662926148946228e-01
-3.021126464318564173e-02 2.960861374027196329e-03 6.465207050981709724e-02
-1.420495276980434096e-01 -1.355626118085932752e-02 4.788698615736156072e-02
3.986796318939962031e-02 4.347098325883990561e-02 2.152937895319445225e-02
1.602258022171621638e-02 -3.216937705192440822e-02 -1.431737138458209768e-01
-3.186216542790903938e-01 -1.232664243959412653e+00 -1.130297343424655279e-02
4.574711798470712520e-01 -9.209481419890395287e-03 2.665040017269162398e-01
-7.300206643330880985e-02 -3.538034869944167160e-01 1.799793417150564956e+00
-2.106895283106083039e-01 -1.441985434126556997e+00 3.538052513272827992e-01
-2.588616158106811782e-01 5.883328597830710799e-02 6.357941654977530277e-01
-4.044947450856575810e-02 7.367282881825190644e-02 3.063774825449926478e-02
1.188454669246054446e-01 -5.151848323505987814e-02 1.256550263834677328e-01
2.454702995249503222e-02 -6.609823671780486187e-02 3.614514369063718396e-02
2.482503701914955951e-01 -3.217077694316256564e-01 8.514662395018752772e-01
-3.056883247461695749e-02 -6.746404406708826629e-02 5.604594119031747895e-02
5.639324671780935327e-01 -1.425046063176305999e+00 4.786937864356520245e-01
3.248657600434924630e-02 -5.653861771903911232e-02 -7.568354261572737829e-02
2.360541226653666610e-04 -4.986098517355031651e-02 -9.931719154034569785e-02
1.286031465123819474e-02 -8.229739503298463821e-02 2.851728288294966274e-02
3.009810556001394147e-02 -1.067334056819010391e-01 -3.102232021221911287e-02
-1.770315233594371360e-02 1.212898955709052710e-03 -9.873075106513637400e-02
6.643221606805371771e-02 -1.843256609103290089e-02 -3.844491943096327302e-02
-4.627101749602890446e-01 -1.508939776777098896e+00 -1.947800584745836006e-01
4.863040760192261502e-01 -1.029026450678717231e+00 -1.019378971648363219e+00
3.961177749263498221e-03 -4.872273439289003666e-02 1.557313220177484331e-02
-4.052720081673791275e-01 -2.250112869455462294e-01 7.305556634832612861e-01
2.402062194355104874e-02 1.910991460237344494e-02 -3.920038108229110391e-02
-5.076350421338696878e-02 7.524060135211671496e-02 -1.801634941937865428e-02
-2.762529220737597879e-01 7.211429450112497586e-01 -1.962044140383666369e+00
-5.606340895150763171e-01 -1.573486228029691958e+00 -6.764218629379386005e-01
-1.048254566755474126e+00 -1.365865327340942681e+00 2.111510225220810111e-01
6.007578056942492785e-03 -5.428366845520395112e-02 1.350053845673963339e-02
2.371448978744548214e-02 4.276173795815636780e-02 -2.890353689744597568e-02
-5.079032640925641717e-02 -4.973566823076635939e-03 2.121871679513357908e-02
-3.158480398682814716e-01 -2.389774531229618582e+00 -8.715768551484996685e-02
-9.930505739563876347e-03 -4.780675843533400277e-02 -1.066043248215895745e-01
-1.186826258092070319e+00 -1.924901985535141025e+00 3.395739299569992542e-01
-6.753215625377438636e-02 -6.332702330825558390e-02 7.022281558184897965e-02
6.007399749915718137e-03 1.979235221407225909e-02 1.789325341517628010e-02
-8.497044596829289587e-02 1.793573799833538332e-02 7.013069437952050567e-02
-6.408457399870062243e-01 -8.983305711376697589e-02 7.180286745320441089e-01
8.315252364651509048e-03 2.116268503197066969e-02 9.686129743280916249e-02
-2.885413567678104529e-01 -1.252012873110226909e+00 -3.340154532543706534e-01
4.405155506376183180e-03 -5.592138050039767438e-02 3.007235831960052008e-02
1.141289435757669057e+00 -1.005585392553661972e+00 -1.915633387789352216e-01
1.840673506596682621e-02 -1.169683306282126994e-01 -4.916262060255553040e-02
-2.915186993652856828e-01 -5.704433043284060645e-01 -7.848128723148969921e-02
7.063936922185075351e-02 -2.857210490877291897e-02 1.284314561409232239e-02
-3.157836561956192667e-01 -4.713881441770453318e-01 1.407698374539178288e-01
1.315513184958367887e-01 -2.886371589621632844e-02 6.343683971378145936e-02
-5.967533624933762937e-02 2.029966332311771218e-03 1.790849871066066412e-02
-8.858882554975483492e-01 -1.483373036018976743e+00 8.323269197176351719e-01
-9.005317111953743403e-01 -9.084046336950564182e-01 5.511704475898473454e-01
4.576277223836767299e-02 8.197893975491818766e-03 2.259827964212132289e-03
2.586447132113684974e-02 -1.175335637210436768e-01 4.772466353735282940e-02
8.775675168636222490e-02 1.624718934021498681e-02 4.986770259700487595e-02
-2.033069883787714804e-01 -7.530243106895906369e-01 7.783951542237659282e-01
-3.473593231962698868e-02 7.100283959244921284e-02 -1.692992218947837052e-02
-6.997338114463193259e-02 6.203096068607527602e-03 6.597127558147604376e-02
-3.666240616402709901e-02 1.276552086458984311e-02 5.461733635660020320e-02
2.531361145218670103e-02 -1.326024701331192032e-02 -6.028425393466546600e-02
-3.470836182879773885e-02 2.786410718383695861e-02 -1.782575723477785451e-02
-1.000662525839453136e-02 1.490294605581258050e-02 2.857182132538073349e-02
5.897823255432703693e-01 -1.491525363232376167e+00 1.892161698135000236e+00
-1.294156187796740909e+00 -2.146555237751312795e-01 -6.058857099728851558e-01
-4.603885326992976923e-01 -2.714433599444655565e-01 8.034439319932523693e-02
3.444982900023660366e-02 2.894039765887103724e-02 1.037901378109594430e-01
-3.859325820775905691e-01 -1.092345608614648245e-01 -2.785453951142497497e-01
8.020027770985265203e-01 -2.038692720017116766e+00 -1.831645179910005306e-01
-1.664488833888501773e+00 -2.093743279070140684e+00 2.689197144380329529e+00
2.517045529126282072e-02 1.404900691783265120e-02 1.359232266771805663e-02
-4.729056820779430764e-02 -3.522212763820722903e-02 -2.706753312718480561e-02
-3.571696480739987023e-01 -3.613840557466097003e-01 1.052826608730091706e+00
2.328013666665534886e-01 -1.940506325061365667e+00 -6.224883998976725730e-01
-1.422702949881810182e-02 2.096738189024000346e-03 -2.789927530424674441e-03
4.765279918944102105e-02 -9.901670415278803969e-03 5.745271684945020552e-02
-1.740511087296179316e-01 -1.389112787138875316e+00 1.585325674493515802e+00
2.917358784207639208e-02 1.422557864502841871e-02 2.419276787991475608e-02
-1.404987578151868817e-02 -2.581359069528674569e-03 2.281132955238679427e-02
-9.416227042498256927e-02 2.093930511826382795e-04 -1.253481669123522879e-01
7.086354812097275246e-01 -1.742514546975193701e+00 -1.831978405670168231e+00
-1.876744058630424872e-01 -1.994513632738331488e+00 9.553615127671311047e-01
-1.011840783487381462e-01 -2.165377615853969484e-02 4.334367203927032980e-02
-4.494697785363396259e-01 -3.665201725745941275e-01 -4.817016768145723216e-01
-4.841328725384239778e-02 4.829740223278840283e-02 -1.085394916307335228e-01
-8.414672078774553254e-01 -1.033359099189238295e+00 1.152592612050442611e-01
-1.595578825300243697e-02 -1.680064358612835601e-03 3.850544979346565838e-02
-5.028788710986934474e-01 -6.093977038524367451e-01 -1.666785278684269067e-01
-2.553911982643211065e+00 -5.742896582888197543e-02 -4.758100577382746166e-01
-8.684168642158200946e-01 -2.187866205049076473e+00 6.055187449197066973e-01
3.562322517535094352e-02 1.541005506519278929e-02 3.480928107202662432e-03
2.240857382237709805e-02 1.308558423179316532e-01 -6.565758832470523776e-02
-6.222933941582142053e-02 -6.322229162166702332e-03 -5.182830329798721047e-02
-6.204947930537128842e-02 -5.025259374287626563e-02 5.348094881638725678e-02
2.942303211287853326e-01 -8.338459397131832151e-01 1.187601714296521394e+00
-2.719835178453924307e-01 9.003593473638304978e-02 -1.225935512571248998e+00
