8.442702984961919510e-01 5.359175898187621412e-01
3.306019216945748074e-01 9.437702948132317138e-01
7.267234765325636218e-03 9.999735933007759536e-01
4.853070445491383111e-01 8.743437953751262981e-01
4.796292324800561224e-01 8.774712527203341050e-01
8.418337371196262797e-01 5.397369350407696942e-01
8.392643272269761923e-01 5.437236329646258914e-01
6.078467886753123883e-01 7.940543315775754341e-01
7.670901308894334525e-01 6.415393449290790473e-01
4.456866424662867532e-01 8.951890396598521926e-01
6.405474401208236523e-01 7.679186004744643634e-01
9.988268796785845227e-01 4.842380025919679892e-02
8.355266201245885593e-01 5.494499677524621317e-01
6.986774152282139161e-01 7.154368381974904878e-01
5.333738353539814181e-01 8.458796319570439648e-01
9.999669107248690958e-01 8.134952695728302208e-03
1.629767268039403472e-01 9.866299136557100669e-01
5.723868854195059835e-02 9.983605223234729431e-01
7.636489106090065260e-01 6.456317381647819209e-01
-0.000000000000000000e+00 1.000000000000000000e+00
9.684814276734269312e-01 2.490857768955121454e-01
2.469736937013377043e-01 9.690221847922357856e-01
7.006303639071838063e-01 7.135244166609067129e-01
3.506716828601643132e-01 9.364984628070782691e-01
4.124091859000740823e-01 9.109987175541127691e-01
4.177731403348386996e-01 9.085513762109258540e-01
9.699998256397643903e-01 2.431056113273134256e-01
4.462306556335227103e-01 8.949179861712897033e-01
3.516507115909371373e-01 9.361312819458539325e-01
5.498776658654740412e-01 8.352452050639609382e-01
4.219976724926742806e-01 9.065969139649469044e-01
2.969404998897799408e-01 9.548959836156017955e-01
7.820634075177000655e-02 9.969371937420220542e-01
9.099540219795968499e-01 4.147091485404622024e-01
5.167754985743225893e-01 8.561209517779952982e-01
9.267350382194559921e-02 9.956965510080688642e-01
5.203299639611339567e-01 8.539652970725479797e-01
5.688586841966422059e-01 8.224352846358581326e-01
8.328013648632488497e-01 5.535719345143049752e-01
4.421349357490232494e-03 9.999902257871619016e-01
6.019127533256566354e-01 7.985618557030678133e-01
6.398414865903772064e-01 7.685069108588524767e-01
7.836122681716294336e-01 6.212502017471821514e-01
6.163935099207358270e-01 7.874382775351956854e-01
7.509968679713898698e-01 6.603057657609563424e-01
6.698570870053469628e-01 7.424900558180633769e-01
4.112591655596041784e-01 9.115184577084646245e-01
8.604803514026102551e-01 5.094836256937412822e-01
8.311523529530838728e-01 5.560447519584662546e-01
4.409945691869959217e-01 8.975097715053446112e-01
4.568781187362872670e-03 9.999895630647661626e-01
6.073466884171807578e-01 7.944369075443840078e-01
7.664197173252540463e-01 6.423401099846385298e-01
9.175944272139054461e-03 9.999579001371581288e-01
5.454051620661674038e-01 8.381725414206657732e-01
8.866802958189251571e-01 4.623830154822552996e-01
9.999986577099432283e-01 1.638468282229369128e-03
9.022581103922034940e-01 4.311963615703295893e-01
6.396082323610318143e-01 7.687010531383422496e-01
8.925385791929407731e-01 4.509710463569103212e-01
8.780118624741551914e-01 4.786388715458296805e-01
8.513680923305418091e-02 9.963692707593980735e-01
9.999946357420885779e-01 3.275436924671772370e-03
4.700621098443865664e-01 8.826333400051484812e-01
7.219739027548632837e-01 6.919202871291688650e-01
1.672007376253077104e-01 9.859228739295751165e-01
4.549064664720450096e-02 9.989647646777234380e-01
5.656605574335950015e-01 8.246381835471326971e-01
8.487039488151842948e-01 5.288682324223236142e-01
3.438417182940328165e-01 9.390276208720418349e-01
4.341380854789799598e-02 9.990571761552822228e-01
8.628635915376152710e-01 5.054368629203924712e-01
2.499350040329359479e-01 9.682626161114846752e-01
1.817711776297308568e-01 9.833408559513333591e-01
7.530970175306619385e-01 6.579094787175679970e-01
6.035880354262556091e-01 7.972963586335217734e-01
8.533580800016636880e-01 5.213252221942406006e-01
4.360381538760413345e-01 8.999281795589989530e-01
5.220010388682738006e-02 9.986366452089591172e-01
9.794403970617086008e-01 2.017337567280265143e-01
4.810866960250157476e-01 8.766730239420704729e-01
6.908319273615375344e-01 7.230153858238034248e-01
7.594554061953455726e-01 6.505593639328104416e-01
4.353070996231322987e-02 9.990520893778146450e-01
3.213036434369092587e-01 9.469762239434353912e-01
9.999427386439923016e-01 1.070137529257685592e-02
9.999672819815595970e-01 8.089188241860252940e-03
4.650655924651496131e-01 8.852762250874240957e-01
6.918460624600301090e-01 7.220450303537530035e-01
3.826612783308280721e-03 9.999926784905011079e-01
4.662023447408927268e-01 8.846781187291195003e-01
9.899220057538160589e-01 1.416136382003578831e-01
8.782591364616152418e-01 4.781849947684452817e-01
9.366222582960068710e-01 3.503408986465728625e-01
7.989714756644078486e-01 6.013689226046177172e-01
9.999907779893203452e-01 4.294640417288053680e-03
3.670456034046623572e-01 9.302029482974709662e-01
9.050378651074028058e-01 4.253310037157351231e-01
4.580750001499816482e-01 8.889135471110755082e-01
9.998887788445193214e-01 1.491408531610166795e-02
7.714530431445129066e-01 6.362862580812744806e-01
5.376054528254675668e-01 8.431965234109567442e-01
8.653298128868337491e-01 5.012028680377211831e-01
7.471408756639452697e-01 6.646657144099680226e-01
9.200125543136722372e-01 3.918888871928271067e-01
6.216994366219630308e-01 7.832559035870293451e-01
3.485886137322565248e-01 9.372758283324198469e-01
7.968001722085729915e-04 9.999996825546925150e-01
1.788414094171082019e-02 9.998400659619403053e-01
2.220410950639558345e-01 9.750373080568760509e-01
8.903306603175504819e-01 4.553145234873523517e-01
5.148421918660742724e-01 8.572849686507612033e-01
8.367805757637251096e-01 5.475383712805237391e-01
6.421732785374442143e-01 7.665595086700510707e-01
6.282733208248179047e-01 7.779926955568127189e-01
7.079967700564625543e-01 7.062156707335348615e-01
7.260618210163838349e-01 6.876294293166724803e-01
8.661264663598293723e-01 4.998249136157937311e-01
5.462038061033204217e-01 8.376523158197833885e-01
7.379540506897874774e-01 6.748509606354091694e-01
9.997993730770725618e-01 2.003031688946578862e-02
8.029462600617637280e-01 5.960514268524373938e-01
9.035651465321095088e-01 4.284507275900085177e-01
9.063607732153162733e-01 4.225046139115336552e-01
9.195005996472721543e-01 3.930885997435019097e-01
1.382718335462146050e-02 9.999043999305522457e-01
8.358386243539557281e-01 5.489752216977438204e-01
1.665133625935665551e-01 9.860391980432540171e-01
9.554036095440100462e-01 2.953031372509896113e-01
6.597430461318323225e-01 7.514912594838950577e-01
9.999974230034657241e-01 2.270239288623261426e-03
1.035401713218351560e-01 9.946252726140861755e-01
-0.000000000000000000e+00 1.000000000000000000e+00
9.999777416832885679e-01 6.672041515919694202e-03
7.256312825636634933e-01 6.880837461857479687e-01
4.609089541812936841e-01 8.874474271501980871e-01
9.563291332117951349e-01 2.922919584428841921e-01
6.105432597826903479e-02 9.981344444909910907e-01
4.846556101506838687e-01 8.747050586051668963e-01
9.994053133095395225e-01 3.448216537083002853e-02
8.833309887212594802e-01 4.687497886556561966e-01
9.758026040433750437e-01 2.186533282211096663e-01
8.351770970821473794e-01 5.499811055931262960e-01
3.650715333990723344e-01 9.309794710420042918e-01
7.427667314444711399e-01 6.695502838915811106e-01
4.106721493708918591e-01 9.117830804150139912e-01
7.065459177811192482e-03 9.999750393317858865e-01
9.999940265777794712e-01 3.456415594141271346e-03
8.088739511010797356e-01 5.879820841064191672e-01
5.282562748240523520e-01 8.490849828544934086e-01
2.445810855835407402e-02 9.997008557192236244e-01
4.526872734292918810e-01 8.916693515396576508e-01
9.999996779325671659e-01 8.025800657901850437e-04
6.008975095612739681e-01 7.993260805222477394e-01
4.379000519098987798e-01 8.990236618339408903e-01
4.408202684619740852e-01 8.975953937677673133e-01
4.563899595809129406e-01 8.897798631086976107e-01
4.404608127295806530e-01 8.977718376344834272e-01
1.157942487885411098e-01 9.932732211972179481e-01
8.910478641850422959e-03 9.999603008971772455e-01
1.471474208341592982e-01 9.891145719995508845e-01
9.317498590079699161e-01 3.631008127760499415e-01
6.794142310585727929e-01 7.337549336359439067e-01
7.043840032761902181e-01 7.098191149360574270e-01
9.407149835722773412e-01 3.391980537718486399e-01
9.270296197738134847e-01 3.749881118942558489e-01
8.727770865838306857e-01 4.881189989482484504e-01
9.475865362097447564e-01 3.194992275327409037e-01
7.985606569780389075e-01 6.019143436792340207e-01
2.169899666123415848e-03 9.999976457649483175e-01
2.472508577021737819e-01 9.689515020709444926e-01
4.761264462163689037e-01 8.793768289040662101e-01
2.958286788882540375e-01 9.552410129109984993e-01
5.217595393568792428e-01 8.530925993642760607e-01
9.701308193792549384e-01 2.425823433198211476e-01
8.297480011886951834e-01 5.581382037841210453e-01
9.999629247373824636e-01 8.610990109166926157e-03
