6.767719497193568599e-03 1.045423004842408021e+00
6.383899445695763175e-01 4.697211936713119318e-01
5.275082522716817435e-01 1.447905573254967049e+00
7.635157838656356777e-01 1.870403520736886940e-02
9.546729559835543943e-01 7.570757049332701438e-01
1.079515759079553439e+00 6.040621414228749542e-01
1.018852118164549347e+00 9.053331884671530494e-01
5.492128172734702662e-01 1.680178473410278914e-02
4.610539018309273707e-01 1.829816059189571131e+00
3.263286364341474455e-01 1.722759212278687002e+00
1.145634772012590563e+00 4.500728260885853982e-01
2.978796706694213439e-02 4.851133526414190267e-01
2.603714590908290730e-02 1.700068554154210210e+00
1.789805042071354491e+00 1.286797391485576147e+00
9.817073116163711477e-01 6.153762396827128223e-01
1.156493297540401199e+00 1.237457291820468930e+00
1.613766215304284657e+00 5.870239502019214406e-01
2.880612032687730750e-02 7.784317005174076209e-01
8.908789302535830013e-01 8.129174272300171422e-01
1.420079292964226081e+00 5.921281810477609098e-02
1.064996013529899477e+00 2.189376742639927098e+00
1.468326535501368379e+00 3.390813131968814509e-02
6.837625206182582627e-01 9.807917853810068642e-01
1.474240207954807147e+00 3.410191291925127599e-01
1.299084223674255689e+00 2.483847476045999703e-01
1.777157519944082970e-02 2.220046900125953293e+00
1.178897445631114538e+00 6.102204724341070419e-01
9.733345414643944649e-01 1.957619460550607399e-02
1.623226344461571324e+00 3.092965403457853535e-01
7.408664173717900703e-02 7.002907687444822615e-01
1.304553949352785569e+00 1.034196408726369532e+00
2.206620611785360328e-02 4.255586359662035835e-03
2.442967358164549019e+00 6.164994503062393161e-01
9.399142733854700671e-01 1.268734832220165698e+00
2.201416060168341904e-01 1.667367127045824571e+00
8.852348039883778386e-01 6.448530491307868928e-01
8.127220741915395230e-01 1.342187267424341801e+00
1.596139023156799633e-02 1.350151699970343788e+00
3.785036943917080010e-01 2.410528587993443148e-02
2.468154189937411813e-01 3.697405865926658430e-01
7.751715150988844893e-01 1.392631350108025412e+00
2.975811946928202389e-01 6.573019225943707022e-01
7.463654067654307278e-01 4.839978113075826260e-01
1.580971086650340363e+00 1.510190708294700146e+00
2.353836067976484980e-01 1.310866724779612191e+00
8.052622908533325630e-01 9.757698568258810212e-01
6.853584860528970646e-01 9.695077853365787757e-01
1.041282538454953777e+00 1.677809507485614748e+00
1.092528644543017569e+00 5.858445530949564217e-01
8.080944391745155109e-01 1.343270741287882597e+00
8.995491292826646168e-02 1.905378334544663543e+00
2.116822875555959715e+00 1.050282233647929164e+00
4.672623624347388982e-01 1.657611987338869719e+00
6.942431096842249794e-01 1.880838910540295417e-03
8.226029405529555749e-01 7.503793754549106243e-01
3.549960944318680256e-01 1.182218900417727168e-02
5.136416287321670104e-01 1.501685629474049710e+00
3.226163278696951853e-01 4.353860432347389509e-01
1.502936953340647364e+00 1.345003181298694006e-01
1.272268138721711184e+00 2.637886400202464898e-01
1.633437671058292295e+00 3.275173028183363533e-01
1.289260108825490025e+00 8.715961444382992473e-01
1.117098466241807531e+00 8.773328076444222301e-01
1.444903068002610480e+00 4.018244514770092923e-01
1.088745281751225980e+00 2.599916810602517225e-01
1.002745688721966566e+00 9.606078898896427409e-01
1.406000766559978077e+00 6.485268434128432791e-01
9.478484904057529192e-01 1.594270370396333181e-01
8.174364114617612698e-01 1.201269254932121999e+00
5.323784722226321264e-01 6.883537255947399514e-01
3.451801131550267243e-01 1.185198061741046693e+00
1.102675607449067563e+00 1.059858657956370909e+00
1.615269966901694998e+00 3.981575561435836685e-01
8.453227308576389820e-01 1.775989107119439803e+00
1.545328299347652257e+00 1.693373600803482759e+00
1.541042770152147717e-02 1.284196217754264568e-02
6.973147288590560988e-01 1.179783162550093412e+00
1.608034189989192980e-02 7.275976101850996081e-01
6.852716638920428593e-01 1.880211283799121391e+00
7.478454602515550720e-01 3.196359819743592456e-02
7.205092854143548831e-01 1.704561515982454256e-02
