-9.120021306397673583e-03 -1.001741117641951305e-02 -1.175229593376999303e-02
7.023940698596522862e-03 -6.390465476424823932e-02 -7.488980081269284994e-02
-1.053204064686753469e-02 -2.327307426518025399e-02 -2.743568831417554296e-02
1.264021442322553999e-02 3.775538231760633412e-03 4.195724422141921747e-03
4.207770074053225791e-03 -6.890588128677130157e-04 -8.123430521849068792e-04
2.978168275412886382e-02 -6.880478804257446866e-03 -8.029075200946259733e-03
-2.375277699442801885e-02 4.975095965846811075e-03 5.739671556321318015e-03
3.823030590213036262e-02 -8.767432991083852489e-03 -1.028211629806363540e-02
2.609345276761407609e-02 -4.416304526713651230e-03 -5.223327277862362290e-03
-2.719172761009958084e-01 -2.422577091742843247e-01 -2.851480061344886519e-01
2.595861434347450022e-02 -1.563803566781983220e-02 -1.837924698402036358e-02
-2.097886473946274921e-01 5.523993086988845946e-02 6.496506178801500497e-02
-1.367565227646507994e-02 -2.857150990236336646e-02 -3.329451438180061618e-02
-6.030291644771818699e-02 1.888803338552508390e-03 2.312403205160527657e-03
-7.422155724231643999e-03 -5.000723733832022379e-03 -5.865233428488444457e-03
3.454250766650750204e-02 -8.716904571745976230e-03 -1.030891405519181181e-02
-2.297094833679414611e-02 1.259135371354090822e-02 1.489005963753736901e-02
2.538763977716921860e-01 -1.273916666166225453e-01 -1.496598674665472750e-01
-9.640543661840205586e-03 -1.073848154408037908e-02 -1.269864716400109089e-02
4.718494317417479822e-01 -1.620822574832594676e-01 -1.906779967565150058e-01
2.742153092910849799e-02 -1.452211650908155974e-02 -1.675774741549565516e-02
2.367950629730242867e-02 -1.336203501344321483e-02 -1.553572304801066097e-02
-8.958103812104140085e-02 -7.520212480322479784e-03 -8.774245872752967079e-03
5.116384525182854359e-01 -1.157062852907385919e-01 -1.362511031492787961e-01
-2.080580409485602821e-03 -1.820768950219586735e-02 -2.113390790132591013e-02
-8.725613355447141284e-02 1.274394853141743236e-02 1.506347396144805222e-02
2.107083486578820511e-02 -2.882053218697281510e-03 -3.388391739203683219e-03
-1.501618796410888383e-04 -1.517328551020451395e-02 -1.767791240787041501e-02
2.053602505127356901e-03 -3.812149737842184839e-03 -4.489790677594957154e-03
-2.693771843606235228e-02 -1.355042834038977517e-03 -1.577250266360219564e-03
6.681820750294993339e-01 -1.992726445644102951e-01 -2.348096539755143708e-01
2.301491302018361662e-02 -5.037796247436914475e-03 -5.943719675830265101e-03
1.337767893883431147e-01 -1.813391924335669772e-02 -2.143002537082890416e-02
2.978884046562249588e-01 -8.926324856132430985e-02 -1.055366003152813786e-01
1.334692830942761366e-01 -2.514122080635377079e-02 -2.945279274251012824e-02
-1.392750838455858176e-01 -7.837197608270350668e-02 -9.202576009960075631e-02
3.271273361468602509e-02 -1.362118024968791107e-02 -1.577792572806082164e-02
3.536974686084398134e-01 -4.778451928655885056e-02 -5.690677079064723060e-02
4.430336863157051386e-02 -1.293430201069958527e-02 -1.505417902015885288e-02
-1.037324093470750642e-02 -2.195962553420241579e-03 -2.585601681151644942e-03
4.826589056327316718e-01 -1.735396213880706084e-01 -2.045449530763521762e-01
-1.543980288333659558e-02 -1.885412178077426268e-02 -2.202218023717675624e-02
3.527754788493442373e-02 -3.687262931391977611e-02 -4.339862403397871243e-02
2.582722591361429065e-02 -1.920166330601943971e-02 -2.235619394946831637e-02
-5.058619821593053623e-02 -3.127268523377369543e-03 -3.605899064483562670e-03
1.254718683044619455e-02 -6.650446762438385825e-03 -7.806031088632993040e-03
1.201954014226001843e-01 -2.105532970860732322e-02 -2.470727942568512470e-02
-2.578960895275413112e-02 2.892445437767596043e-03 3.315946105536599162e-03
5.911661881892900094e-01 -2.940185109177338996e-01 -3.462309212915581913e-01
-6.959781457692393487e-03 -2.009775013257548374e-03 -2.362719951442959244e-03
4.347733103315714470e-02 -3.004260067645675870e-03 -3.144347286542649878e-03
1.289485237187235345e-01 -1.475919494380474074e-02 -1.746866558433798899e-02
2.191090098281578327e-03 -2.645450361666783212e-02 -3.072417947205852498e-02
5.385670307372294324e-02 -3.118690010327018064e-02 -3.647930328556322349e-02
5.011423454970193037e-01 -2.134867959410010896e-01 -2.513298352853292617e-01
3.017353911883544765e-03 -3.039332846577257573e-03 -3.584476250444059656e-03
-2.397926323207084584e-02 -1.244492403455911729e-03 -1.256900327148682090e-03
-1.853996629253325812e-01 -1.886744730096992506e-01 -2.219086544444786868e-01
2.196197648165260433e-02 -1.084708899186075451e-02 -1.271297341155014186e-02
1.140193625701856756e-02 -5.095892197465428861e-03 -5.966670634569913416e-03
6.082730409213931155e-01 -1.808464026578686934e-01 -2.128371021924349848e-01
1.176775530468965880e-01 -3.214541765119276889e-02 -3.752985916739188382e-02
1.836608629528420356e-02 -1.476340000636398170e-02 -1.717798909352154235e-02
6.142204162387107300e-03 4.797046840208604745e-04 5.690840077110612561e-04
7.208944849167592261e-01 -2.928545497613370130e-01 -3.450879414458992156e-01
5.985123372950023057e-01 -1.477140841124999493e-01 -1.742387871530897692e-01
5.371010997661606057e-01 -1.889997475286765150e-01 -2.227070078042016066e-01
-1.096278073569026262e-01 -1.078546076739586579e-01 -1.269208299773727511e-01
-8.314001488773534176e-02 -4.075839388223811283e-02 -4.767586073259204305e-02
8.566405482288973194e-02 -2.103620343347532839e-02 -2.446393536778135314e-02
5.022595572250721993e-03 -2.056273517742129853e-02 -2.393769796858930682e-02
-4.088252858349912533e-03 -3.860599777905194754e-05 -1.076694675067781923e-04
-3.431699869029146144e-01 -2.116697627533545290e-01 -2.490185428363526077e-01
4.437114820882573536e-03 -1.619863376303057670e-02 -1.894858002758036813e-02
1.130473232829692087e-01 1.344225392181333002e-02 1.563785505249683586e-02
1.408596672147482444e-02 -1.073111491202590612e-02 -1.258915311055072705e-02
1.833375789428125929e-02 -1.265665725066339453e-02 -1.484247374756650535e-02
3.522406407064799377e-02 -6.537297490928584316e-03 -7.688595984128347716e-03
1.420838225075852362e-02 -1.779779246227969434e-03 -2.116676765794125222e-03
2.766186141824330535e-01 -1.220673788767403095e-01 -1.435027667873462198e-01
1.566548486533114043e-02 -7.175817519735190608e-02 -8.457119233872296971e-02
1.349725828812410877e-01 -1.510938873770751277e-02 -1.783732168156756254e-02
2.591720341599865751e-01 -1.419614320053913525e-01 -1.667758481358993794e-01
-3.392416119116893336e-01 1.687679287153330543e-02 2.043364306654161383e-02
-6.798521178153400096e-03 3.727560129462457236e-03 4.297172193098851289e-03
-1.703993128443732907e-02 -7.684307586886870295e-03 -8.910100469591022976e-03
2.983980699866241593e-01 -1.545318797196333360e-01 -1.813244929217151802e-01
-1.668004437667574835e-01 -1.784420549829844882e-01 -2.099753083740618920e-01
4.370931597458611872e-02 -1.568217353104883402e-02 -1.836141476846137391e-02
2.956718225669179856e-01 -1.335577991310371027e-01 -1.570007957659027564e-01
4.468030401027092008e-02 -4.698099938524252957e-03 -5.545852383324286795e-03
2.889945204449931304e-02 -5.753539782919705851e-03 -6.762408734992399542e-03
-1.857014446522219954e-03 -1.727561993741337509e-02 -2.013441696245494433e-02
-2.875558604854636796e-02 -2.720559419663812813e-03 -3.169695648800634896e-03
-9.434652201318065312e-02 1.872850221802465492e-02 2.191144192009741518e-02
2.953099699585989835e-01 -2.471392020326542982e-01 -2.911367993153077816e-01
6.986624438668707568e-03 -6.046632248230173964e-03 -7.228157949499445026e-03
4.195872564109798253e-01 -2.928553515776163296e-01 -3.448529610355128283e-01
-3.152929617195542322e-01 3.439437183449562882e-03 4.969327078235026909e-03
-1.003949477653397378e-02 -1.403885342888148979e-02 -1.636255613288227148e-02
1.997141968896003206e-02 -1.415059756828215311e-02 -1.662095733790442537e-02
1.684290861290979047e-01 -4.489749184886025757e-02 -5.292983650946411767e-02
6.214441737445975944e-01 -2.752244646973347475e-01 -3.238788455536487643e-01
-1.789537999842185159e-02 -3.332099888600296034e-03 -3.894101709733764453e-03
2.668490978706619318e-02 -1.693687918004380122e-02 -1.993173136746281479e-02
2.033582320878586647e-02 -2.397360241401665093e-02 -2.802564567314306740e-02
3.190917929316263724e-01 -4.498493579593522418e-02 -5.321466936281030180e-02
3.110485546592560088e-02 -2.334235692424202133e-02 -2.734439400987744365e-02
2.325888123826917037e-02 -2.421083101480251895e-02 -2.827757142378684724e-02
1.236459155040271624e-01 -2.535366437409244944e-01 -2.985370287462270067e-01
1.426015220522103277e-01 -8.480640776590872565e-02 -9.946016888086299523e-02
5.746152859262478735e-02 6.057079132801500634e-03 6.914103624342902467e-03
4.197950789822967044e-02 -4.642584446951483756e-02 -5.480182789371031149e-02
4.287395583704332602e-01 -1.213262323879880228e-01 -1.431922799013803094e-01
4.979912213277999378e-01 -1.108204018612851810e-01 -1.306227466360874445e-01
2.009452530072480814e-02 -1.532100547429625717e-02 -1.786594195199778939e-02
-1.383649958141157594e-03 -1.213879882177877362e-03 -1.435049510489362027e-03
1.765665075472263035e-01 -5.443417286657552950e-02 -6.375809001225309081e-02
3.377846668636628330e-02 7.691708657743753785e-03 8.863947267161590218e-03
1.424683145177549869e-02 -1.522946281973470246e-03 -1.804635967837282503e-03
-1.485619888387098436e-02 -1.095388842010246340e-02 -1.265048358024678868e-02
-1.100916630848496058e-01 -1.580290625980963065e-02 -1.857655921249466713e-02
2.985835634171007391e-01 -2.856454417705467930e-01 -3.365679867691660498e-01
1.535981874499396660e-01 -1.900857995546833545e-01 -2.238995900428101260e-01
2.215929864957104801e-03 -2.102057885404516949e-02 -2.452897034145830324e-02
-8.217850021220779108e-03 -1.001841635563091581e-02 -1.177475515577653363e-02
-3.200247869812207491e-02 -2.445022717095622980e-02 -2.847927855186907151e-02
4.602508802532068177e-01 -1.915530350934283865e-01 -2.254240841860352118e-01
1.150023927632807565e-02 6.088319436542601569e-03 6.986138253379453079e-03
-3.840033616286754325e-01 -3.827497381880028832e-02 -4.449573479652485508e-02
-3.920315713528201851e-01 -1.126502327756155192e-01 -1.323808240588295326e-01
-1.983876716893319316e-03 -3.201598921828342076e-02 -3.729867719403684445e-02
1.175417452397031215e-01 -3.582785484032945111e-02 -4.194928688881225526e-02
7.288557658767061062e-03 -6.290026557571714704e-04 -6.340819026913791000e-04
5.501800158579526201e-01 -2.610694985284475744e-01 -3.075211592832792218e-01
1.992991858140116639e-03 1.475189092780097855e-03 1.746004843645456448e-03
6.048079853527402877e-02 -1.374535974639488727e-02 -1.611660715143733644e-02
6.101546275000155894e-01 -2.081709279890023023e-01 -2.451586701677981039e-01
-2.000878398730905963e-02 -9.473017571086471758e-03 -1.111492315941847199e-02
8.204604448179562970e-02 -2.943637904670738659e-02 -3.425256686171428838e-02
-3.503217901073629736e-01 -8.186478547273949580e-02 -9.564842266645569302e-02
4.829232563685720986e-02 -2.245016013919071129e-02 -2.624110560941508505e-02
1.455260529682206594e-01 -2.913202247587114505e-02 -3.414977919283126301e-02
-1.009156454290484478e-01 -2.010104596464497573e-01 -2.362387915064439459e-01
7.440171257205085769e-04 -5.997573961430854167e-03 -7.059297362823009452e-03
3.969035941898312048e-02 3.742491564724813053e-03 4.265556926273381122e-03
5.327746355491266295e-01 -1.426271848889942018e-01 -1.680269466513806542e-01
-3.256514168466470571e-02 -6.934130054116371261e-03 -8.112146495658565173e-03
-2.270495856365949416e-01 -1.407948726504303916e-01 -1.653152524001094970e-01
8.178812416495059509e-03 -1.832769005010737029e-02 -2.135607736383654184e-02
3.943306514245775718e-01 -1.225870132968324838e-01 -1.442817034502956175e-01
-7.161274083209628882e-02 -1.538552298654783934e-01 -1.816245624046081419e-01
1.587233021481077293e-03 1.148699871933465955e-02 1.340171580025806448e-02
4.383773494200089438e-01 -1.615658209216651320e-01 -1.902258387567063724e-01
1.782601483926637975e-02 -2.502002553677266233e-02 -2.900973374562007545e-02
1.300613765162781654e-01 -3.899220959743462944e-02 -4.620351875732280067e-02
2.151869421534860147e-02 -1.840703208168381275e-02 -2.149660222132579457e-02
-2.871855088504008946e-01 -8.129478549954850808e-02 -9.537758153293544872e-02
