3.358492156510526905e-01
7.913615658822948928e-01
9.126421296846187747e-02
1.218990155568671963e+00
9.360703730211896723e-01
2.437591896584050843e+00
-1.218899163968768740e+00
1.196788594660035621e+00
2.041482534352095701e+00
9.306541617735315797e-03
3.153735060398851875e+00
-7.283647368140396816e-01
2.961001985353047261e-01
-2.550815661527562894e-01
5.985765610346451826e-01
1.896869334680773900e+00
-9.245499129132801752e-02
4.402973135019642825e+00
1.353938161452425681e-01
3.328096329590362057e+00
2.452703215624221667e+00
1.174633303420133723e+00
-1.066959455484075781e+00
5.300945175199837323e+00
1.490229551031397648e+00
-2.921995425955603021e-01
1.882708782501788747e+00
8.217621753778752147e-01
1.756547401583175683e+00
-1.582567034049549015e+00
5.004531111208659233e+00
2.198903382280444685e+00
3.324845808752875165e+00
1.139702976283947011e+00
3.535492656282948509e+00
-1.181486160742083735e-01
2.257427273272272217e+00
1.281708092067786131e+00
2.837379907183000149e+00
-3.948230482091490967e-01
3.243959684055792270e+00
3.909953363377819957e-01
9.661383987059563028e-02
2.047069216570658767e+00
-1.617353956285186189e+00
3.980517145501174525e-01
1.463914016678610652e+00
-5.996535869624847193e-01
5.770755826256743326e+00
-6.038653648089226111e-01
2.862299324686905927e-02
1.875660217793575779e-01
1.044576763145533604e+00
3.168210936486063112e+00
4.217974099947786826e+00
1.324707653665158524e+00
-1.098049474632024625e+00
6.952148847581583052e-03
2.378754506591596929e+00
1.070147894026988844e+00
3.930334210619469637e+00
3.634429534515863924e+00
1.961700026369097793e+00
7.415521762891421620e-01
5.927240190907167694e+00
3.920992840608291452e+00
4.602864901283047594e+00
1.147960344828491130e-01
-4.411886692388750780e-02
2.125779166410284748e+00
2.203756639069984313e+00
8.094382091080493113e-02
-1.590594882653798003e-01
9.502475248169615085e-01
6.310645844105314817e-01
2.217093347843645201e+00
1.189763988162700237e+00
2.737594817698943750e+00
1.348737806100140713e+00
3.325853156904262420e+00
9.700462555798597397e-02
4.706756941430537688e-01
1.233743274465497919e+00
-1.299995943927330977e+00
-4.702821660417706995e-01
-3.712293263814825384e-01
4.014420261335603257e+00
3.467613929368146275e-01
2.684269632306102604e+00
4.748381597888954531e+00
2.474432077396151008e+00
2.144628253771621029e+00
1.643554308920215590e+00
-1.560210154227692048e+00
-3.270148426700700384e+00
2.741346132232595600e+00
1.309670693708975930e+00
3.684527019145078075e+00
-1.173365715920241525e+00
-2.310142034163635213e-02
1.960733368223634310e+00
5.686711413044076568e-01
5.464355133698449940e+00
-2.692467608402036028e-01
1.170641323286849556e-01
2.088942483549986573e+00
2.178822549680021758e+00
1.710595473351149920e+00
2.670797058151540782e+00
1.491290522047703071e+00
3.847088422170657385e+00
3.094357416324852728e-01
1.610883718568466294e-01
4.855292003311468818e+00
2.867083370692477207e+00
1.942772086373694806e+00
-5.603062046234615901e-01
2.677369326421094264e+00
1.916411011398704733e+00
1.553848836672554024e+00
1.330727797733713968e-01
-1.200505109820866334e+00
3.129886929243800964e+00
1.722057414709947665e+00
2.289974683739556927e+00
2.563731159927651326e-01
6.911764730168204474e-02
5.395598952335261878e+00
3.161810552466103319e-01
-1.219309468014725395e+00
-7.011753003841973975e-01
1.239378880763572166e+00
2.962641823593870072e+00
1.867441907775449494e-01
5.653515880351334566e+00
-6.039084052371406219e-01
2.949502516590931211e+00
5.169589785607687560e+00
-3.112978122381805657e-02
3.277997938227554364e+00
-8.616256967761638519e-01
2.730497079073394229e+00
2.568303596748272799e+00
2.767477801891336520e-01
2.078939442633356727e+00
1.201496472613830635e+00
3.577017336828880456e+00
-4.937894739966867674e-01
-1.449567965591632701e-01
1.790623448871450529e+00
2.307821811835527370e+00
2.474304243233228784e-01
-5.981684141933377719e-01
4.606585869069800943e+00
2.207854546121901240e+00
4.786084798699683507e-01
2.799207134490679039e+00
-6.679113291574926281e-01
