2.766646173129174269e+00
-1.249376816296337983e-01
2.021818056175700651e+00
-2.767834327177169929e-01
1.959460368158450483e-01
3.392217725446338705e-01
-2.999882811854383546e-01
3.393965245869821068e-01
7.873464382425657826e-01
2.604217022955659377e+00
1.038867024095466052e+00
2.370508237215477543e+00
9.584861264637176692e-01
9.184312673464758436e-01
3.549313462543003617e+00
-4.755522004970740846e-01
2.314515585677552778e+00
5.674668295053153955e+00
-5.336938765345711211e-01
-2.865650013728993084e-01
-3.899885164988754926e+00
2.050041932862181060e+00
-2.087670708286100130e-01
3.132892343855453454e+00
1.154943537399632930e-01
3.205944336709959597e+00
4.423011784831514803e-01
2.348995946410606717e+00
3.881902645046531042e+00
1.334493744933843651e+00
5.083520860689700882e+00
1.430896691047339297e+00
4.847132575104825314e+00
-1.701013689757299607e+00
3.577642798438426114e-02
1.525000149603802813e+00
1.377254812528388994e+00
7.685950663822012086e-01
-1.726575984873920597e-02
5.005949521460260065e+00
1.235957228337134950e+00
1.300169153776355335e+00
-4.524035741029604485e-01
2.452673044489309451e+00
2.600018490556192940e-01
2.266632184037692177e+00
2.463024716946254689e+00
-5.738645161809106110e-01
2.732083103504288554e-02
1.944814122917331467e+00
5.272452381905890384e+00
6.045144017716341800e-01
-7.572058132761897431e-01
5.272051570567731105e+00
4.815901651257173954e-01
-9.694491896184095348e-01
1.381187098687304493e+00
-9.938340483892659227e-01
2.624233021588977532e-01
2.164486824901844297e+00
-7.734892898939488282e-01
5.574461879095318650e+00
-2.517701544144289816e+00
9.987706888649161563e-01
8.793278648457285573e-01
5.097810615995249428e+00
5.512880699415921626e+00
5.366004373017033702e-01
-3.549356235389621306e-01
3.126695413145139657e+00
6.134883427118585919e-01
2.619083787079537817e+00
3.740469046077483206e+00
-7.390199565288194661e-01
7.983301228768494573e-01
-2.167833895345780970e-01
7.696442545120733003e-01
1.509411490064166861e+00
3.736064753051670628e+00
-6.526232949856826115e-01
1.765384229809715322e+00
1.686681381982354289e+00
1.155271125567160162e+00
4.617102617115638630e+00
5.490846939212100430e+00
-4.943179636743261440e+00
-7.863172168271971296e-01
2.494479177324175900e+00
2.619940314423556238e+00
2.158929435134903763e+00
-3.570264600248480580e-01
-1.635425835389175075e+00
-2.620589467466802325e-01
-1.751495311695380863e+00
-1.524808240670271209e+00
-5.394197885630765965e-01
1.379805659475553448e+00
-3.890978650658065696e-01
3.126422551578065256e+00
-4.841814624030370773e+00
1.028804950798183349e+00
2.144028034651359604e-01
-6.006854310005992348e-01
-4.115026542876288329e-01
2.013987885376485654e+00
1.208407742184518741e+00
2.434300256369003268e+00
2.688682748588375748e+00
2.253001864077288197e+00
9.576777441546369118e-02
-5.396518396810650042e-01
3.482490459272232108e+00
5.357020340795196622e-01
2.309777363905869851e+00
2.353415509200251776e+00
1.542075429870982950e-01
-5.342283857957883658e-02
1.099752550958865926e+00
3.110273601370378671e+00
1.606330718760408560e+00
2.326461827575398433e-01
1.945213756113208570e+00
1.748099347413595295e-02
-4.560867322237407429e-01
-1.323391177924777118e+00
2.173004096127198359e+00
4.098827185110402449e-01
3.641754111377598857e+00
-2.520811421480939174e+00
2.087122628679350389e-01
3.732201183197030869e-01
3.779190826747685694e+00
1.671012626714611038e+00
-5.693547228051660802e-01
-2.317328676284527766e+00
1.243066645092000266e+00
-1.754064862227215915e+00
1.257707522376237286e+00
-3.444096186004412252e-01
-4.064325012601874398e+00
6.874334548415429458e-01
-4.623085961392390253e+00
9.245451102600645010e-02
6.242042164377330504e-01
6.757844310997291881e-01
3.550804324218294727e+00
2.122170571606183387e+00
-2.092458540500267361e+00
-1.167018888689226985e+00
2.180261582435396139e+00
4.733501871141163164e+00
3.145145588762891631e+00
-1.116070190077041779e+00
1.741123471866679928e+00
1.648881176407364091e+00
-1.475196038828821305e-04
1.974318770067184703e+00
9.508825800341775825e-01
5.011579319296999735e+00
3.127074150955047926e+00
2.674557680706915352e+00
1.435104888842457793e+00
-2.949465966812972462e-01
-1.183283196176598273e-01
-6.080021120216604347e-01
5.552324454465106252e-01
-6.692742138431387877e-01
9.282479284185636281e-01
-1.571228784825477121e+00
4.316285828704048200e+00
4.411549254047807622e+00
1.706269729407635660e+00
4.216613794774423774e+00
2.809443065597153844e+00
-3.398291242160452197e-01
-7.043030730820963869e-01
-1.562832542019385818e+00
