1.375697609231213869e+00
2.133610423034906223e+00
2.150455922669478159e+00
1.359871876373057287e+00
3.316761168324374953e+00
3.269254182951088161e+00
1.740178425938997187e+00
1.901485573425716558e+00
1.724376153380176024e+00
3.779643846848067756e+00
2.473633572131132663e+00
2.472300086954545950e+00
1.563866501481646409e+00
1.627443496346758778e+00
1.930866105017953860e+00
3.196487107959358198e+00
2.202844504241586066e+00
2.067570854253999890e+00
2.873754134035590546e+00
3.499845508550059492e+00
2.503011165913663127e+00
1.409967012928622587e+00
1.991427752572354715e+00
1.016929650887344883e+00
1.718917703928741769e+00
2.180952144890386801e+00
2.259015203022375573e+00
1.701736670663553719e+00
2.471852424558910410e+00
1.687335390667751511e+00
2.823283971132513059e+00
2.324565064100678313e+00
3.826611890943963701e+00
2.738044944213872789e+00
2.434879885721512149e+00
2.901304583816568972e+00
2.587050568551559238e+00
3.685376701332465643e+00
8.649306891811979758e-01
2.198061007906753073e+00
2.249177010492507289e+00
2.089740255003207370e+00
2.352064706225145851e+00
1.152422157861050067e+00
1.294347899426721682e+00
2.218962157561351844e+00
1.337428198147419423e+00
1.603267004970214904e+00
3.282756488010286411e+00
2.444302803397295776e+00
1.223307451549294989e+00
1.797195861959697938e+00
2.888130545276532235e+00
2.311423738909888836e+00
2.383154705515612815e+00
2.009254961061123446e+00
2.727643099165526941e+00
1.400391546027459411e+00
1.338800435118743248e+00
3.041899049954445822e+00
1.557340488723231831e+00
2.684494737602356018e+00
3.301333903384534807e+00
1.430093640454753068e+00
1.621343674436247717e+00
2.797205744747188305e+00
2.427598979672620061e+00
2.707155576856524970e+00
1.640805080405836724e+00
1.635538177231741885e+00
1.913671626695529149e+00
2.955708143251884135e+00
3.516462682896784209e+00
3.181045281380230794e+00
1.610229134057593159e+00
3.231288575498066695e+00
2.389063238230285435e+00
9.933551332085902574e-01
3.100796669103089709e+00
2.195648033044250713e+00
2.422551269157148468e+00
