4.361347901876408417e-01
-1.046497513121932066e+00
6.010256819317169041e-01
-9.686424890751470507e-01
1.523391518717040483e-01
-5.412464398482790262e-01
3.630477836740613751e-01
4.127251680760457009e-01
-2.197946871858985629e-01
2.817597730364346797e-01
-3.209107394790359225e-01
-3.394278519751103285e-01
-1.102153586250636641e+00
5.072014316737116779e-01
9.325476234969809486e-01
3.348295925283354957e-01
-1.029019229956591591e-01
-4.846129189808873888e-02
2.331566081252318956e-02
3.681913160882923086e-01
-4.008341118662393093e-02
6.769323223909636811e-01
-1.000804794236631379e+00
1.864310271800584673e-01
-4.048380683988901385e-01
-3.985649256571393018e-01
-3.612191408425733941e-01
4.007954907756905438e-01
-8.004819312449068525e-02
7.389188672403640412e-02
-1.917397079986983832e-01
-2.844937298930940162e-01
7.241971848260556066e-02
1.984016183993510263e-01
4.012191104735960967e-01
1.248979050209516189e-01
1.491541680773967649e+00
1.136467771764536894e-01
-7.434825174791893643e-01
-2.056270109675158719e-01
-1.488089167968820625e+00
-2.398581755348012934e-01
9.663487852287823143e-01
-5.611345244119183562e-01
8.089701721362652087e-01
-1.565336192978570518e+00
2.082193031902583591e-01
9.406699978534556472e-02
1.777323635010473468e-01
4.731943878266476333e-01
-4.711412627164883737e-01
3.632001701482281408e-01
-8.359251112861032507e-01
1.868632092756761509e-01
-8.908909955509641820e-02
5.912730929113871881e-01
-1.849691488593724620e-01
-8.876127631088540082e-02
-4.825593087223753463e-01
-5.527054977352936493e-01
6.704446529259276977e-01
8.811601216887209320e-01
-9.025262973513453746e-01
2.790959175144656634e-01
1.172401080248675731e+00
-7.552482457989313502e-01
-2.363909973299662404e-01
-3.551375516970569080e-01
-5.708906293022375511e-01
-6.821324907178092367e-01
9.694719572274508312e-01
7.612961795398527354e-01
-5.563693963451860763e-02
5.045495996609515865e-01
1.277624939792027792e-01
2.360108040225991355e-01
2.876076788316033195e-01
5.516545725148861434e-01
-5.232400585177420238e-01
-1.922884637369164096e-02
-3.187224712327959564e-01
