5.651456091405484243e-05 7.604828004348858084e-01
6.986426886386486786e-05 7.680916392429165684e-01
2.040650684756677505e-02 1.302167088252093258e-03
-0.000000000000000000e+00 3.642884017568346899e-01
-0.000000000000000000e+00 8.389625183858627766e-01
-0.000000000000000000e+00 1.023630005548871846e+00
1.397300809244206667e-04 1.034366069661004639e-01
-0.000000000000000000e+00 1.233507173935422419e+00
1.850077545443735622e-05 3.438279988237685769e-01
2.333245503404370730e-02 -0.000000000000000000e+00
1.867824458283437114e-02 -0.000000000000000000e+00
-0.000000000000000000e+00 6.134108716095701963e-01
-0.000000000000000000e+00 7.363377668385310271e-01
2.268646528914460816e-04 1.376263885633414834e-02
1.097856005713794862e-04 1.948876509559141212e-01
3.056874116024564528e-04 4.582464474736560461e-02
2.319204987112152979e-04 6.377329784540327826e-03
4.879193552493310527e-04 3.541677231843750606e-01
3.961667519931592722e-05 8.315763417020441972e-01
2.172614949406367121e-03 1.439094184294374169e-02
-0.000000000000000000e+00 5.836723937987845501e-01
5.260534809193317691e-04 1.621690522162163306e-01
-0.000000000000000000e+00 1.092470979379009499e+00
6.828881888300763862e-03 1.062108096482202628e-03
7.571561420936207855e-03 9.227877182433800269e-04
4.253484300411533841e-04 2.188290087911491308e-03
4.057696061564753797e-04 5.489264607711927431e-03
-0.000000000000000000e+00 9.235724645518104126e-01
1.900792420781148226e-02 5.890788683364752906e-03
1.115990690736431631e-02 4.304528385619391627e-03
5.150584692416544785e-06 2.966845189965649499e-01
1.750390731289235696e-02 -0.000000000000000000e+00
-0.000000000000000000e+00 7.348606833918623904e-01
4.954752253136932190e-03 6.690365875583625553e-04
5.011378910119296259e-03 8.012999122551081946e-03
1.645344719708450795e-02 -0.000000000000000000e+00
-0.000000000000000000e+00 2.145178181565238762e-01
7.878761046834839576e-03 9.576900477913706175e-03
2.794008991428225492e-04 1.720122879027732588e-01
4.356377331596332676e-03 -0.000000000000000000e+00
2.366042635960577823e-04 3.199441079948601718e-01
4.415759773975870695e-06 2.673789830253152089e-01
1.460621070824684334e-04 1.269506318144269508e-01
1.338808930002428378e-02 -0.000000000000000000e+00
6.688014680179622850e-04 1.248161240864230220e-01
7.208369464163696255e-03 2.898366406608152840e-03
-0.000000000000000000e+00 8.780840051345956132e-01
9.224698004914039587e-03 -0.000000000000000000e+00
2.209465643445614538e-02 7.460110832783007967e-04
2.965440141175393167e-04 4.745340818316185448e-03
-0.000000000000000000e+00 4.367966577277375417e-02
1.458540650862055234e-02 4.193450407977100496e-03
1.166048110261854159e-03 6.285077031557527449e-02
2.095840993615108450e-02 2.821349587351471618e-03
8.914290751049842171e-03 1.341359984837881859e-02
2.207812746365148474e-02 6.457722116303263240e-05
-0.000000000000000000e+00 8.299767223361159685e-01
1.999012688162643200e-02 2.491731465052032541e-04
-0.000000000000000000e+00 1.172339765913634091e+00
-0.000000000000000000e+00 2.643490932726058062e-01
1.753093649307322646e-04 1.669641472156035760e-03
1.975231294427376438e-02 -0.000000000000000000e+00
2.412782233814350294e-02 -0.000000000000000000e+00
1.626813131265678752e-02 -0.000000000000000000e+00
1.690937120386079573e-02 -0.000000000000000000e+00
1.975802027755653098e-02 1.360052684031000348e-04
