1.246728397362195651e-01 7.917708877406351986e-01
-0.000000000000000000e+00 1.846194278367499775e-01
1.664964987420189280e+00 2.568068507891676511e+00
1.486900466595765025e+00 1.947213197282112729e+00
5.391756497184826014e-04 1.163294438055749724e+00
9.247254110359681700e-01 1.767126830773463109e+00
1.413058505026987710e+00 1.549291165869819409e+00
4.329887579468080006e+00 2.067603476703972376e+00
1.337456765792798707e+00 2.124002802679175961e+00
2.982397991515108870e+00 1.252832201653221178e+00
1.051015600706039881e-02 1.663521164435634914e+00
9.732990597751342010e-01 9.494849963590838993e-01
2.125345167133742663e+00 3.168142696678092562e+00
1.832244907973914927e+00 9.465882834987139338e-01
-0.000000000000000000e+00 1.814176989228443393e+00
3.919418081014612310e-01 5.655629607886615284e-01
1.433657176875541847e-03 9.832190998552300387e-01
7.039758654199653742e-01 1.389805217688961037e+00
5.711818371270877687e-02 1.369712000478896796e-01
5.583850162660317640e-01 1.270194184687423178e-01
1.541131539802566841e-01 1.569066581156166847e-03
1.549817881180385465e-02 1.899074432362339193e+00
1.105675855599808299e+00 1.094423028605845172e+00
1.041857975732415342e+00 -0.000000000000000000e+00
6.339020468647454942e-01 3.808402099177191635e-01
1.175827644401844729e+00 -0.000000000000000000e+00
-0.000000000000000000e+00 3.949262721254839098e-02
1.130128317896341716e+00 2.031122970380764059e+00
2.242912418971435340e+00 4.187666003276063059e-02
7.666761608439733866e-01 1.247469203231368562e+00
2.406058117335357238e+00 1.611057729110017656e+00
2.274483230514414700e+00 2.331904577989898919e-01
1.278541760898707746e+00 7.125474645237279692e-01
4.582252779889043892e-01 4.282680904302887427e-03
3.538108028873227506e-01 2.976030569906639722e-01
1.807825757983584081e-01 2.002609747150311481e+00
1.138459450919078186e+00 2.128659846179774107e+00
5.648090437059585245e-01 1.351584268596891736e+00
2.046655834916145000e+00 2.389937043894481583e+00
6.695333914284966603e-01 5.589721928863777833e-01
1.062815068521510753e+00 3.763529037415502265e-01
1.570301348276742504e+00 1.664734245867781182e+00
5.830096314301103089e-01 1.083470767669301393e+00
4.176036122245076476e-01 2.603747587946662716e-03
9.856012006255935320e-01 1.523226774909288483e+00
7.103679044407414933e-01 1.131587963967735977e+00
1.592141066367761372e-03 7.661235433417097340e-01
9.176601516669673497e-01 3.108007113918239139e-01
1.657681632451775577e+00 6.165540226074190944e-01
-0.000000000000000000e+00 9.037736358069732301e-01
5.614883855948662461e-01 8.980621097786487721e-04
1.360387002018640823e+00 6.584751375558559605e-01
1.973242668052501703e+00 1.176126872247538424e+00
7.791033467258329237e-01 1.755096406590654246e+00
1.524421377694149093e+00 1.223417952625964755e+00
2.771456111794743937e-01 2.020071652201699930e+00
1.189100045503526104e+00 1.260772941968011596e+00
1.309505229933322745e+00 8.186336823406532570e-01
1.857451535127054411e-03 1.168462528629832242e+00
-0.000000000000000000e+00 8.484195182697661375e-01
1.842729564628499350e+00 7.591607989425088743e-01
1.610431540929529559e+00 -0.000000000000000000e+00
1.400701935055707415e-03 1.636993138426326766e+00
-0.000000000000000000e+00 2.289482713001707997e-02
1.782867633152309006e+00 1.621438173225269841e+00
5.993770114869301224e-01 3.224964085160023641e-01
3.822533533169838904e+00 2.866691034891894141e+00
1.070440346312814706e+00 1.125942798492254537e+00
2.074667334020997345e+00 7.050699233356773066e-01
2.052857924813554114e+00 7.975755884888690028e-01
8.684477953632228076e-01 2.837731557967546614e-01
4.776632873048546890e-01 1.261873744737450176e+00
1.243640043742133772e+00 9.542235096252451587e-01
1.417145106344164684e+00 4.359134798530407973e-01
9.261798587014072456e-04 -0.000000000000000000e+00
1.698433264401941312e+00 -0.000000000000000000e+00
1.817011732687071834e+00 4.726833994057291211e-01
1.714526219943293406e-01 2.675324914800830012e+00
3.824908488280968737e-03 -0.000000000000000000e+00
6.390892360830550123e-01 7.319113114969435507e-01
