8.645162911755549517e-01
1.530241052040335781e+00
1.257014272777140729e+00
5.181734550376840831e-01
7.388450863889950426e-03
1.426169142187511563e+00
8.544711956012628340e-01
7.402487664530611466e-01
2.876736440302150033e-01
3.265888138296015875e-01
9.065595556793171195e-01
9.995595432680519643e-01
2.263025502020995727e+00
4.536513926707109179e-01
2.188725208122511923e+00
3.085257718847734143e+00
2.025168030727338975e-01
6.798530523253653035e-01
4.653450636445018995e-01
9.200174799133695736e-01
7.282073456329294370e-01
-3.357206694027914384e-01
1.953996494346565971e-02
1.716865595446787296e+00
1.375848350817314270e+00
2.376422074783509863e+00
6.866380235105761232e-01
1.753979213267023995e-01
1.463848935723417233e+00
1.128779455912231056e+00
1.081763383768272968e+00
2.879951477448635000e+00
9.040356403286453624e-01
7.281001341046593467e-01
2.070426685645381681e+00
6.271843649091488615e-01
9.992220865061014479e-01
5.646730078062707214e-01
1.337856484096581422e+00
8.534923882779326121e-01
2.491786703152852667e+00
1.082919537019381373e+00
8.291505084060529773e-01
2.017811167914252302e+00
1.792983722997197882e+00
3.477230979420198764e+00
1.245204037323062840e+00
1.542797606071350192e+00
3.160464739705232673e-01
2.146626184028805451e+00
1.595646725024054025e+00
1.971329298911681738e+00
4.320027350376016706e-01
1.181463023068885843e+00
-1.971099257605939681e-01
3.171458701914068534e+00
1.610870100051440934e+00
9.820293947544367352e-01
1.549855396628263104e+00
1.061521260563694502e-01
-5.449129767667755531e-02
1.464763236710288741e+00
8.355390279624251848e-01
-2.287429346433192401e-01
3.356786834927942831e+00
2.679788335480129291e+00
7.065453460070640901e-01
7.356914037132539219e-01
5.729729291625431653e-01
9.452662661589669169e-01
2.858485256044306366e-01
3.761066406992902289e-01
1.309844778860717485e+00
-5.136607210095098797e-01
2.640618647249695083e+00
1.488173455929378219e+00
3.074084144372962069e+00
1.079516137545665444e+00
1.910199001283848341e+00
2.227549146206156738e+00
-2.054644577742745781e+00
1.408122928810413566e+00
1.318459545544246048e-01
1.241437807492037582e+00
1.492125452275149700e+00
3.453095897494274702e+00
8.791204860959989098e-02
1.223025009942563246e+00
1.424315185165018482e-01
2.282895465373135924e-02
1.014598118358832179e+00
1.637669444173259103e+00
1.241881447794767057e-01
-7.967576764180451798e-01
3.132659287638145162e+00
3.210884799322248906e+00
6.024713332121246490e-01
2.984996233888138617e-01
6.865116872928839209e-01
2.535505916816033434e+00
1.637228490001751080e+00
3.049459251634069279e+00
6.949695422127715183e-01
-4.514578314775696821e-01
1.352013889693216342e+00
3.538449889314872809e+00
9.347792951993595389e-01
2.803226387551125409e+00
3.185076095693805787e+00
2.065438211395491663e+00
-1.918196716755248554e-01
1.529825979371810973e+00
-3.942780857605068245e-01
3.266917403998307323e-01
1.404690032962568225e+00
1.630712224713378511e+00
4.459064999467147183e-01
1.445616883979244705e+00
1.628893605894694563e-01
7.725485580901636506e-01
1.159203329389684178e+00
2.315961933742946677e+00
3.157816991809933693e+00
7.039868154667910938e-01
3.032283031886882085e+00
5.723096654922930071e-01
1.254150357816320227e+00
1.033627205955031547e+00
1.410748204652223947e+00
-5.467434721546798881e-01
6.909614780970376735e-01
-3.866623659632354992e-01
7.275668548364389032e-02
-4.663723529628178710e-01
5.409653424753361195e-01
5.038566441876130009e-01
6.476625740728891856e-01
1.345825810945855405e+00
2.046545776050567866e+00
2.039086926263918631e+00
1.018736564158424507e+00
3.732743535770199905e-01
5.518308742368052133e-01
8.200739401475518608e-01
-9.244091499036322102e-01
2.535092468130786258e+00
8.326703177976465531e-01
2.071688924355958306e-01
1.964844318641660870e-01
2.257952844548584359e+00
4.182073906706152977e-01
2.372178282212137113e+00
6.870280095459870839e-01
2.778433211089663679e-01
4.817488280865526717e-01
8.275383114040031352e-01
1.309379378346188005e+00
7.197582229675734133e-01
3.375248189698532464e+00
1.102699198016107829e+00
5.480058145524304702e-01
3.083320427867296765e+00
5.189430408053673505e-01
2.908442174057980445e+00
2.647888686261571367e-01
2.947433527521573282e+00
1.517379130320010150e+00
1.314272166858837965e+00
1.207265300993951573e-01
7.214847770440130370e-01
3.158710112447081553e+00
