2.062409386691372415e+00
2.743794600239502390e+00
1.841385313278342428e+00
2.550384842429775922e+00
2.300668109738515543e+00
2.106443811490860796e+00
2.762962792759620090e+00
1.635905641477054973e+00
3.667936581869086776e+00
3.618184750146362205e+00
2.071431032607254696e+00
2.663520462159329139e+00
1.924422146510701426e+00
2.269721410923391858e+00
2.766727771092629240e+00
1.373129809379075361e+00
1.873382450040184999e+00
2.671110422111728333e+00
3.996430647848031814e+00
1.805078899160063921e+00
2.022448201233464804e+00
1.804171559174434947e+00
3.471141740882779825e+00
1.744494245410946220e+00
2.521829342457478251e+00
1.430641528239550375e+00
1.522997143726005698e+00
3.774035698552951068e+00
3.071049880315395608e+00
1.875176049638443976e+00
2.353102824722893338e+00
2.357786349599252596e+00
3.985354050976103846e+00
2.920188644396989996e+00
3.566745335595099764e+00
3.628187462008261033e+00
2.123209224531664496e+00
2.346035335979002490e+00
2.230015565476005435e+00
2.445099702746910797e+00
2.939908526534060318e+00
2.156249491504602656e+00
1.622671452164591521e+00
1.596521482714265971e+00
1.332982939914175713e+00
2.441503420855874573e+00
2.172267168414537153e+00
3.019513571285297626e+00
3.381877376278731528e+00
2.938453442872421384e+00
3.015626607018908167e+00
2.002791335397176908e+00
2.553082138565507364e+00
2.069426523910513183e+00
2.194351050692689764e+00
1.885253275530871298e+00
2.399140082215533543e+00
2.155342546401785686e+00
2.022099816127795879e+00
2.765563868369101286e+00
2.422602522245918877e+00
2.207892897219744910e+00
2.140930837197370984e+00
1.666382546989216396e+00
2.043322765950483788e+00
3.000333833676697370e+00
2.488197545675909339e+00
2.401557222775731582e+00
2.166331905924651746e+00
3.461199018429828023e+00
3.575510944010689141e+00
4.353104078828906154e+00
2.487739954987132407e+00
2.035335879019764427e+00
2.374466031174399472e+00
2.916657238637422989e+00
1.419890166974164813e+00
2.758403288182518676e+00
1.319958091059775018e+00
2.297949291932483984e+00
