8.119021714847017845e-01 1.088539063761193137e+00
4.663693086951328781e-01 1.615219522885317366e-02
2.094594608057408269e+00 4.600450390159783187e-01
-0.000000000000000000e+00 2.526177853865732015e-01
2.567064368557273379e+00 4.135691691663023750e-01
1.326420105048734976e+00 2.010332091664835286e+00
8.827703990798023703e-01 1.434217831663699316e+00
9.097642098295634083e-01 2.132877244225094504e+00
6.903438110969543073e-01 1.792147770636206561e+00
1.396283727877021485e+00 1.605029611917511367e+00
2.504615462302912210e+00 4.629606921201983583e-01
2.644615100717294887e+00 6.280224081641071487e-01
4.064717870529485633e-01 4.812356333001367205e-03
2.151254279902269584e+00 7.421844429698171153e-01
8.970093703178486644e-01 1.584706450075450412e+00
2.500328526671507401e+00 7.097209564060585896e-01
1.077366416211889444e+00 2.139156740557517367e+00
9.452762184638233700e-01 2.127263126762603207e+00
1.312093183591656942e+00 1.905500175443388677e+00
1.378312287865750552e+00 1.371271121096162782e+00
2.643119955860202985e+00 1.204165045517906069e-01
7.116594001035045913e-01 1.445206759522209561e+00
1.006061853425638919e+00 2.007431013574374035e+00
3.985515561221220637e-01 1.058432915406015473e+00
1.926221088896679978e+00 3.427777408010768134e-01
2.424375594125097066e+00 3.971075428311656719e-01
7.385613293592472317e-01 3.319527253362157260e-01
7.734105300442580821e-01 8.274046507629125857e-01
2.446525644806122557e+00 2.063439087273896341e-02
6.430698123667073496e-01 2.732819161906775429e-01
2.133442541326949105e+00 5.044668518624673137e-01
9.582082503392589379e-01 3.800971628572901162e-01
1.456913500373517856e+00 1.719038791262668120e+00
9.327589778143503541e-01 1.968157527403085583e+00
2.726672958259022117e+00 4.941422287356742049e-01
1.018856456859045689e+00 3.022454760115106387e-01
8.565615632364447229e-01 1.735611198538895561e+00
1.362750646023915602e+00 1.461540758704304777e+00
3.960229376929336707e-03 6.796412247125578343e-01
9.655356139366276791e-01 7.156978416605644933e-01
-0.000000000000000000e+00 -0.000000000000000000e+00
9.503013972569626100e-01 1.480070939913453287e+00
2.709175234897036599e+00 9.678980048127387992e-01
2.195708224960420729e+00 1.107966087441689673e+00
5.470586831467688649e-01 1.305748193140072066e+00
-0.000000000000000000e+00 9.233451060784233708e-03
7.577948872335374952e-01 1.435688055655204076e+00
9.833326221799441047e-01 1.046397158036718400e+00
1.471114776412388636e+00 1.881981460408524987e+00
1.180204262585877961e+00 1.098174522632085148e+00
8.820433085839273213e-01 1.310256659326309858e+00
2.438445619261399244e+00 8.810336888665077915e-01
1.350792880439281918e+00 2.033779620927746112e+00
1.160225202137159295e+00 2.081504247792850482e+00
9.480456801947640955e-01 1.732581089969581933e+00
2.359870322993415481e+00 7.912335579242093520e-01
1.032212398126495900e+00 1.899250369948475958e+00
7.194695864125896234e-01 1.445478972218546154e+00
2.167608768641414940e+00 1.004474159778245834e+00
1.412941935426147433e+00 1.681542664841351842e+00
2.815837477485068518e+00 1.147253476066136146e+00
2.641043453225974336e+00 6.829212566718244615e-01
2.789454026253200158e+00 3.128911931226088239e-01
1.022286251327407358e+00 1.421760270418524597e+00
1.063860500603040160e+00 1.900476663407506539e+00
1.200617792553848817e+00 1.704833014654673518e+00
2.531687523865268297e+00 8.095633462363927002e-01
1.378883408167841385e+00 2.083069834245049101e+00
1.446729384979102528e+00 9.247022717945876380e-01
1.710327697028337202e+00 4.012744018300981041e-01
9.593943974323149160e-01 2.012288821246695392e+00
2.567625507764176973e+00 9.163762422919907724e-01
1.241311119124513196e+00 2.109940195427584708e+00
1.216025807287537841e+00 1.031973454073694230e+00
2.094227111576179023e+00 8.149035225148729689e-01
8.648996564113167196e-01 1.681739809580983458e+00
1.035847214840945663e+00 2.362454364470835344e+00
2.992093797072670758e-01 1.107179459291415036e+00
2.028186105427862262e+00 4.567040430571835952e-01
7.989969832655934301e-01 1.371900558957818816e+00
2.219036597409594691e+00 3.273338963940026769e-01
