3.747642279253862618e+00
3.885786185154545880e+00
1.975600670462973163e+00
1.712568821605971348e+00
3.372511521231031928e+00
1.597160784290316382e+00
1.796701710947610220e+00
1.281350583080976824e+00
1.610659339714416882e+00
1.362989145779819777e+00
2.404166620778930064e+00
2.566149164375338909e+00
1.459753962195648125e+00
1.985275168029197124e+00
3.177314784826090754e+00
3.749674656875955581e+00
3.262250588700447818e+00
1.646990836533400282e+00
2.916698156418398025e+00
3.473543927349041383e+00
3.748013335285210523e+00
8.785764109772661312e-01
1.359082687111003995e+00
3.852745935604836802e+00
3.437025946908292440e+00
3.719071007728775413e+00
3.463666991568980613e+00
1.369989363716105135e+00
2.089061714111706713e+00
1.836708687968340525e+00
1.524580595199949595e+00
1.159941367177382165e+00
3.154611002400068198e+00
3.634542037133946746e+00
2.070455584830054097e+00
1.605708631924805285e+00
1.329700676495914280e+00
2.605512913597090474e+00
1.774703698180964961e+00
3.326378748409927866e+00
2.050973425587918619e+00
1.627601714847026759e+00
1.246368346178888586e+00
4.005383218242235088e+00
2.617733060517734689e+00
3.373009992001448687e+00
3.741351789917858106e+00
2.497731146075151010e+00
3.000185414462702926e+00
3.634531771335832051e+00
1.957224807950364687e+00
2.415057288941573788e+00
9.534992427480427635e-01
2.822736985606026039e+00
2.259608390402700007e+00
9.273664402110702865e-01
1.942381076421127784e+00
2.928415508344880624e+00
3.555028671018086950e+00
2.894554256672857928e+00
1.753206104160086598e+00
3.252017528292737492e+00
3.100598409868625449e+00
3.680470489416741486e+00
1.719961177623290149e+00
3.568736128978565514e+00
3.033635037324160955e+00
2.014366197118042212e+00
3.293740360809253254e+00
2.154878765969928001e+00
2.213115823939939997e+00
1.907650435752770379e+00
1.312080906777499001e+00
1.715540395046239563e+00
3.875455535067818147e+00
2.300658444119582757e+00
1.393777476457101816e+00
1.622300528102893047e+00
3.606825489889150305e+00
3.274408191934634615e+00
