3.949513531578627279e-01 1.780159585489031471e-02 6.015502492124253919e-01
9.116546928371963565e-01 1.855833854267060004e-02 1.518566549645815389e+00
5.269971188387644334e-01 2.523193548168149114e+00 7.116740012713835932e-03
5.544804148334415463e-03 1.087442769926201480e+00 9.498940470080921225e-03
1.222734757429043473e+00 4.414197183470119912e-01 1.681309271312431131e+00
2.095881322174766304e+00 2.564891279693429560e+00 1.698874703244515727e+00
1.238915428922476858e-01 1.110791801386123101e+00 2.487077391515574831e+00
1.613658771417965099e-01 4.874875373980042670e-01 2.780851266892915563e-02
6.229135767782922536e-03 7.455895420496166937e-01 9.726707417182687276e-01
1.648600986826741222e-01 1.652443623118033875e-02 8.032762372037028920e-01
3.589636527927941856e-01 2.145861745410719557e-02 2.032660866502954633e+00
2.092942758548045346e-01 8.535596292757602344e-01 1.070448106080051920e-02
2.589495987161949397e+00 4.195690397687825701e-01 8.317348068241125006e-03
3.807741369657203778e-01 3.690763377107560972e-01 3.845347155184857257e-01
8.885428927302503332e-01 5.348281467415288981e-01 3.997574937894645131e-01
8.564687935143061592e-03 3.070893279543482346e-02 1.456591910608216189e-01
4.745797766550491868e-03 1.936867904980437816e+00 1.356803324775223585e+00
8.939977637727963096e-04 5.885519251724803842e-03 1.189373314242327256e-01
2.368712598452022561e-03 1.578655804222481862e+00 1.754755124512744846e+00
1.324641282158467437e+00 -0.000000000000000000e+00 1.073846657651760239e+00
1.734427298133737638e+00 8.948003838372409202e-01 7.004120165314136059e-01
2.212600683831873472e+00 1.302417815479320895e+00 1.965665883352761600e+00
2.084744905283017202e-01 2.733631756237793198e-01 5.995973116948937198e-01
1.593277947487676816e+00 1.345300995973052471e-01 1.671106040120832859e+00
5.405412952345920452e-01 1.608929454348523524e+00 4.636795779482395519e-01
1.624758621826176766e-02 1.709294490245694575e+00 1.907377833617721063e-02
1.827200523291296230e+00 1.080647118692625204e-02 2.538384352029898205e-01
1.648029312923682266e-02 6.344681181499115530e-01 1.620098938108695874e+00
8.291030764290816535e-01 1.701403203550518051e-02 1.537702893656883507e+00
1.072011752530285689e+00 1.549611542566723676e-01 5.028348066383621084e-01
1.821532955326186309e+00 1.098069433030001152e+00 1.686463113323356078e+00
9.003629660169463200e-01 1.618716083748440032e-02 2.019573395691300455e+00
1.245667540828539893e-02 5.972339733511432547e-01 9.162070336014813687e-01
1.584969874149627367e-01 1.180119357691666204e+00 2.418451867022289314e-01
7.868655383595576369e-01 9.715975745686644335e-03 4.832902009113708708e-01
1.143581891436269204e+00 3.379004617941449018e-01 6.605873097100422031e-01
6.578303880557389016e-01 1.606435884817925430e+00 4.702249362656977238e-01
7.886855376790137262e-01 1.813245126140850871e+00 2.125203727043166069e+00
7.105387108068071944e-01 4.368657265436103332e-01 9.584069224164470588e-03
5.199606730261520371e-03 6.829487151649095145e-01 3.101755797717607455e-01
2.057423019821648769e+00 5.344867247389660297e-04 1.697364585187302932e+00
2.105356428675298763e-01 2.111219073110127686e-01 1.197630700189176167e+00
3.990548759460879613e-01 1.453118903985437083e+00 1.331302754807092530e-02
1.372365122508337532e+00 5.390306309633814408e-01 1.360018673428111891e+00
1.515925010665475137e+00 4.993076657685403472e-03 1.920250440693803129e-01
1.118855723982496997e+00 1.745676088740127696e+00 1.698980180472383417e+00
2.272030762488240097e+00 1.477037619936727442e+00 9.651980478927750864e-03
2.517426797287650175e-01 5.607829346120224434e-01 7.792089717099947022e-01
2.755203089250377740e-02 1.094598656254558211e+00 3.789154384413354320e-03
3.380081581651257494e-01 8.491870179502970517e-01 9.009783521194367761e-01
2.673443837139015122e-01 2.760435116454564408e+00 9.325508524504466656e-01
1.654751339066272919e+00 3.659534516593413445e-01 1.529346186519407125e+00
8.414248001717519188e-01 4.139977152740915711e-01 1.595866194473086308e+00
1.232644495603747448e+00 1.218804977413607583e-02 7.716374115396996691e-01
1.861958524850540364e+00 8.564420800603544937e-02 1.620807992973281486e+00
1.441565705292353394e+00 1.782627426828606643e+00 8.185504137459828633e-02
4.888557188256184571e-02 3.420365821120922578e-01 8.779584693323935207e-01
9.659428293032418233e-01 8.961492330722978239e-03 4.505585082286353571e-01
1.141226731378741366e-01 1.244530940080456061e+00 1.336711026296601101e+00
2.863542908328538417e+00 3.674507498855549836e-01 5.870746060554302703e-01
2.930156389873390665e-01 3.029966713165642700e-01 4.056580155980702429e-01
8.596970259942757764e-01 7.064178552135244038e-01 1.236333677636179545e-01
3.476281699333018338e+00 2.960147190172139967e-02 8.764423570915029146e-03
1.401998045211717114e+00 2.765978545706181124e-02 1.495684592100684274e+00
5.977505871587401876e-01 1.397484396542572616e-02 1.798562611129403077e+00
8.884887676102148912e-02 1.682377141978938839e+00 2.277092365360152471e+00
1.288834354542411020e+00 1.138410621397618394e+00 2.629020843445559891e-02
4.369916040147544534e-01 3.417077615354765507e-01 5.679102897003215911e-02
1.873721245329795559e+00 1.121471680468502097e+00 1.706247324108266294e+00
2.574127302606629697e-01 2.111219043654868788e+00 2.064115550609937899e-01
1.546047602133548970e-01 1.668794785735448413e-02 2.631809319087626275e-01
4.757747278105847744e-01 1.284586774995394531e+00 2.208967312999790877e+00
7.085187932055931302e-03 6.603823339231644496e-02 9.463727405847314200e-01
1.071592817735552705e-01 1.160439140460951313e+00 5.273689732722496304e-01
1.019740223274439618e-02 1.119552274129052893e+00 1.495432932927323044e-01
2.649723355042737372e-01 1.568728085097349734e+00 5.181345774189118764e-02
1.224661828523057938e+00 5.535088080754488882e-01 1.772541443259346483e+00
3.799169038126019582e-01 1.878167938457541916e-02 9.402180526438403962e-01
1.948582620024813750e+00 1.166375505381183730e+00 1.707158329015259074e-02
1.746639455661758503e-02 1.154718583257878128e+00 8.295523356702717843e-02
1.140383876124594353e+00 1.265571757109763551e+00 9.957334466888992375e-02
