1.365802042085483725e+00 2.930614874304790854e-02 1.609611428976440717e+00
5.005633971517026853e-02 9.888271816899092403e-01 1.461619648880875033e+00
7.258048996443410283e-01 2.791141511514327878e-01 8.044537177561629226e-01
1.299510545710280685e+00 1.512447882542682365e+00 2.786488747344121331e-01
3.889824880912813587e-02 1.039752957260661859e+00 1.247067035142261637e-01
1.271287535526073764e+00 8.014803876428534535e-01 2.892730877610596302e-02
1.218048007988282055e+00 6.079913035385448028e-02 3.941253809618628923e-01
9.913276678682412246e-01 5.802650062879484150e-01 1.931471982213297078e+00
1.752272613460635620e-02 5.898407047617955090e-01 6.469374221122969719e-03
8.792269659306369833e-01 2.483109702252917980e-02 1.350492292484803736e+00
7.957317290779005736e-01 5.581214303781052433e-01 9.807414318647533769e-01
2.766746767587659472e-01 7.339030905835522978e-01 3.191677676254605495e-02
1.936176518882326003e-01 3.709250614624449993e-02 1.948874927349123626e-02
1.563200695363382131e+00 1.117781791281495657e-01 6.603549897467400065e-01
1.154765205922443805e+00 1.970842118825919309e+00 5.281262784419368250e-01
2.351808180474345977e-01 1.695241904311156622e-02 6.155415807314940785e-02
1.056256024924353110e+00 7.938139435668963850e-01 1.678109469199085338e-02
1.343678440975331734e+00 1.897072277322607414e+00 5.126558543658561451e-01
1.863882101964299820e-01 1.795064799572218539e-01 1.089191354684170943e+00
2.077813715063571709e-01 1.074277709722500362e-01 1.139266608856975838e+00
1.707415018253897326e-02 2.832431980110353825e-02 8.887656872700953059e-01
1.465563246948365164e-02 3.839339801681895120e-02 4.719078028000537883e-01
6.386391916753988429e-01 7.972524322422862575e-01 1.971666027852031766e-01
7.792233764621167014e-01 1.415918393100733308e+00 5.642367219124309052e-01
1.146558675098289903e+00 1.384093758970904808e+00 1.290895722523412559e+00
1.533531923484418469e+00 6.831922849191105485e-01 3.327439913934128191e-01
3.136886584999237088e-02 2.793239233163434809e-01 4.775595949164494064e-02
1.448300967947127704e+00 1.949777068361092658e-01 5.854668303365326842e-01
2.838796737609268830e-02 1.303400880253461125e+00 1.494442207790237065e+00
1.742578131733698577e+00 8.213210636611684157e-02 4.699001340416644745e-01
5.656044135986264543e-01 1.218342581499738841e+00 1.069229112294310252e-01
5.563078877506556497e-01 2.845768872466542324e-02 8.119278316488708347e-01
1.289719864887416856e+00 1.929970062193570313e-01 2.808807756626379715e-01
1.067689443925624371e+00 1.611515272554812084e+00 6.270667446596176475e-01
1.250798348029730445e+00 5.354843508924624906e-01 7.997819043361482638e-01
6.452703098662819492e-02 1.008285735520685344e+00 1.231052398758821553e+00
3.086270765976721897e-01 9.495239127556859282e-01 4.395181787418730446e-01
5.978837253728471746e-01 3.871433804026698233e-01 5.291566422828328231e-02
7.618423724205922731e-01 5.788611884410926889e-01 5.176781603770670426e-01
6.864519983152910232e-01 1.077006506005910413e+00 3.302600788247955221e-01
8.459081719494354612e-01 1.542295790777202136e+00 7.201961430564042255e-01
4.126795276820893199e-01 1.030816688307743811e-01 1.085301083816248680e+00
6.725718622505592048e-01 5.051097417372770737e-01 3.538644444032081060e-02
4.419223105898968662e-02 2.654347395023776701e-01 2.345717258779070336e-02
8.928453660604516173e-01 7.888432167340829748e-01 3.461450692743339719e-01
1.279227765700588604e+00 3.796346454003200060e-02 3.919877055679729105e-01
5.800449176409989693e-01 8.438441902201945233e-01 9.127596370739993192e-01
3.915569821384216193e-02 2.969122762131654603e-01 1.622114475647872534e-01
4.612493893410930801e-02 4.982253702792477368e-01 7.820271432686788371e-01
8.506257818327067621e-01 4.106748068918250616e-02 1.020392378285050333e-01
3.639130366410935902e-01 1.373404630802372850e-01 1.530824979979644729e+00
5.932529405160831548e-02 9.452866806245083797e-01 1.839561846160846503e+00
1.801262957535210707e-01 2.621176847805710142e-01 8.240863834679251765e-01
7.419361310435653722e-01 4.123826035326468853e-01 5.634485198493925928e-01
1.784289245420222159e+00 1.555460955370402965e-01 1.278585927658527355e-01
4.956166989181445826e-01 2.808409874068588594e-02 9.185705675834894279e-01
2.414722753153544788e-01 2.863726773484797858e-02 7.749178112456117651e-01
4.751768015931982780e-02 8.431477625513987550e-02 1.739563338677293236e-01
6.975050528519611756e-03 1.422461773208770763e+00 8.776007591479105530e-02
6.093526940724279806e-01 6.768488954111437916e-01 5.138588681575109174e-01
4.596816401503698440e-02 7.895768294678334742e-01 3.510871806876687540e-01
6.637111990768351788e-01 3.431832565585282713e-01 1.911103130711870601e-02
1.923867958048459670e+00 2.550085870746431893e-01 3.304652976688224331e-01
3.519800985217938494e-01 1.372528870115721666e+00 3.548068289489953453e-01
4.450139418900612154e-01 6.585748013410604174e-02 8.793514940074349528e-01
4.849489414385912411e-01 4.060915737532262981e-01 1.166862970357993357e+00
7.344647533118701110e-01 3.684172014244246895e-01 9.840432796123121939e-01
1.586808727544881392e-01 1.031649562460144054e+00 5.237920770945397875e-01
4.406804594955173737e-01 1.214901145511248171e+00 8.769094649042594725e-01
8.076939036894175139e-01 4.059164602616209538e-02 1.617849516308920821e+00
1.526572852293872073e-01 2.300530973528169126e-02 5.801774529490070220e-01
3.099917432290621999e-01 1.587371238589537548e+00 4.826223168322166801e-01
1.065664275546809536e+00 6.678881430019514287e-01 9.266103191303841635e-01
8.442555358309320468e-01 3.414119426493630316e-01 2.152511695519649104e-01
1.021287718992738291e+00 1.947868214180033530e-01 8.900049851155357183e-01
2.678212453615267524e-02 2.582918932437929804e-01 1.733824647924212259e-01
5.378437779535798213e-02 4.286445724853277239e-01 1.445236509378955148e-01
1.189158936462731520e+00 9.734729534900657955e-01 1.182632787800098173e+00
1.175459494744538702e+00 5.510553324401193942e-01 4.694110811717562559e-02
4.146009158903242731e-01 1.604160653559078220e+00 1.440941966884447423e+00
