-0.000000000000000000e+00 2.204000496720670277e-01 1.786231478183128996e-01 3.374684845815207890e-01 4.973592007619817568e-02 6.147259473428191567e-01 2.473189249649375698e-01 3.699401096247268983e-01 4.739986583539301246e-01 5.073357392924318643e-02
2.430221107648859458e-01 3.742621591239267409e-03 2.802509578268381207e-01 9.260773139317499125e-02 3.087732958018873149e-03 4.942682075139995246e-01 -0.000000000000000000e+00 4.226969006621244911e-03 2.847149783293980232e-03 7.806874448865949168e-01
4.586052990149608322e-01 1.583440409455814102e-01 3.479431283834403255e-01 2.297716186956071938e-01 5.459157377513399467e-01 -0.000000000000000000e+00 1.155556548078953139e-01 4.187061528474362859e-01 3.225774403841419891e-01 8.817626728461547877e-04
3.054979797693280208e-01 1.070511224235730224e-01 -0.000000000000000000e+00 3.148770279270152184e-01 1.502858519614511390e-01 1.742642369764461907e-01 4.436456332202813879e-01 6.398898140475401952e-01 1.765588429454419683e-01 3.250479814125092348e-01
-0.000000000000000000e+00 1.610803905815428316e-01 3.533029676455422541e-01 2.975929912912514963e-01 6.418367808814886555e-01 -0.000000000000000000e+00 1.998502758426551618e-01 3.319140950837233262e-01 4.456534301397572229e-01 -0.000000000000000000e+00
2.574156097293598400e-01 5.007165049350332797e-01 3.518480751400999140e-01 1.756765188135125388e-01 3.259117839742931566e-01 4.079726947307412699e-01 2.945567183853471938e-01 9.405661877464228937e-03 4.063142794787498735e-01 6.129638816664882695e-02
2.165837698357193572e-03 2.829463959329026612e-01 8.491042859426201073e-02 1.474398316451956958e-01 -0.000000000000000000e+00 -0.000000000000000000e+00 -0.000000000000000000e+00 -0.000000000000000000e+00 6.626808224701249417e-01 6.721923005110511662e-01
1.593115754281125562e-01 6.195378108395355188e-01 3.862099503739651052e-01 -0.000000000000000000e+00 1.651478382343693208e-01 1.960094100913902515e-01 7.591474367908624538e-03 6.120593855364084845e-01 2.942650882199283544e-02 2.002145003021807770e-02
3.424012491640146538e-01 -0.000000000000000000e+00 -0.000000000000000000e+00 4.599335698477715617e-01 5.404296647103620094e-02 2.448998548850372659e-01 1.005466894932412064e-01 2.714859815568532730e-01 5.754245037706389176e-01 4.397707132821386811e-01
8.442623118857967013e-02 1.480635123233500772e-01 3.165054456997167254e-01 5.311586525438597439e-01 1.109245863165113409e-03 2.591819909868076643e-01 4.850456649195895170e-02 4.691081381008548323e-01 1.694563095209150050e-01 5.199394989402501555e-01
9.821090939147764098e-02 6.255329826445206187e-01 2.410294836082987613e-01 8.648673406945925346e-02 3.063923394028390534e-01 2.351800345836896344e-01 1.926580301722957411e-01 6.321756372331725771e-02 4.886890428362773431e-01 3.230657300134395227e-01
5.524750123995716411e-01 -0.000000000000000000e+00 4.639659069158121735e-02 1.557540773256339654e-02 1.375746852571321233e-01 5.247720947000314995e-01 -0.000000000000000000e+00 2.925272934108280598e-01 1.394133286843733666e-01 5.413458088095592924e-01
2.572119996777402218e-01 7.831884975642474656e-01 2.953835961072809324e-01 2.492083217003432730e-02 3.092461874852869830e-01 2.198162151127440733e-01 2.534103394585058289e-01 1.270911579152273763e-01 1.274214907492223045e-04 9.090597382953777283e-02
1.431043495339300309e-01 -0.000000000000000000e+00 7.161499424561125204e-01 1.080847192845120902e-01 2.857829524205732774e-01 4.206528444802786759e-01 9.715460112784728153e-02 1.017221791392186742e-01 2.150538519494412781e-03 4.201860825790524889e-01
2.254796197753023423e-01 2.161317834306284975e-04 5.102892085835314395e-01 4.466396030419572671e-01 3.121596732210541250e-03 5.326098389990964188e-01 3.332205880709459556e-01 1.378956802758087852e-01 1.736208802001958373e-01 2.130692586728204496e-01
3.193630801864211222e-02 2.099791261261408082e-01 2.238916621767941539e-01 -0.000000000000000000e+00 1.653815008032941680e-01 -0.000000000000000000e+00 -0.000000000000000000e+00 4.536763727653755907e-01 -0.000000000000000000e+00 8.195047714416646700e-01
1.032506545199210653e-02 3.512503569920972374e-02 3.733622829020425971e-01 7.679842584020641905e-01 -0.000000000000000000e+00 -0.000000000000000000e+00 4.633629718722325798e-03 4.904933572499214911e-01 1.698124249186163948e-01 4.352672275493254216e-03
-0.000000000000000000e+00 5.743192983827896149e-03 1.231333718547255318e-01 4.277805852956381161e-01 5.154629276191198539e-02 5.494294178782023197e-01 3.870062327335632713e-01 3.379125493188126494e-01 4.263430718015003840e-01 2.270509276611249738e-01
4.075345572164945640e-01 3.329230137444543630e-02 3.350187645265294001e-01 6.801391501981988164e-01 2.150615582875475273e-01 3.541045942454105755e-01 4.445811144066808863e-03 -0.000000000000000000e+00 2.086108959640687877e-01 2.068829680179188335e-01
1.496661103110311607e-02 2.670104961683937850e-01 1.985411636582133932e-01 4.050143014593909352e-01 2.557490592527140172e-01 5.181951215936504429e-01 -0.000000000000000000e+00 3.738519198795443171e-02 5.071532629185999674e-01 3.639922628514112857e-01
3.942858477213826429e-01 3.151636992890769484e-01 7.238788018165107085e-02 1.632164910772055388e-01 -0.000000000000000000e+00 4.544915126422651580e-02 3.098288759036008436e-02 3.203221660281583769e-03 7.040759470245211427e-01 4.632193004385177781e-01
1.233961392587434314e-01 3.867994747559635460e-01 3.073283872439376285e-01 4.991790191434006818e-01 4.439105965713088103e-03 4.107501908558697234e-02 1.887674930534051221e-01 -0.000000000000000000e+00 6.872852904483259251e-02 6.704218734443487815e-01
3.466909708521690326e-03 9.090069212172358776e-03 2.106921993380567459e-01 3.366999566904738672e-01 4.120167183464782529e-02 4.833443249448549778e-02 7.023848687513968569e-02 1.767189212385852082e-01 7.617279211284694318e-01 4.708726413437548941e-01
7.804954093168751106e-01 2.046058961518393837e-01 2.504341412690392898e-01 2.043325527061027880e-01 1.000111048212921645e-03 8.636093225046050093e-02 1.326512454814834929e-01 1.112550058208367915e-01 1.412805346551052055e-01 4.325515720985648183e-01
8.724875046222874478e-03 1.913175276789454982e-01 1.545998101722508289e-01 5.861833746079756491e-01 3.567241342330110948e-02 -0.000000000000000000e+00 7.666277705314291646e-01 6.851218958310244245e-02 4.601086956886634577e-02 2.801841674144156091e-03
3.011081925442001817e-01 2.284182348653393257e-01 5.378407259182300670e-01 1.794796199084750798e-01 2.182474631190096381e-01 1.063171878882944871e-01 9.674220588655957354e-02 3.404287650808527493e-02 5.987484696422176178e-01 3.282078375161539552e-01
1.610527573343090435e-01 1.037750616853934243e-01 1.260586341488182938e-01 1.613174769741313949e-02 5.678105329798514012e-01 5.017019481759276145e-01 -0.000000000000000000e+00 4.641987338523312356e-01 2.679179587275713481e-01 2.928610423301984400e-01
5.223540694860978606e-02 6.150648156901260544e-01 4.097315259136360410e-01 2.865713115190863802e-01 1.183441045424604883e-02 5.144936796244466981e-01 1.420338132785163576e-02 2.419669282069534522e-01 2.129593119140321955e-01 4.300730803573642527e-03
1.487836089500083536e-03 4.363316281717243700e-02 1.406315733478521839e-02 4.654323270898288317e-02 2.701238875185303367e-01 2.956325006287924273e-01 7.870830816167012980e-03 7.824976998631670844e-01 1.842956153953648202e-02 4.718687841948600581e-01
4.094215221585141840e-01 -0.000000000000000000e+00 3.535096415459885837e-03 1.966997997749922455e-01 4.848479997282543197e-01 3.439517488533030444e-03 5.470440656476496244e-01 4.504247952257431180e-03 1.528367660931999605e-01 4.857414135673636113e-01
7.405128706066430588e-01 4.385596661297507803e-01 4.508631039459212730e-03 1.689484926517433594e-01 2.894291398555801087e-01 2.323610474356180983e-02 3.691491271057081303e-01 2.235529504054178940e-02 9.829652062242116850e-02 -0.000000000000000000e+00
3.523755995286926845e-01 5.107183755721932117e-02 -0.000000000000000000e+00 2.737066795589011003e-01 1.215619216876328429e-01 6.492519308485521501e-01 3.619985804270526523e-03 5.834238378046877616e-01 3.284848906471329356e-03 1.469527756351992342e-01
2.968422147394091382e-01 2.538358659764937686e-01 4.095540282891169115e-01 2.824175630112186752e-01 1.821697748914940518e-01 5.267493970602012826e-02 4.889983768231416228e-01 3.479012447538992747e-01 4.406937029007313988e-01 9.814156172152264934e-02
1.896015086370756164e-01 1.716976003404852291e-01 2.380938976451749955e-01 2.751217275756748237e-01 4.688846453428899830e-01 4.054844868847661821e-01 1.905201520480901967e-01 1.086298944671049670e-02 3.163528416881853933e-01 5.304950516422395346e-01
4.280905108894796918e-01 1.441230558533467820e-01 6.008961057790765947e-01 3.186269740189374144e-01 2.409351400437874657e-01 -0.000000000000000000e+00 1.187437891370749510e-01 3.598045608874811951e-01 3.629857153428642236e-01 -0.000000000000000000e+00
4.835212887815238947e-01 2.296627044227683156e-01 6.579401449248644118e-01 2.299127668429499227e-01 1.891031516384090172e-01 1.373983771835773082e-01 2.340612486872322151e-01 1.632499174857089119e-01 2.571308509775251383e-01 1.597726403309996934e-01
1.391433669619061009e-01 1.057797385924770343e-02 3.378222847145074398e-02 2.028379987497933301e-01 2.774475847450333377e-02 3.535856733080143255e-01 4.448720533522055876e-01 1.547406634447822671e-01 1.164686870161463911e-01 7.596244897173368704e-01
1.426194182690637413e-01 7.567096743458774730e-04 4.673596584514008168e-01 5.179366372067134572e-01 4.791405956076041361e-01 -0.000000000000000000e+00 4.111904651111364384e-01 2.828749761090168513e-01 8.716922381818979770e-02 8.188823949132742475e-02
3.951463031139221260e-01 1.956153822491357719e-01 2.546695517544344534e-01 9.280565466514868744e-02 -0.000000000000000000e+00 6.053218975003443747e-01 5.539255392612901785e-01 1.170130697871502728e-01 7.943589714305217264e-02 1.971657382483854859e-01
-0.000000000000000000e+00 -0.000000000000000000e+00 1.915023087401334367e-01 1.346399694698919014e-01 5.030062220108582061e-01 4.258126408415263131e-01 2.028247295340278658e-03 4.925839546710347738e-01 1.459393981235647397e-01 4.969163971687375336e-01
4.545022510613219158e-01 3.018470332983530513e-01 3.367688672321694221e-01 8.368069124235148759e-02 3.423018013615682364e-01 1.616899424389837137e-01 3.254075593926182841e-01 4.950589406463341141e-02 5.746697053849647574e-01 -0.000000000000000000e+00
6.032618319376173988e-01 6.274557750956440971e-01 3.736503875583465639e-01 3.182583508481952594e-01 -0.000000000000000000e+00 -0.000000000000000000e+00 2.174228175002053485e-03 -0.000000000000000000e+00 3.829745619648745186e-02 -0.000000000000000000e+00
6.091580804751562939e-01 -0.000000000000000000e+00 5.215667565410357920e-01 -0.000000000000000000e+00 1.008116697827209918e-01 2.244940984093874992e-01 4.099333467739445409e-03 4.481456540358305120e-05 -0.000000000000000000e+00 5.443502107419798675e-01
-0.000000000000000000e+00 2.501150384883210065e-01 6.816310842300056863e-03 4.765359048225162875e-01 1.470080586738963524e-01 -0.000000000000000000e+00 -0.000000000000000000e+00 1.143074753732320759e-01 7.998856383248769131e-01 1.892483400291985196e-01
3.838297688207559233e-01 1.630638472301529640e-01 1.800028840848564848e-01 -0.000000000000000000e+00 2.979410360145796632e-01 1.754116510674470497e-01 1.404448228187147873e-01 5.517970767406731314e-01 5.898268224851338504e-01 4.522500485295024436e-02
2.737939167655882300e-01 1.723399536787824926e-01 1.647423912595940010e-01 6.942238099698313514e-01 3.659895589159363038e-03 7.157278270315481361e-03 2.098721236214514674e-01 -0.000000000000000000e+00 5.849051413952075507e-01 4.911570961295463021e-03
1.002756485116378798e-01 1.058251620717234193e-01 1.728636624716633208e-01 5.588107975892767643e-01 4.674594865048752879e-01 3.960048553200323229e-01 1.136978147046137496e-03 3.739617617601203037e-01 2.547951190266975474e-01 2.376699696307320586e-01
6.885404573834151554e-02 4.560484353196593843e-01 2.321340421652993979e-01 3.183793584827665502e-01 2.780535064724724004e-01 4.405047225763115137e-01 2.544205792718487458e-01 3.590047650734949913e-01 3.164216014540859878e-01 2.587127174012067710e-01
-0.000000000000000000e+00 3.530089221633187502e-01 4.687181221990673885e-01 5.228130868871901926e-01 1.948340931611235172e-01 1.943928289312113755e-01 4.853028206376178155e-01 1.864842664664864702e-01 7.832741906596014936e-02 1.737101299321863190e-01
-0.000000000000000000e+00 -0.000000000000000000e+00 6.440390063836546330e-01 1.810477378862429820e-01 5.228935085744470523e-01 5.049818959378995359e-02 3.913444796464289333e-01 -0.000000000000000000e+00 2.756981702851042937e-01 2.175035713564144879e-01
3.761732050178093287e-03 2.973658929579294230e-01 2.951376003609254006e-01 -0.000000000000000000e+00 4.513398943235490401e-01 9.864799853182323885e-03 1.417527393318405160e-01 4.041688211473297154e-01 5.327831396583393442e-02 6.590624428774788379e-01
3.626882090791451185e-01 3.964457264451058394e-01 3.575363548050344842e-01 4.880578902744855951e-01 3.832254667874360199e-02 -0.000000000000000000e+00 -0.000000000000000000e+00 5.178107537277347738e-01 6.726272567093835586e-02 2.667103882251459779e-01
4.403376901045558123e-01 1.644694157381249300e-01 9.556895502500290657e-03 7.827811878146397062e-02 4.848944772883402310e-01 1.805604834392095792e-01 1.875703482362648666e-01 3.018630328251721909e-02 4.044542090774448373e-01 5.526589670494819195e-01
4.846891888578805027e-03 2.279102180381148701e-01 7.305596034116951243e-01 4.153599794551801616e-01 3.041575081135170985e-03 -0.000000000000000000e+00 3.173211958823941026e-01 5.538524273192330268e-03 -0.000000000000000000e+00 3.755789207296473808e-01
9.261806312061995200e-03 5.474970256804697621e-01 1.785486439373457357e-01 8.420460911016298261e-03 1.480006125748734849e-03 6.686347811175633211e-03 8.013350328178494575e-01 1.597352570341178390e-01 2.239766644826732961e-02 2.993845788625971571e-03
3.296547811680076712e-01 1.264465077676503735e-01 2.738481102018449753e-03 3.879637772445855125e-03 5.135002598621368763e-01 6.667213972019097046e-01 1.879664839613092442e-01 2.896506562425373715e-02 2.698984811858673449e-01 2.410413915228373227e-01
2.034562568600933596e-01 1.297224424814688304e-01 3.769796356271891691e-01 4.599358957622924973e-03 1.089058663673733544e-02 7.059812575101391818e-01 5.268110662532792254e-01 1.716121704204458124e-03 5.297800404367092840e-03 1.534724325670823730e-01
5.849096708400814380e-03 3.746457305968841633e-01 2.862019999187049440e-02 2.056373323806140185e-01 1.706215356840800057e-01 7.633825325502048564e-02 2.050094231392753791e-02 3.075960433592186405e-01 5.782657079128278310e-01 5.934091804765764255e-01
1.470853281790751241e-02 4.181367561823419177e-01 4.494212827742689181e-02 2.753597693073109864e-01 4.384910495938297847e-01 9.402351410692273703e-02 8.539451649565424005e-03 2.581789468490555128e-01 6.920037926547667473e-01 1.972696343880044750e-02
4.768934163503300017e-01 3.404905418016109797e-01 2.370350375011136268e-02 3.366199493339332854e-02 5.342526597738054273e-01 2.631436044549590250e-02 7.785977556496495068e-03 1.290447472309018684e-01 3.661592610671757231e-01 4.669472685986397198e-01
3.943612898608838124e-01 -0.000000000000000000e+00 3.001183381944981243e-01 2.445249922124288766e-01 7.335098962081124663e-01 1.608266383408025720e-03 3.590980666020746059e-01 8.453917384154657766e-02 3.559769647161045193e-03 1.430572076305439699e-01
3.498624387518048384e-01 2.379333546368314900e-01 8.673793950599516522e-01 -0.000000000000000000e+00 1.139366327483644498e-01 2.211002708053672605e-01 3.672557005515241640e-02 3.836043450858740711e-02 2.795212012944036511e-03 6.278525347032179460e-02
4.241562612907677776e-01 1.185899480245255350e-01 1.786516405586281997e-01 4.581443253313612352e-01 4.292516398242368636e-01 -0.000000000000000000e+00 3.238205456735848697e-01 -0.000000000000000000e+00 5.244983723860601188e-01 -0.000000000000000000e+00
2.704510551715633149e-01 2.105942449346204746e-03 2.062151842948498626e-01 4.818150088436218281e-01 4.735152243034236319e-01 4.231551025623811468e-01 4.090031333893133780e-01 1.194019603775105104e-01 2.441730867450325401e-02 2.583948182208262168e-01
3.914739876670618735e-01 2.765200632137587711e-01 4.774946542428643026e-01 5.894080963236344312e-03 2.632542054538153931e-01 1.779346660955201734e-02 8.912123421694380376e-02 1.538049267319954033e-02 4.778274474896992974e-01 4.859334099838643617e-01
4.297816294940257631e-01 7.438916203445564146e-02 1.010121921820654328e-01 8.373831894325509465e-04 9.260004386540739152e-02 3.340932681014289196e-01 4.840540069291068281e-01 3.684099075466060191e-01 3.935675463521051687e-01 3.929722691010543723e-01
1.613163727389083923e-01 1.749479192507407133e-01 1.441681422072861318e-01 2.683228164243509073e-02 2.416749927965820832e-01 6.609314256484511985e-01 3.334930794351267380e-01 2.137369780384259788e-01 5.193363638226600187e-01 4.157970294730835639e-03
5.134519617671461367e-01 2.358308721057137596e-04 5.497572489334922458e-03 6.125874932508116322e-01 1.720894467506166531e-03 -0.000000000000000000e+00 6.690347477075558880e-02 5.372273205233554436e-03 2.328555876051941495e-04 5.971309866314044035e-01
1.641441006559159199e-01 6.862736149903684441e-03 4.137206763484564398e-01 3.840465231408465852e-01 1.519608507406921827e-01 5.907984571917098693e-01 3.010073919434125833e-01 2.096731219697229587e-01 3.671849559393809415e-01 1.132480020589772263e-01
3.701931816329094849e-01 5.829304449297563195e-01 4.327297085366481729e-05 2.821870419750748815e-01 -0.000000000000000000e+00 2.984192076532579674e-01 1.529536627570502079e-02 -0.000000000000000000e+00 4.565562291817699264e-02 5.934198922224922512e-01
1.599115290777033405e-01 2.471025179864621557e-01 1.433965083352519987e-01 2.981872279759174016e-01 4.532981328669017373e-01 4.528702742469069564e-01 2.122236175159857019e-01 3.886636727549322434e-01 3.254801992082422268e-01 3.021326032678826601e-01
3.908911556647095553e-01 4.074534445526554194e-01 2.412783690543185422e-01 5.961177287531482794e-01 2.600137376640702658e-01 3.404992994980537546e-03 -0.000000000000000000e+00 3.572329743280490688e-01 2.689940197745142592e-01 4.720028062204451036e-03
3.441741711369625256e-02 3.103318031563440452e-02 1.805430313574437062e-01 1.946952498579236981e-03 6.082872854226714088e-01 6.107285345890373085e-01 2.497126894252057680e-02 2.823572315853340453e-01 2.117907653189266548e-01 3.115213363146847603e-01
1.965533430607891222e-02 6.624977715735177464e-01 4.762996425985280835e-01 6.755970295425763050e-02 6.037848419031691810e-02 3.823711873147440099e-01 3.252613429263743750e-01 2.704141767022189002e-01 1.498182201673733775e-02 1.697639815539024599e-02
1.024385097784644566e-01 1.887064240406993998e-01 -0.000000000000000000e+00 1.171741634055854797e-02 6.127934175545126511e-02 4.982587022581450587e-01 7.304613020218904129e-01 3.284682334727880848e-01 1.121816656389671846e-01 2.183855009718055074e-01
4.642851468085287259e-01 -0.000000000000000000e+00 7.997811749558567662e-01 -0.000000000000000000e+00 3.681264981212021281e-01 1.083479573672574588e-02 2.260388773637528499e-04 2.377077214064509877e-02 9.268097172472883338e-02 -0.000000000000000000e+00
6.797568059120215334e-02 4.910670005466171578e-02 -0.000000000000000000e+00 1.055626555432862684e-01 5.852435391837151890e-01 6.162249849044355576e-01 1.825815689365110628e-01 -0.000000000000000000e+00 4.650284251903920030e-01 9.996832941200718692e-02
1.195579658266934884e-03 9.068314081202853982e-01 7.071369651201946105e-02 -0.000000000000000000e+00 3.790600247003097101e-03 1.269994359233169584e-02 2.648113253191241023e-01 1.630022573510739037e-01 2.693273604276108513e-01 5.698493441485512345e-02
5.743508944833225494e-01 3.822776083576892026e-01 1.491981344906063989e-01 1.341944595973592474e-02 2.881092202589931039e-01 3.560087053627776221e-01 2.354751820716067742e-02 2.072790852219501267e-01 4.240030947198472067e-01 2.617209679805772571e-01
1.919194885906790327e-01 -0.000000000000000000e+00 4.478386089605964626e-01 5.371413609469829487e-01 4.775219526183027696e-01 1.982947996722749240e-01 -0.000000000000000000e+00 4.465356058942340223e-01 7.915501623227189087e-02 3.284877239452328040e-02
7.655544490598514829e-01 6.357478329872071066e-02 2.762824480051303544e-01 4.434839340549554532e-01 9.369310836297840839e-02 2.133180364841035792e-01 9.441884851681977761e-03 1.005818852431573790e-01 2.673302976422282668e-03 2.690327990990062368e-01
1.392799532878866327e-02 4.984996374239796801e-01 1.263981322972699828e-01 3.788283642035234489e-01 3.802959811159654646e-01 4.729860735506373204e-01 1.950139020259628875e-01 1.197282360255866873e-01 1.342643603881303258e-02 4.134371830946366733e-01
6.870228878396418548e-02 6.679017506215091382e-01 3.498636676503712878e-02 2.961834598144346131e-01 2.702198958747115132e-01 2.211665008934015075e-01 -0.000000000000000000e+00 7.094434646538388956e-02 5.306794430160838294e-01 2.272693875696187860e-01
4.473280099355016470e-01 2.444463310352410212e-01 5.500820584135102109e-01 1.993256963619072719e-04 7.009344814383424880e-04 1.474703867834570303e-01 5.754856010461200100e-01 1.982733427736013410e-01 2.066041623526663484e-01 5.122548581211157359e-02
4.657191622442046451e-03 2.360191066635407894e-03 6.712414322936476330e-01 7.557978643005189290e-02 -0.000000000000000000e+00 2.028860973993888983e-01 2.809393625315802501e-01 5.999028598353879360e-01 1.694912744631154600e-01 1.870693674134486506e-01
-0.000000000000000000e+00 -0.000000000000000000e+00 3.044901519633254339e-02 2.120715110239630163e-01 3.623225668904732077e-01 4.242293597639175129e-01 3.707040281475512677e-01 3.411698010801970105e-01 9.151665815065056534e-05 6.237243152968798832e-01
2.311336216710989377e-01 2.631102955206420652e-02 3.173833935039837573e-01 2.438600069914678148e-01 8.018978738165055686e-02 1.314302127307654111e-01 5.899873068919887498e-01 3.797848762551120361e-02 1.566088026513003106e-02 6.420343474999592459e-01
2.621860879388545063e-01 7.357677912297606350e-03 3.346824176837310399e-02 5.791706231467304289e-03 1.874867126309780196e-01 2.073568076031817864e-01 4.906111314255796607e-01 1.751250477462638344e-01 3.254043494648202195e-01 6.889459227319114643e-01
-0.000000000000000000e+00 2.996589301242350012e-01 1.196433638316057729e-01 2.421313448843309957e-01 -0.000000000000000000e+00 5.507858877285606303e-01 1.139165878852633207e-01 2.171558966500391485e-01 4.057423024327997396e-01 5.560007377357072400e-01
3.885560278255829059e-01 2.111991147245980138e-01 3.310612164560117754e-01 5.417158327478048818e-01 3.762831234678326586e-01 1.777063194779475788e-02 2.205076000248893109e-01 4.865260816930798426e-02 2.567096559943288225e-01 3.775794815549399774e-01
5.073826757794634990e-01 1.463559800027714464e-01 1.992300674193969723e-01 3.020752690679712193e-01 1.311511953557884247e-01 7.240316874893976129e-02 2.730526369168482237e-01 2.733934326811771065e-01 3.039354696061617456e-01 5.710335571195236382e-01
5.650593411743665140e-01 -0.000000000000000000e+00 5.003320504326460583e-01 1.494280112846005926e-01 1.845922981960708698e-01 4.294889222092095338e-01 2.303390117553341665e-01 2.840972108998236489e-01 1.621255235889134012e-03 2.360976171104356980e-01
2.491576673506739614e-01 1.738408693181187348e-01 3.436723791021955021e-01 -0.000000000000000000e+00 6.501579407155338997e-01 5.139061445113771720e-01 4.290769693204917606e-02 2.456960369471667960e-01 1.428694252224924632e-01 1.420033304692351339e-01
2.662513821110530365e-01 6.867684206556694537e-01 9.968094236818748899e-02 3.165099390732308282e-01 6.554944481149327373e-02 1.092980714174824897e-01 9.776164473530050622e-03 -0.000000000000000000e+00 1.685933587608916262e-01 5.500749166884026931e-01
1.683717484061231784e-01 9.514382884670477547e-03 3.849011416488771764e-01 3.696923190072506360e-01 3.134266777634488466e-01 1.883511772306385723e-01 4.731044483948805834e-01 -0.000000000000000000e+00 4.961061122347055763e-01 2.882318325510951906e-01
5.471293072307616134e-02 1.465572101388633863e-01 1.448179284487306588e-02 4.822511992494538102e-01 4.968244843607080852e-02 4.523884150283280503e-01 5.130890649515486013e-01 1.428533449375251063e-01 3.369395198500889643e-01 3.720647892001053281e-01
5.958795875295443967e-01 2.319091292570725216e-01 1.470544067676533839e-01 -0.000000000000000000e+00 3.044764672248151394e-01 4.479363312747625808e-02 3.831390661449661228e-01 -0.000000000000000000e+00 2.438169022618285886e-01 5.182335958673525145e-01
1.741478324755803275e-02 2.295453144335037610e-01 -0.000000000000000000e+00 2.794258909329816465e-01 -0.000000000000000000e+00 -0.000000000000000000e+00 1.201447149863931179e-03 5.579147920221489976e-01 -0.000000000000000000e+00 7.467640101062733571e-01
1.854755689064495339e-01 -0.000000000000000000e+00 1.236806586132819380e-02 3.226519796508055000e-03 2.417427360557468374e-01 6.160736126017233444e-02 3.921680807108724465e-01 1.691118615160146499e-01 7.630701044428463975e-01 3.721959254616364343e-01
1.915171240786608386e-01 7.999242457234402191e-04 1.802371326342554758e-01 1.008312486798065288e-01 4.211495529877034572e-01 6.078479246593739838e-01 -0.000000000000000000e+00 2.744742461273503298e-01 5.154829515403074325e-01 1.810065081839819789e-01
-0.000000000000000000e+00 5.748086371860505750e-02 8.038299483249957689e-01 3.080629430264827384e-01 3.110133344508717590e-01 -0.000000000000000000e+00 -0.000000000000000000e+00 1.942520538416883102e-01 3.481198543431499592e-01 -0.000000000000000000e+00
2.429605655772187900e-01 2.968617373544134574e-01 -0.000000000000000000e+00 6.865613530940387621e-01 1.117441289765924300e-01 3.686597210446230233e-01 4.586097612577467175e-01 -0.000000000000000000e+00 1.508546568876012184e-01 -0.000000000000000000e+00
5.005512395780493673e-01 2.223089453883315622e-02 5.994876129130058753e-03 6.127251646631947102e-01 4.151621429398902330e-01 2.316762542522509960e-01 -0.000000000000000000e+00 2.333033305597827234e-01 6.712058350228288124e-03 3.049216136011993483e-01
3.384223343427715802e-01 2.973681965122633164e-01 8.742782192337106295e-02 1.167447512319453040e-01 1.993492912976068121e-01 3.496467609121319819e-01 2.399282336200436738e-01 1.631568335258663238e-01 1.179847095088223108e-01 7.181019563301951347e-01
7.800477528231333779e-03 6.437653923511924003e-02 5.299238020093517409e-01 1.000872874929235185e-01 2.923610971451044982e-01 1.467772354242572776e-02 1.530191260405321108e-01 2.054094517907468775e-01 3.094498857468128139e-01 6.766834846459066632e-01
5.485756325532770150e-01 1.155855048181264610e-01 3.522034137253596819e-01 5.084953084981433911e-03 9.484377734310375785e-02 1.534744790646569712e-01 2.563078916032132670e-01 2.376949235039585717e-01 5.221878276977077737e-01 3.663456945002537268e-01
2.244219874782425461e-01 3.594587394590773033e-01 3.389505852070186509e-01 4.563928580907712917e-01 4.773975071522662539e-01 2.767226000812137432e-01 3.252538638811468263e-03 1.187021412911575813e-01 2.191526309195117317e-01 3.614274696392228980e-01
-0.000000000000000000e+00 3.192517439518323674e-01 3.244091954246198228e-01 -0.000000000000000000e+00 -0.000000000000000000e+00 6.496471567580115458e-01 5.340398460586560751e-03 -0.000000000000000000e+00 -0.000000000000000000e+00 6.089064376143337176e-01
4.826991712365530929e-01 7.043537826662855938e-02 7.606261621765253444e-02 -0.000000000000000000e+00 4.201500476221583513e-01 1.134108871476470840e-03 3.902309786537401792e-01 1.509053922911153811e-01 3.687362194387089342e-01 5.183709517524403010e-01
6.920670997992698324e-03 6.078215202098197212e-01 4.299776879907725724e-01 2.842947495634542410e-01 3.177857227126829054e-01 2.213735427253712418e-01 9.131524417463778021e-02 3.268857950905442178e-01 2.265373150555575477e-01 2.197608339570271130e-01
5.531555834431889536e-03 2.849147972731916889e-01 2.528060633580379510e-03 1.242840263235315060e-02 6.120256854121636225e-02 1.282522387261105790e-01 1.810927564837203629e-01 5.935109961607337725e-01 7.164974472718371734e-01 4.385408342281645229e-03
4.851341628276711893e-01 2.212452096159709114e-01 3.563725182725935858e-01 1.866977881992234745e-01 1.686622263015578882e-01 2.241321751400765783e-01 2.453016987407104499e-01 -0.000000000000000000e+00 6.441173559184217856e-01 9.782395750043894334e-03
4.559406238691383617e-01 2.635935411967526565e-01 3.814854115334344042e-01 4.006484770016963126e-01 1.057277393003755797e-02 3.106705064730435617e-01 3.937770344402968803e-01 1.736585696442908416e-02 2.990081597145503034e-01 2.742088960102957995e-01
1.085600812839958018e-01 4.010931105529509377e-01 4.462803289091163972e-01 -0.000000000000000000e+00 1.604371117451234077e-02 1.969722622757390609e-04 -0.000000000000000000e+00 1.159384778832564106e-01 7.838837435022695255e-01 -0.000000000000000000e+00
2.362843821677672040e-01 4.020742946269963980e-01 3.438384955240082475e-01 4.433735310721551581e-01 2.355574090909391127e-01 4.063704384678083065e-02 3.278319931221806982e-01 4.022330775408322068e-01 1.772608365607371006e-01 3.314749197349792786e-01
4.402694836982134485e-01 4.051147656004976394e-01 4.111974078207223694e-05 7.354633514590025456e-02 1.359833229577678826e-01 1.932479738963985838e-01 1.604805465579993151e-01 5.912212233373430603e-01 3.945412598255279013e-01 2.232490835857189049e-01
1.409128220157194189e-01 -0.000000000000000000e+00 -0.000000000000000000e+00 -0.000000000000000000e+00 2.815287853416104102e-01 3.648920468748954871e-02 4.345664969822770479e-02 7.824426618609517936e-01 3.489526262817508884e-01 4.045747429894021585e-01
3.017639854581116166e-01 2.041453890975103991e-01 4.328862948048379233e-01 2.211453036320794041e-01 5.726724095827532279e-01 1.443172463147013741e-03 2.039293389031650860e-01 4.688448659607803437e-01 1.036566942172566369e-01 1.756821059154518583e-01
4.238200842649910566e-02 -0.000000000000000000e+00 7.720500515862259092e-03 6.881793732560689270e-01 -0.000000000000000000e+00 -0.000000000000000000e+00 -0.000000000000000000e+00 2.195349214801630977e-01 2.396500897598066449e-01 6.472445922425463793e-01
1.417747957903049000e-02 4.914464627971877088e-03 5.421737273767255338e-01 1.887428096580313630e-01 6.163361060540083480e-01 3.030177777712252940e-01 1.507445961661929013e-01 -0.000000000000000000e+00 7.263135783274862756e-02 4.129278769589916354e-01
3.017492056438206838e-01 8.134153488240991603e-02 6.784213508477155985e-01 4.655313270441497342e-01 2.403708500752965438e-01 1.547190990263838939e-01 3.769534104493136306e-01 -0.000000000000000000e+00 3.185976302695864293e-02 2.304262423882068311e-02
5.012178438458726459e-01 6.879182524678256749e-03 5.588870545319413186e-01 6.763146361232219746e-03 5.373894865890021383e-02 3.876469832862613485e-01 3.224280354469742371e-01 1.792097785232461132e-02 4.224532668250653433e-01 2.066517824124365979e-02
2.181805896389337751e-01 4.654742135567514760e-02 2.742900068619846810e-01 1.508269827371394763e-02 3.873438219378791958e-01 2.998030250703038746e-01 4.942705335571126457e-02 2.841811924330756023e-01 5.243007534567277750e-01 5.260776731360367053e-01
2.449143043256153118e-01 3.169147715049054903e-01 3.036197554389206271e-02 7.553336691381903889e-02 3.607684647692981778e-02 1.914827497680911816e-01 3.594327194915122314e-01 4.935374976397084446e-01 6.142910936708497749e-01 2.118088774605555724e-01
2.336037725008911423e-02 5.144837136003996281e-02 -0.000000000000000000e+00 8.255618379631732839e-01 2.409549627950171025e-01 1.137250371989048658e-02 2.035303584265908336e-02 1.249217154651144773e-01 4.909650706097467565e-01 -0.000000000000000000e+00
1.459570639851018037e-01 5.113656805070037059e-01 1.261000737743034165e-02 1.249201890972057027e-01 2.802980595212408721e-01 9.167490534089307863e-03 2.010754128994663714e-01 3.283939280342903499e-01 6.667271813115542844e-01 1.731691004368850484e-01
2.977653552767320355e-01 -0.000000000000000000e+00 3.887131219382634617e-01 2.126887895435690956e-01 9.613040825299806746e-02 4.302045745027691104e-01 4.094316363115629853e-01 2.721927700672169270e-01 2.790128879860810374e-01 4.484562285959053374e-01
2.777010827181173314e-01 5.625757066133591638e-02 5.599488238574084654e-03 4.612814449112993820e-02 4.892142065044355892e-01 6.318993990168061403e-01 -0.000000000000000000e+00 1.438144462757845188e-01 4.996878265058211010e-04 5.081808727693732930e-01
5.045097825828719351e-01 7.010669391221971240e-03 3.480452621917202831e-03 3.402438320048529197e-01 1.932662724284315847e-01 2.124107360245246212e-01 1.223104238037155955e-01 4.991427531836478138e-01 5.320419710803813151e-01 7.690060568451498194e-04
6.461678491474915909e-01 2.307137313161905234e-01 5.934443762665521094e-01 1.036499608401383332e-01 1.947734093068330674e-01 5.425189847379427444e-04 5.422770608734580472e-03 -0.000000000000000000e+00 1.048513959047291944e-01 3.425763357875217796e-01
3.660420714175724455e-02 1.376656315918456941e-01 5.391604421041721329e-01 3.480169693066564318e-01 1.969738959810669598e-01 2.476018598688853045e-01 7.910095481702454634e-02 1.356681426635368386e-02 9.086350168224546775e-02 6.731240008303311928e-01
5.791031559242749704e-01 3.781157301100903645e-01 4.153691476748993527e-01 1.842710235410495168e-01 1.736029483134505225e-01 4.472917531627197407e-01 1.573642965469007338e-01 2.380552963268708910e-02 2.441705266512263772e-01 4.829412012563676602e-03
3.193890796550383770e-01 2.501773916065773706e-01 1.014676939931522318e-02 6.060673983451342339e-01 2.821016302512387441e-01 2.265170591052571847e-01 3.411544387519860888e-01 2.883489594062191991e-02 2.918029773961465789e-01 3.670465263185416771e-01
4.925730541776404681e-01 -0.000000000000000000e+00 3.323856049265738188e-01 1.949975905558293948e-02 5.014925151871131581e-02 8.884621962776700259e-04 4.257162164992015808e-03 8.024820839805838490e-01 -0.000000000000000000e+00 -0.000000000000000000e+00
2.853027825226110703e-03 3.057856645285664254e-01 -0.000000000000000000e+00 1.418603299215570879e-01 1.167870753986242904e-01 7.800468183702663483e-01 3.280642158346445125e-01 3.583565706092132763e-01 1.175718481279330874e-01 1.199236160380654642e-01
6.932372105447366373e-01 2.150701934741650612e-01 2.098705715162287599e-01 9.378256027576609144e-02 3.046585714679279633e-01 1.375161840983820305e-03 4.149092935523497269e-03 5.374972543019336246e-01 1.964355020294879517e-01 1.854352167766637878e-05
4.850283223249212024e-03 6.272010982669716517e-02 2.051539183268472899e-01 3.659868444780997598e-01 7.419434087946311096e-02 4.126948340323301490e-01 -0.000000000000000000e+00 6.305897465820200498e-01 1.605760865525681091e-01 4.698491542161818413e-01
3.837624403954908309e-02 6.009374140122758501e-01 -0.000000000000000000e+00 5.171825733503505190e-02 5.419214351474201941e-01 -0.000000000000000000e+00 3.148432233852683226e-01 3.822571360251856842e-01 2.003598318358928154e-01 2.359174278270527447e-01
4.970134808998527207e-03 3.965610853954437132e-01 3.847149837536323336e-01 4.119860562305087404e-02 1.144071629575214438e-01 -0.000000000000000000e+00 4.765379482598329774e-01 6.729144479789860300e-01 3.759479248763480334e-03 2.501285541757322824e-03
1.470659986569005095e-01 7.598007889329451148e-01 1.335373859239206151e-01 7.788509488066798492e-02 1.901578518623585345e-01 2.684877435630402265e-01 5.326841822943144400e-02 2.001855221602901261e-03 4.696225095203568900e-01 2.134092814530028359e-01
2.587694679715840315e-02 1.904054427198144106e-01 5.166733780292033229e-01 2.025738522210381032e-01 6.520516878985810338e-01 3.648749747003022792e-01 1.781137211305705847e-01 2.139492709740503651e-01 1.383414331878660697e-01 1.209605901258252111e-02
5.414371670478951293e-01 4.864649568289157178e-01 9.590754426576271474e-02 2.414414153352446302e-01 1.373155514983857850e-01 4.936715959247539587e-02 1.414976520947883454e-01 5.233432362111225533e-01 2.958090942899021525e-01 -0.000000000000000000e+00
3.170458970966152368e-01 2.637643716515176290e-02 2.360571084239172501e-01 4.423203248159528478e-01 -0.000000000000000000e+00 6.061166669758315528e-01 6.704063362210124430e-03 4.332610510701406792e-01 3.037063659692091355e-01 6.395385668001933241e-03
-0.000000000000000000e+00 -0.000000000000000000e+00 5.574548485720075622e-03 1.673186943744885136e-01 -0.000000000000000000e+00 3.242582652263533566e-02 7.449868964615959932e-01 5.853906892066518264e-01 4.986772705942271039e-02 2.659838709112418154e-01
-0.000000000000000000e+00 1.488895481902146505e-03 7.192225860237051738e-02 1.406731046417183661e-01 2.932635587181972037e-01 4.189895121008202494e-01 2.606943842916891255e-03 8.446612820462531257e-01 4.565727923673464431e-03 -0.000000000000000000e+00
1.793775712737250283e-01 -0.000000000000000000e+00 1.336311341119227336e-01 7.495730447088911896e-01 3.963981527178414566e-02 5.528622823198445779e-01 2.823174671014060944e-01 4.939286778912661130e-03 -0.000000000000000000e+00 3.392772634022526296e-02
2.942179484962007541e-01 1.074319166610892690e-01 5.707760393087127904e-01 4.093570603744026704e-01 2.633358914099615533e-01 2.784222341800404177e-01 -0.000000000000000000e+00 5.351291205128113487e-02 4.797058042417533530e-01 1.693802514107780044e-01
8.981355014863739994e-02 3.049960229522424293e-01 -0.000000000000000000e+00 -0.000000000000000000e+00 6.104768279591699098e-01 2.832652240339308403e-01 1.722137138858688063e-02 6.675970948848323205e-01 2.688710880513487181e-03 3.488173738069403891e-04
4.340837103194055135e-01 7.516395922421358414e-03 3.219109070121706773e-01 4.886166880355153307e-03 2.697102093533809350e-02 3.886636325919197617e-03 3.699407656084747337e-03 4.486852302196797475e-03 2.309256961206734293e-01 8.085550649435481185e-01
8.619016080975265559e-02 2.600886278834674270e-02 2.417489020659637500e-01 2.141529485934071386e-01 1.680877091128650525e-01 5.340558572383974356e-01 4.299007960163888642e-01 4.175033970152480789e-01 3.150931073899073676e-01 3.401678913857413833e-01
-0.000000000000000000e+00 1.205818974423588791e-01 7.940752050909705151e-01 4.904042657367799207e-01 -0.000000000000000000e+00 -0.000000000000000000e+00 2.521722485549311443e-01 -0.000000000000000000e+00 1.445682330405353155e-01 1.729665108348751312e-01
4.873344238995261923e-01 3.519049912602168484e-01 2.460718771975168029e-01 1.405118293374113814e-01 1.684565262675469799e-01 2.402934054086787730e-01 1.792078523784938759e-01 2.726285350634388704e-01 2.837722580369527736e-01 5.341218069280078140e-01
2.383182597617956033e-01 4.070637051140482687e-01 3.904267937063271056e-03 6.224615463526251835e-01 4.349434298826218223e-03 1.641196435143894294e-01 -0.000000000000000000e+00 6.022203774783703167e-01 1.996327591918779093e-02 2.799400914517539453e-03
4.391816581242222184e-01 1.116175494178615717e-02 4.744608817710044835e-01 4.786439167519752069e-01 2.997468422279739864e-01 1.479116989049085278e-02 3.510383071326888399e-02 1.912992154746985807e-01 3.182914518759447642e-01 3.515361912771407527e-01
1.196552105884259171e-01 1.652216761818126045e-01 3.610510752630118891e-01 7.319420205094889775e-02 -0.000000000000000000e+00 4.631096914386205188e-01 1.997684038208209223e-01 1.379297963055465259e-01 5.910227501123868077e-01 4.471673476535024672e-01
1.763586201513424045e-01 3.003575798092283367e-01 2.971627871548974675e-01 1.313947499711925204e-01 -0.000000000000000000e+00 8.663830265942802644e-02 7.196265225115145991e-01 2.082595637102426650e-02 4.773358145422183507e-01 1.395024417944913386e-01
3.553361232131587166e-01 7.357183635324647530e-02 8.845636663676168313e-03 1.311452717053546158e-01 6.038838862215878400e-01 1.887972671799200211e-02 3.573040766826245385e-01 2.585010694286579702e-02 5.971768778431806313e-01 3.254612210776627185e-02
1.247700231433979540e-01 2.620531272971134973e-01 -0.000000000000000000e+00 7.768051541230668565e-03 2.892551568475033030e-01 7.637712424603494699e-02 5.316278786449248409e-03 5.157124342904423342e-01 2.319608192396654112e-01 7.116212805549295695e-01
9.053106088360356185e-02 4.357285855542687714e-02 4.140579706924738534e-01 4.663657761343126436e-03 1.583628248543682837e-01 8.500928514996794602e-04 2.476406052299972085e-02 -0.000000000000000000e+00 8.848250447158890752e-01 9.915470140714566227e-02
1.289448136952856261e-01 8.610805578553470951e-02 8.063814294455639020e-01 2.983007194213254110e-01 6.197219194193025193e-02 1.075031148212408916e-01 2.962094288234506934e-01 3.278877263660758823e-01 8.803939645533451208e-02 1.353717635401356367e-01
7.214022821856206358e-01 3.398381402687205427e-02 4.003211938296868388e-01 5.377098652080772052e-04 5.632889741894495650e-01 2.953018518462045480e-02 -0.000000000000000000e+00 -0.000000000000000000e+00 -0.000000000000000000e+00 -0.000000000000000000e+00
4.171375540472367915e-01 1.183664610683013256e-02 3.020477290315141117e-01 2.346687565619836463e-02 1.221173652180687803e-02 5.267671372215367021e-02 5.250938362425437989e-01 3.221210656262742944e-01 1.234715014499315894e-01 5.800154634304242052e-01
1.410450724640177345e-01 6.968393565305494031e-01 2.819961291080612664e-01 -0.000000000000000000e+00 2.539999809370645512e-01 2.988094182983604997e-03 1.366464172672709684e-02 1.293604078883485997e-01 4.960483756904314756e-01 2.957864673733890393e-01
3.786631610651212676e-01 1.938237185361650627e-01 4.393240476334284161e-01 7.191127182971329343e-03 3.271176624555851009e-01 -0.000000000000000000e+00 3.159322403176914040e-01 7.246604044934152992e-03 2.557822383561265123e-01 5.947209708380788440e-01
3.491206240034668701e-02 6.290691145971832876e-01 -0.000000000000000000e+00 1.380684843370087733e-01 1.413829146570982076e-01 1.100135861361807403e-02 7.455661266435438250e-01 8.459353370184349505e-03 1.828322987680887227e-03 8.908635990332022803e-02
3.054389127246893709e-01 -0.000000000000000000e+00 5.777406842943277887e-01 5.547790868819810761e-01 2.167817096931309584e-01 4.140165355712817075e-01 4.828287379792566003e-03 1.157367476970692401e-02 5.663760983134903670e-03 2.157535519614514063e-01
3.932062690834183666e-02 4.485544634609278103e-01 1.284748050190559661e-02 3.572090751253109153e-01 5.546041991355061401e-02 8.161617937439411552e-01 -0.000000000000000000e+00 -0.000000000000000000e+00 3.726776736538009623e-03 1.672064270679983131e-02
7.307639219509501904e-01 1.877862611292858142e-01 2.163019201280254045e-01 2.476426537918782478e-01 3.195138998271539466e-01 9.972245216587657946e-02 1.666582369793700308e-02 -0.000000000000000000e+00 1.019740421644234167e-02 4.584665413056641659e-01
4.632442246053922186e-02 1.463982874074299667e-01 3.967318881978248446e-01 -0.000000000000000000e+00 -0.000000000000000000e+00 2.553162325232260499e-01 -0.000000000000000000e+00 3.525957087461286665e-01 7.913295646620568391e-01 5.755697951229257064e-02
1.507706492360792738e-01 4.177584936449162956e-01 3.702063149346284266e-03 2.388912760901764076e-01 3.405431776808308664e-01 1.575168182218025792e-02 2.405129840859545065e-01 8.801384160689096348e-02 4.673529434376169078e-01 5.877361894077852700e-01
4.198972488240049761e-01 3.185574120843905899e-01 2.262770634296663586e-01 1.346837230646351080e-01 5.068119607815272515e-02 2.301579880945281431e-01 3.169445327493243814e-01 2.665597392369696839e-01 3.903354694125429902e-01 5.229296967282605069e-01
6.979755645268856390e-02 -0.000000000000000000e+00 1.933642804005023669e-02 5.740712812638482099e-01 5.303286920535403848e-01 1.351153353185211292e-01 3.522158444933974897e-01 4.443224497094598324e-01 1.139510644271823636e-01 1.767161756218527391e-01
2.004692114492101218e-01 7.498712499806937937e-02 4.575196989546920778e-01 4.273350613262385730e-03 4.097366053769942174e-02 1.897572258178188420e-01 -0.000000000000000000e+00 8.295080286155702698e-01 1.380861268151470089e-01 2.914845444955481858e-03
2.336395350715301800e-01 4.394349724385871458e-01 5.559007596369931747e-02 2.881519058035853509e-01 4.224283587083736968e-01 2.755230677622239055e-01 1.374960671034720361e-01 2.300440849235940166e-01 2.414079228015606204e-01 5.307784674483237985e-01
-0.000000000000000000e+00 5.313258147434406498e-01 -0.000000000000000000e+00 3.557910729856008647e-01 -0.000000000000000000e+00 -0.000000000000000000e+00 -0.000000000000000000e+00 7.688124839031938995e-01 -0.000000000000000000e+00 5.740693823488471695e-03
-0.000000000000000000e+00 3.309743516853067558e-01 1.736389647832930483e-01 7.979481897697243697e-01 1.710177400026344522e-03 6.803699160767193686e-03 -0.000000000000000000e+00 3.070444166356093851e-01 3.595256403409717305e-01 -0.000000000000000000e+00
5.878593498905975157e-01 4.579967434416867822e-01 2.843180411594832258e-01 8.442951269418690063e-02 5.102533587591094877e-01 2.338680528881844911e-01 1.840225229974149779e-01 -0.000000000000000000e+00 1.510143678397851685e-02 8.689175996912877620e-02
3.284999475501779176e-01 1.330999845418765967e-02 1.647253029349383252e-02 3.555320361227203851e-01 5.290427528790674350e-01 6.792081530102188347e-02 4.956643624870961107e-01 3.832090872843736395e-01 1.740807643508727742e-01 2.406248253563600392e-01
-0.000000000000000000e+00 3.270963806705630694e-01 -0.000000000000000000e+00 -0.000000000000000000e+00 4.887603284299328332e-01 1.118155739301931184e-01 4.304479521194273239e-01 4.978977413485906611e-01 7.298970731252787947e-02 4.506700332111492346e-01
2.520689231598819968e-01 5.258235212245323531e-01 3.759973772560569558e-03 4.686644292005522905e-01 -0.000000000000000000e+00 -0.000000000000000000e+00 4.367263285693029351e-01 -0.000000000000000000e+00 3.046222337968336191e-01 3.959618750768894579e-01
-0.000000000000000000e+00 5.237041319597547373e-01 5.768984653720703459e-01 -0.000000000000000000e+00 4.161923754725077584e-02 3.539922210274807357e-01 7.214297385059244283e-02 1.133438873691041821e-01 4.978109393725199117e-01 3.508917033586585188e-03
7.260260967232818885e-01 6.710749007587198944e-01 4.240871963188994932e-03 3.929801948076466073e-02 -0.000000000000000000e+00 1.470858288706848377e-03 -0.000000000000000000e+00 4.407540659696187330e-02 1.378459432327271417e-01 5.996345703690807161e-03
2.533494780006633751e-01 3.676118408088847045e-01 1.945989906485029175e-01 5.225435751181906063e-01 5.292560540164200494e-02 6.249314685739619790e-01 2.936164234846620480e-01 -0.000000000000000000e+00 9.865406205462712297e-02 2.171020990770900286e-02
