8.764119093410422945e-01 4.815622131824597307e-01
1.000000000000000000e+00 -0.000000000000000000e+00
3.428459654056060790e-01 9.393916350516955394e-01
8.206928954160137568e-01 5.713695576539582488e-01
3.959442011327723443e-01 9.182745720041096682e-01
8.148212040661085842e-01 5.797123471207571432e-01
8.811605782024333200e-01 4.728171268280723649e-01
1.000000000000000000e+00 -0.000000000000000000e+00
4.851433605059717880e-01 8.744346286355387798e-01
8.960024066613466731e-01 4.440491946362190578e-01
6.453212295685600841e-01 7.639113238250379023e-01
9.186472835884549326e-01 3.950786862835717339e-01
2.688250196448485063e-01 9.631890306751561548e-01
9.999992691428892799e-01 1.209013518245107086e-03
7.769421227770388905e-01 6.295720275351411876e-01
1.000000000000000000e+00 -0.000000000000000000e+00
6.727528700134577377e-01 7.398672691021381809e-01
8.657335245699103454e-02 9.962454791086169381e-01
8.670484195582569553e-01 4.982238835518916220e-01
4.820182184420407911e-01 8.761611935539951324e-01
8.738253905665795962e-01 4.862398449337164696e-01
1.048070034718620938e-02 9.999450759517907183e-01
-0.000000000000000000e+00 1.000000000000000000e+00
1.617101562562600348e-01 9.868382974751112036e-01
8.515612736638720204e-01 5.242550879066067981e-01
2.627938898200186668e-01 9.648519945946445464e-01
6.064598587442254773e-01 7.951141048503252984e-01
4.123345950317834352e-01 9.110324811662727784e-01
3.574082326764488338e-01 9.339482615301007984e-01
4.863617566910273804e-01 8.737575416718403876e-01
6.190893267187342897e-01 7.853205750156712073e-01
2.908421513903646227e-01 9.567710504476106825e-01
2.569584755717905979e-03 9.999966986116420875e-01
9.060128885960078149e-01 4.232500982845935900e-01
9.745216156740622582e-01 2.242936035289803676e-01
9.305179528914205855e-01 3.662462823657874900e-01
-0.000000000000000000e+00 1.000000000000000000e+00
2.430084400160101299e-01 9.700241739673219898e-01
1.000000000000000000e+00 -0.000000000000000000e+00
1.373164136384444900e-01 9.905272346308685583e-01
8.120800561794726535e-01 5.835460413331108320e-01
8.406213703216399713e-01 5.416232193680108331e-01
4.322567037420173008e-01 9.017505985970211135e-01
6.626303071541906897e-01 7.489466443217052127e-01
9.600320831542825950e-02 9.953810245293731596e-01
7.212593779365079616e-01 6.926650776086821226e-01
5.786589986445659362e-01 8.155695943864437192e-01
9.003185709714206508e-01 4.352315139830514878e-01
9.201304432897843277e-01 3.916120112194531599e-01
9.495736153286996606e-01 3.135441740354664719e-01
9.460218282755431321e-03 9.999552511337906902e-01
-0.000000000000000000e+00 1.000000000000000000e+00
7.749349276696583244e-01 6.320410254703578978e-01
2.868625628023653562e-03 9.999958854850384826e-01
9.999952814124641876e-01 3.071994922951662779e-03
9.801171341688422745e-01 1.984197654183061377e-01
9.999926692277182338e-01 3.829032622401468480e-03
7.211051195820697979e-01 6.928256681969344744e-01
4.022859869531204557e-01 9.155140548900130293e-01
9.767768956725663143e-01 2.142589463249192638e-01
9.318178965090443411e-01 3.629261739602971382e-01
3.530739297701732116e-01 9.355954254466226638e-01
8.049122152503926930e-01 5.933939043676684788e-01
8.289032723850036088e-01 5.593919601043911838e-01
7.947898622526325951e-01 6.068847294671710912e-01
1.916897642107090738e-01 9.814555691914141899e-01
2.673824217612942311e-01 9.635904942106192639e-01
3.158907520231624567e-03 9.999950106391924942e-01
7.737028624833602874e-01 6.335486410569076687e-01
2.189448061623779085e-01 9.757372452943049446e-01
4.326267096271044221e-01 9.015731418566245159e-01
9.541360975612763751e-01 2.993731907344721055e-01
6.243780103351660032e-02 9.980488570215884092e-01
-0.000000000000000000e+00 1.000000000000000000e+00
2.725719242205179582e-01 9.621354094547837077e-01
9.607072670800095304e-01 2.775635908754233161e-01
1.538490147040452293e-03 9.999988165233334447e-01
9.999978766860745383e-01 2.060733690320650392e-03
5.090693993952041113e-02 9.987034011487064822e-01
9.951782085411888801e-01 9.808329748101760059e-02
6.775378883500248091e-03 9.999770468570692294e-01
6.021629373487628056e-01 7.983732190420153030e-01
4.794735861153141543e-01 8.775563117075282360e-01
9.298478713569245657e-02 9.956675295304803219e-01
4.279539637212446679e-01 9.038005338210834960e-01
9.999679394664199306e-01 8.007498940510842864e-03
-0.000000000000000000e+00 1.000000000000000000e+00
1.000000000000000000e+00 -0.000000000000000000e+00
8.027453355632481191e-01 5.963219987820742585e-01
4.119875777619245172e-01 9.111894620603676609e-01
9.217618147044093213e-01 3.877565691936556980e-01
1.000000000000000000e+00 -0.000000000000000000e+00
1.000000000000000000e+00 -0.000000000000000000e+00
1.000000000000000000e+00 -0.000000000000000000e+00
6.520434795081118118e-01 7.581815751064877595e-01
7.817346112262986146e-01 6.236112551989964059e-01
-0.000000000000000000e+00 1.000000000000000000e+00
8.037270529201880898e-01 5.949981717654511115e-01
8.630020101159966428e-01 5.052004854864544647e-01
9.999999015727634166e-01 4.436828409412470696e-04
7.745643503630220694e-01 6.324951123500556216e-01
4.239324051316707420e-01 9.056938312030601290e-01
6.917327166553354223e-01 7.221536184972208172e-01
8.303052248110852629e-01 5.573089212020684302e-01
1.000000000000000000e+00 -0.000000000000000000e+00
7.333986438877986291e-01 6.797988151972155224e-01
9.223599816779494420e-02 9.957371744802895330e-01
1.382072627411542187e-01 9.904033282080576539e-01
1.358977500231692281e-01 9.907228681819353344e-01
9.940395121842415804e-01 1.090204027534071307e-01
8.798794880252435169e-01 4.751968924061217847e-01
6.236894434486656147e-01 7.816722319045840139e-01
9.902651219615563605e-01 1.391940667789543506e-01
9.219542301715054622e-01 3.872988477505022731e-01
1.000000000000000000e+00 -0.000000000000000000e+00
8.868631564111387755e-01 4.620321869745353527e-01
8.550569020827697431e-01 5.185341784305224078e-01
9.840850929882382081e-01 1.776978608715673036e-01
3.439122043678761731e-01 9.390018081382102144e-01
7.823527984898531740e-01 6.228355310152875468e-01
1.000000000000000000e+00 -0.000000000000000000e+00
9.544984882305285190e-01 2.982157540533961759e-01
8.517330743545626914e-01 5.239759250676742086e-01
1.172197265943832750e-01 9.931060042599371140e-01
7.897489861597345451e-01 6.134301417925853706e-01
2.487175536126678271e-02 9.996906500439269871e-01
9.036456384579044654e-01 4.282809359474295530e-01
4.722502599321091732e-01 8.814645154480440503e-01
9.748017264269516202e-01 2.230730690940406213e-01
1.000000000000000000e+00 -0.000000000000000000e+00
6.703581261022188986e-01 7.420377232787572774e-01
4.178141986507229455e-01 9.085324955145271941e-01
9.841729555540047469e-01 1.772105909817333069e-01
1.000000000000000000e+00 -0.000000000000000000e+00
9.423001093528561301e-01 3.347693294099619021e-01
1.000000000000000000e+00 -0.000000000000000000e+00
4.750932642697584529e-01 8.799354466354366577e-01
8.127955997626635787e-01 5.825489790622349062e-01
4.332597306699303430e-01 9.012691084131417840e-01
9.999772967633879794e-01 6.738394303321276063e-03
8.459905883373757263e-01 5.331978286195293570e-01
9.888572195047237168e-01 1.488670528807051197e-01
7.983599178589542156e-01 6.021805722175401776e-01
-0.000000000000000000e+00 1.000000000000000000e+00
2.338681230567365155e-01 9.722683276842454259e-01
7.684821948969643435e-01 6.398711715074717477e-01
2.226701896985749940e-01 9.748938335119371468e-01
-0.000000000000000000e+00 1.000000000000000000e+00
2.181795884565895516e-01 9.759086366975718851e-01
1.000000000000000000e+00 -0.000000000000000000e+00
1.574628220581886229e-01 9.875249159740078220e-01
2.316883311182977301e-01 9.727900684236132633e-01
8.836267263698345253e-01 4.681920636287309478e-01
3.076001379401345770e-01 9.515157146044465053e-01
8.892317657051439506e-01 4.574569562930614897e-01
7.363746374607941236e-01 6.765740116975259566e-01
6.511528419665290057e-01 7.589466228918293478e-01
6.427951908186948504e-01 7.660380817298562128e-01
4.653673365510502258e-01 8.851176430686382712e-01
6.496735931043768134e-03 9.999788959884314821e-01
2.747277921073864593e-01 9.615220435558410328e-01
1.655097517102759042e-01 9.862081535298736767e-01
5.077424294183523479e-01 8.615089235570049242e-01
6.109579308326003044e-01 7.916630639058183094e-01
9.156198745165433639e-01 4.020450788037449041e-01
1.000000000000000000e+00 -0.000000000000000000e+00
7.400038705118844318e-01 6.726026104821702933e-01
5.826206342001072347e-01 8.127442381243099589e-01
8.860915097636551385e-01 4.635103411195551359e-01
3.618520216461786499e-03 9.999934531342907773e-01
1.706496801275028674e-01 9.853317647738658591e-01
-0.000000000000000000e+00 1.000000000000000000e+00
-0.000000000000000000e+00 1.000000000000000000e+00
6.494197642498404921e-01 7.604301215770465916e-01
9.111606997980850053e-01 4.120511851013951010e-01
7.958963453989396086e-01 6.054329090664064550e-01
9.878856295646254448e-01 1.551837069402060842e-01
