9.591567221341663618e-01
2.441620474618267256e+00
1.525999831158630082e-01
1.867517349959666006e+00
7.857767092566368961e-01
4.755824683483005799e+00
-3.432317130021513840e-01
2.064964515157941272e-01
6.268452232496788401e-01
-7.806997917718053737e-01
2.023705606275556068e+00
3.402991055262974296e+00
1.765116979768947658e+00
2.996815676245536686e+00
6.711212027543843606e-01
1.945183292988447832e+00
2.320880632699366508e+00
4.816446395577639872e-01
2.316989780697140233e+00
2.001261067369438429e+00
9.736753387467499410e-01
2.496968602081355737e+00
1.866212102269821482e+00
1.734045184101186354e+00
1.352454013236850994e+00
-3.021694217878271096e-02
1.817399933481759655e+00
4.055867801899631253e+00
1.163143418924014849e+00
-7.880217022740066968e-01
5.320929510572376397e-01
2.441083892862217386e+00
1.158147138275495314e+00
2.539570585002667524e+00
5.475386476887438292e-01
1.981346874805927305e+00
2.943266110864139140e+00
4.810959771416333020e+00
1.174604052235012963e+00
1.879949093039944952e+00
4.482537637543209108e-01
4.217830516867375756e+00
-1.366926862262759779e-01
1.640843627075909472e+00
-1.553141404437908268e-01
1.140728032665790703e+00
-2.782883475764768022e-01
3.672755539475788478e+00
2.103141386555086534e+00
4.431459300829298620e+00
8.393019652186729518e-01
3.558539745909297114e-01
-1.194877703450554773e-01
2.262029496779904836e+00
2.437034767778557320e+00
2.740917436155205333e+00
-2.840236585842372818e+00
2.210448265155358971e+00
2.469291791489982568e+00
2.327945459378356396e+00
-9.379938153607420004e-01
1.267052500123808434e+00
1.685400258517027350e+00
2.430982909904684686e+00
6.713105271628502235e-01
-8.910647804211951906e-01
2.738637010267169103e+00
2.713465746324337680e+00
1.469797966145762524e+00
3.646578829793680754e+00
1.437039127385075332e+00
7.708320341728203129e-01
2.145473265364428617e+00
1.099044607491491687e+00
6.437118541698272356e-01
1.041816667721727763e+00
8.216560669916979087e-01
7.179715785895467439e-01
6.986056331095570338e-01
5.988182327530162663e-01
4.785454602530285206e-01
1.495589379765592808e+00
1.833141481561305408e+00
5.579949127099955719e-01
9.129388372898600279e-01
1.292100852221420570e+00
1.816496184812930403e+00
2.384826882731055697e+00
1.698088765288517932e+00
5.791916072752282263e-01
2.812745004658251391e-01
3.441941307619334367e+00
5.436880048969713330e-01
2.051836500196126511e+00
4.118119724466289711e+00
2.974137025725289263e+00
1.829989104944410805e+00
1.586523790436561221e+00
2.454436606199014825e+00
-2.317702553565525059e-03
3.421907396041428573e+00
-1.678436377827405623e+00
1.158032175325949931e+00
2.316115387256464597e+00
3.175582469549884657e+00
9.761546526311118410e-02
1.293860453568380198e+00
1.175782537502172653e+00
9.867200960486582906e-01
2.669174414426304320e+00
1.022191554432302363e+00
2.616096325667324418e+00
1.309458357504611703e+00
8.499430607468340115e-01
1.828882221316921186e-01
-5.727085531831984655e-01
1.647705009569031265e-01
2.405281654179467932e+00
2.888533896607210494e+00
2.349983559425196766e+00
1.729394249983072340e+00
1.625458853190028696e+00
2.801708363633607091e-01
1.106103477901861032e+00
2.181510012416020494e+00
7.338460793284018457e-02
1.751296328303434624e+00
9.533891823266876786e-01
2.149443823950230037e+00
2.825089188692660791e+00
1.144564091296633057e+00
-1.632588000265930983e-01
3.513916524315415568e+00
3.454226797329335241e+00
1.754996861521961549e+00
3.023351692374849797e+00
2.788854808816558783e+00
4.501404396998773816e-01
4.949561553424344784e-01
2.091763696433205588e+00
1.260445211207166016e+00
1.910113070997479623e+00
9.863213617859803994e-01
2.664778841287856803e+00
2.220551315597694586e+00
9.598835983135451944e-01
4.597796569131226696e-01
1.474210768917398884e+00
1.948829376038154315e+00
4.845342241236692549e-01
-5.642254069252297111e-01
3.219432470905465582e+00
1.444356166499954019e+00
4.915945362301421540e+00
1.467826625900981785e+00
1.724876673377292668e+00
3.136433338262548887e+00
1.321359114498520615e+00
-9.431453822593446334e-01
8.842511750069256271e-01
1.470224286809634462e+00
2.726877373341046185e-01
1.394856117978550358e+00
1.811204743823127794e+00
2.598873283256889710e+00
1.278926109401569144e+00
4.586888323058344596e+00
