2.454994654440556978e+00
2.896359476163809177e+00
1.943647296693672866e+00
2.634857276695247830e+00
3.202590454558761124e+00
2.023597122216758581e+00
1.900361775014235199e+00
2.425306776082571503e+00
2.132748439677817132e+00
2.623655019519889997e+00
2.160342978951502069e+00
2.652522512887359518e+00
2.457571386195518848e+00
3.149577694829565733e+00
2.444084242026358655e+00
2.416509830594566921e+00
2.727900324993662196e+00
1.953921715285696248e+00
2.527116164515608610e+00
2.045353739712091112e+00
3.080544299121565022e+00
2.273941060687972637e+00
1.706398077403799007e+00
2.705655427591173279e+00
2.911915426959813313e+00
2.377968001885296445e+00
2.390054054155518415e+00
1.790197975912468431e+00
2.623731819146375877e+00
2.095673043229959287e+00
2.055224085848907478e+00
2.602960144094029538e+00
2.409861447996047179e+00
2.260580536046019162e+00
2.570150205107812003e+00
2.975582573365491701e+00
2.565464971474705980e+00
1.704919847532820887e+00
2.233061016324326520e+00
3.088780945007980616e+00
2.498728193738604997e+00
2.734354887625591868e+00
1.880298578881271832e+00
3.567568765133397601e+00
2.543846298206726253e+00
2.199593154863038080e+00
2.374208255573371673e+00
2.457486390674643584e+00
2.354551899773690504e+00
2.413793868450957891e+00
1.988133304467609053e+00
1.811285170495436692e+00
2.507777820741733166e+00
1.528971341011729379e+00
3.119958768706761809e+00
3.314170587281106251e+00
1.902662585613964508e+00
3.125023430010922976e+00
2.115194194593716936e+00
2.905982703166838821e+00
2.157466162501258111e+00
3.316157582795757897e+00
2.403370674377451888e+00
2.318780899269320628e+00
1.406147672156854433e+00
2.796833605329271943e+00
2.183151921809209917e+00
2.723140130456067176e+00
2.117780212999491596e+00
3.495708211233456097e+00
2.465850697895174637e+00
2.170517168206489877e+00
2.186917174726501045e+00
1.940727375354265760e+00
3.042765435791839668e+00
3.609582054007216101e+00
2.704281265590100070e+00
1.547570086550600799e+00
2.463769929005144910e+00
2.519084578823168830e+00
