4.731593867059198655e-02 9.353724758551710261e-01
5.027781464322235161e-01 1.143809825253341295e+00
1.940807300351241604e+00 4.574095326403242456e-01
1.253557480568316673e-02 5.380811596942844215e-03
1.357978628092747003e-03 4.285011675198633352e-01
3.324481638383749438e-01 1.318604723477069696e+00
1.082393733072859687e+00 5.381562985351963091e-01
8.271717766844473019e-01 1.168751309803073068e+00
8.175087520039157063e-01 3.949448705346422783e-01
8.926597099950298597e-01 8.682635573945419738e-01
4.542199945164627217e-01 1.578787227680548133e+00
3.138063684791269625e-01 3.351397052984646935e-02
3.706527337385971850e-03 1.133372439285927624e-02
5.464473770883374604e-01 3.662164922733834871e-02
9.987066624471496734e-01 1.771388565377803426e+00
8.487067695690941882e-01 3.469519557816633237e-01
1.081261777553284675e+00 9.452155827741094418e-01
2.568562054794436000e-01 1.371120634114373793e+00
1.343846924686251887e+00 2.997737519688146654e-02
4.642366755396246103e-01 5.985433465679657755e-02
6.696245419210953287e-01 7.346852793279311233e-02
3.354622171011715892e+00 2.306673277641048056e-02
9.559904131288565754e-01 1.016692785596542636e+00
2.618932528234640955e-02 3.659904522176056774e-01
2.814655340285843188e-02 1.506629256911522496e+00
1.036203285191896264e-02 2.192963402091057112e+00
1.086486985974012276e+00 6.562020062571182200e-01
1.339004582649007680e-01 5.482341563601336176e-01
4.345168095122735052e-01 7.785486637585684599e-01
9.481833300922321017e-01 1.915801007162304739e-02
1.093771689158193672e+00 1.169545680108789787e+00
9.331319237581364723e-01 1.920155870565319001e+00
5.555004577400280974e-01 1.485491092684052994e+00
8.681232964934908480e-01 3.740851049259885097e-01
1.156598942137507136e+00 8.012170610055782127e-01
6.722482426970755043e-02 7.203713851268488400e-01
2.119681358671694493e+00 8.354296585519372931e-01
4.456095348208979345e-01 1.829914479878383515e+00
3.849420594327795375e-01 4.154615024800881878e-02
1.025368537595377161e+00 2.272403402634398661e-01
7.224633023201686155e-02 1.399084144375391803e-01
1.164767776396675503e+00 1.200903404362506643e+00
5.238055672468959756e-01 9.416102196159089610e-01
1.218781353270954604e+00 5.145980679967000482e-01
3.082605900574750951e-02 1.024266477752199922e+00
1.090292126285314842e-02 8.867055370027967023e-03
8.725165266962260358e-01 6.299354262044583042e-01
2.975274120219359997e-01 8.553382224570516001e-01
1.831383855991170817e+00 9.493336409937879194e-01
1.885249399996072439e+00 1.649578600241650816e+00
1.416277331167893783e+00 5.421206540075261815e-01
5.105047449720054864e-01 1.047390737935114946e-01
4.668146479926875148e-01 1.597698253075231056e+00
7.290821203777625437e-01 1.291358794781837682e+00
1.840934843488755579e+00 5.601109654388652936e-01
4.639259303146485713e-01 3.919363568731080716e-01
1.071655557547632753e+00 2.349214434473890112e+00
3.351960091842687839e-01 1.519084312010331866e-02
3.328257956934580486e-01 8.163980772317808166e-01
1.413558338114587531e+00 7.880092289756748247e-01
8.080733037225319437e-01 3.042068820877837088e-02
8.062974354645283670e-01 5.995149415061181708e-01
1.442514108487148894e+00 7.574849486918819874e-01
4.089604980056856243e-01 3.968320401808726056e-02
8.123766885254467274e-02 1.223325064713721044e+00
1.075039903294112476e+00 9.661436910304614933e-01
8.710690079171857780e-01 1.353688764528035327e+00
1.180667379890625979e+00 3.280843189838576063e-02
1.745880966976720794e+00 3.971695618798335992e-01
8.411637095774537887e-01 1.052526991322270344e+00
8.459202470047301192e-01 1.371844595817601098e+00
6.908021412976137476e-01 7.934392308112214742e-01
1.126457508170183086e+00 8.151308341491890763e-01
7.674874297794859190e-01 2.151519669975968441e+00
1.040353170052072063e+00 8.957607427413043499e-01
6.273217263791355247e-01 3.282411133026062466e-01
1.258391574536516178e+00 1.270214841968850816e+00
7.243151471961034593e-01 1.004401578838923337e+00
1.893956232733087663e+00 3.206995813395941558e-03
8.957489272590801743e-01 6.039961482127683690e-01
1.605328764422935928e+00 2.695454042132241490e-01
