7.508418851694904639e-01
-3.217320459201064020e-01
6.802576100926520652e-01
-1.639977021781313660e+00
-7.556941650276538525e-02
9.171683012295402115e-02
2.064583130208297757e+00
-5.743108959139525682e-01
-2.643033983357406802e-01
-1.839770517795455085e+00
-3.174834022254036103e-02
1.389590182853174927e+00
1.434580098213285471e+00
3.643748914615567158e-01
-3.619192806839787724e-01
6.395589907966892085e-01
1.339364594090160843e+00
-7.591613229045207634e-01
1.097913803283045553e+00
2.444646188797597652e+00
1.256520006028639447e+00
-2.039632394895193546e+00
-1.047235016019252507e+00
9.042560273260018544e-01
-5.473167600158466151e-01
-1.111618342715628094e+00
5.685429395206518244e-01
8.739999430878743203e-01
2.054543419218354039e+00
-1.106346905719713725e+00
-5.416161579799175785e-01
-2.146971096427264136e+00
-3.409523787565054143e-01
-3.632708156246517439e-01
-1.290960354496392126e+00
-1.891991436640131363e+00
-1.091115234333513095e+00
-4.090599816149483314e-01
1.109275917763897112e+00
1.578969551987191022e-01
6.832699769153266489e-01
5.762291238074281896e-01
4.427557843751827038e-01
7.871013723801018047e-01
1.596051925840786145e+00
2.203470455564789710e+00
1.005950495494506214e+00
6.945532977631247995e-01
1.490564878765829326e-01
-2.760345938627489781e-01
-1.247645166850151588e+00
5.679231331558377560e-01
-1.110029212195858372e+00
-9.959042382572860230e-01
4.046374072097380648e-02
-1.051302705729426856e+00
-3.950177686090446949e-01
-4.628853207904292111e-01
9.127098112437326272e-01
7.884541234460842318e-01
-6.523553305718939876e-01
-5.388398437144886755e-02
4.881449488546544258e-01
-1.239179183066786427e+00
1.258582651919665230e+00
2.319234671913125989e-01
-6.143910770197471560e-01
5.986148937676615267e-01
1.129505239459185489e-01
9.107997388664464955e-01
-1.401841343124927253e+00
8.548543582528491669e-01
-2.727308102438377735e-01
-1.279888372909733674e+00
-2.377129881988593041e-01
3.548333725283954743e-01
-1.479105046152479508e+00
5.939569503813716400e-01
5.946138645184686489e-01
-1.027353448028118565e+00
