-6.886250650419940555e-01
-1.074969502266951205e+00
-7.277645341894384279e-01
1.614686979600128414e-01
-1.803903835516460219e-01
6.462091321932063315e-02
-2.799315529524477597e-01
-4.734859075758435232e-01
-3.779879172622845895e-01
1.128350399038369617e-01
-2.239760354139423981e-01
6.778042146259799505e-01
-3.536950069333078539e-01
-5.696119698460671010e-01
-4.587181939044523982e-01
-8.288726677868714088e-01
-4.812629932191968551e-01
-4.450303788089347845e-02
5.535421364461899918e-01
-2.540467327487483384e-01
-2.872077225671162415e-01
9.784962953437188748e-02
3.154342302515473206e-01
3.245472159415120350e-01
1.845956962517340538e-01
-3.175060217459608203e-01
1.279850530696452937e+00
4.586297209344010195e-01
2.842891936940329378e-01
4.277176143963569710e-01
5.956335193621687951e-01
-4.777108124862635558e-02
-7.401264396788793942e-02
-1.430819057193645771e-01
6.471207215304275451e-02
-1.915230840628568965e-01
-1.134807350935362197e-01
1.080834740803343852e+00
