6.528048477209271727e-01 -0.000000000000000000e+00 7.575261254848292269e-01
9.500147848536975026e-01 2.276749586916459178e-01 2.136258920265518557e-01
5.304246890428138128e-01 8.477320621834675274e-01 -0.000000000000000000e+00
-0.000000000000000000e+00 1.000000000000000000e+00 -0.000000000000000000e+00
-0.000000000000000000e+00 6.930347359633870497e-01 7.209041924889592057e-01
9.623610171458947260e-01 -0.000000000000000000e+00 2.717743046682651320e-01
1.857838993338391531e-01 -0.000000000000000000e+00 9.825906282620010535e-01
9.999965140702621325e-01 2.640425595242534580e-03 -0.000000000000000000e+00
3.245573433399867036e-01 1.746538704030775324e-01 9.296012889606570795e-01
9.920262046989616334e-01 1.260317784948460917e-01 -0.000000000000000000e+00
-0.000000000000000000e+00 4.089816838913902797e-01 9.125425920149496939e-01
1.886094822378333313e-01 3.855695873144001640e-01 9.031957465290565423e-01
3.727242648928414948e-01 9.279421438646329179e-01 -0.000000000000000000e+00
7.628182217147834177e-01 6.466129913788428718e-01 -0.000000000000000000e+00
1.210481804107727544e-01 8.657741790367673440e-01 4.855743083529568960e-01
9.883273229694647943e-01 8.378823156562725805e-02 1.272345665419426231e-01
3.596243965857790392e-04 9.144712942106998366e-01 4.046506181076477415e-01
-0.000000000000000000e+00 7.916152289763060956e-01 6.110199090478072304e-01
-0.000000000000000000e+00 1.519111046929866038e-01 9.883941603788219954e-01
8.652507029448186504e-01 2.766777105856374486e-01 4.180797358382578599e-01
4.406705803096208074e-01 8.806529203240603954e-01 1.739536535238228321e-01
7.228490284521881248e-01 2.448036640165763833e-01 6.461891736556618637e-01
6.181053075224313131e-01 7.860953051714536510e-01 -0.000000000000000000e+00
5.822817490987819422e-01 4.268981452971194225e-03 8.129758547852558026e-01
9.013106979864721202e-01 4.238191757742069132e-01 8.953397087815569144e-02
5.840719668623544081e-01 8.060221005879263378e-01 9.585567739767723860e-02
9.999903862901948770e-01 -0.000000000000000000e+00 4.384897625600122500e-03
9.963266116438173059e-01 8.563458956724243065e-02 -0.000000000000000000e+00
5.534408437381485024e-01 -0.000000000000000000e+00 8.328884874233802860e-01
6.086208057195364729e-01 7.690072418256509446e-01 1.954701431549255852e-01
6.685754728148652903e-01 5.826541458812289909e-01 4.620833078978237030e-01
-0.000000000000000000e+00 2.592432560976807524e-03 9.999966396410624458e-01
1.905762089461212339e-01 6.203516409991172154e-01 7.608183423744637741e-01
3.894887327681070821e-01 9.210312302233264470e-01 -0.000000000000000000e+00
4.255400050677109469e-01 6.218326922815333724e-01 6.574494709837952477e-01
3.697649996915182147e-01 9.234542714801986518e-01 1.024990414009180478e-01
5.644422642405185764e-01 6.104512017808834123e-01 5.556566031132104122e-01
4.479548694755178806e-01 1.231048003454009998e-01 8.855403113608610877e-01
4.724820987211326151e-01 5.355215114795413012e-01 6.999838406211541519e-01
1.625690131345648437e-01 7.456709537484653705e-01 6.461781060236472252e-01
8.358157562837776888e-01 -0.000000000000000000e+00 5.490100377477418192e-01
-0.000000000000000000e+00 1.254600968130177019e-01 9.920986665184408082e-01
2.832448947958760010e-01 8.840310399743892544e-01 3.718352456853340482e-01
1.023572008105665815e-01 5.812826742684620296e-01 8.072381656224700830e-01
2.788026215026587207e-01 9.195662301747359324e-01 2.768881481130416322e-01
6.287621367968322383e-01 5.492101999420154756e-01 5.504782753300381248e-01
5.421607169367358425e-01 8.245476105247229182e-01 1.618116033806434595e-01
8.654979392447459396e-01 3.672553979482824915e-01 3.406417323830813193e-01
5.484468080853693861e-01 8.361854451621184570e-01 -0.000000000000000000e+00
3.967719692927903496e-01 6.802101009703622747e-01 6.163491079910886628e-01
2.845247560392465402e-01 4.157954377563400916e-01 8.638054278260935970e-01
1.649351200035812925e-01 4.668963523400989635e-01 8.687946836628976932e-01
9.991231562901146113e-01 -0.000000000000000000e+00 4.186787031697942335e-02
6.506429045646866527e-01 3.137473780100290544e-01 6.915391482276764812e-01
5.119900460995270297e-01 6.906776558421519052e-01 5.107157413037061167e-01
6.565989181672977626e-01 5.506802297442379146e-01 5.153922246506708049e-01
4.417877663041079872e-01 5.960324895717471483e-01 6.704989492302967369e-01
1.842095037424220927e-01 9.828870020154761855e-01 -0.000000000000000000e+00
-0.000000000000000000e+00 5.927448523924336854e-01 8.053903028732541935e-01
4.977557618328812827e-01 3.475272741288440437e-01 7.946470885234169224e-01
2.826550746202932674e-01 3.590061823007553166e-01 8.895058571258724900e-01
3.165321435951970463e-01 2.342641321240837016e-01 9.191994987330984745e-01
-0.000000000000000000e+00 1.000000000000000000e+00 -0.000000000000000000e+00
3.805034886114467829e-01 -0.000000000000000000e+00 9.247794846094492538e-01
4.564285096274646181e-01 1.623736411358652487e-01 8.748187333748247418e-01
6.944183443390705701e-01 5.388119192795807200e-01 4.769327821482171603e-01
9.995914881804175423e-01 2.422560788790955114e-03 2.847785027846996136e-02
4.869583919645701919e-01 8.732180884965784484e-01 1.901826536942407414e-02
8.456811329172629899e-01 -0.000000000000000000e+00 5.336885059918141661e-01
6.760828017065673157e-01 3.647500457140180896e-01 6.402104727261340722e-01
6.952848104085933567e-01 5.048006951264747549e-02 7.169594095882171336e-01
1.287048907233994122e-01 1.160648088042513654e-01 9.848675094961303333e-01
6.716755031692421829e-01 7.388759088738513503e-01 5.398527325285563255e-02
4.046938125766160188e-01 9.143911770814369122e-01 1.056850688731057926e-02
5.934667908021741267e-01 7.458513834841390411e-01 3.024944329566481849e-01
5.411458147780308092e-01 1.307941665172721313e-01 8.306949459056996998e-01
6.416737170465731666e-01 3.233036928977847668e-01 6.955066951584932822e-01
9.633104700984133073e-01 -0.000000000000000000e+00 2.683895269915985704e-01
9.999980908572622118e-01 1.954042433218949014e-03 -0.000000000000000000e+00
1.811326326652658303e-01 8.573894703778334181e-01 4.817408696269896429e-01
7.188379525687353944e-01 6.437701389615357872e-01 2.623585449880246889e-01
2.530678688713204894e-01 8.712244939765281249e-01 4.206239827212314153e-01
3.947897289461708148e-01 3.898219730385584780e-01 8.319734967262686354e-01
-0.000000000000000000e+00 9.658155360691860203e-01 2.592303035669072941e-01
3.128577610557742861e-01 9.095429778983074032e-01 2.735901911674599729e-01
9.879848895130318720e-01 1.545505033764762726e-01 -0.000000000000000000e+00
5.134328623654973445e-01 6.569929821280255933e-01 5.520388729769818426e-01
7.973477157615155297e-01 5.479763915673899755e-01 2.529001669724165180e-01
1.571584838879575285e-01 7.282233978483426684e-01 6.670771273010738245e-01
5.267256558844028019e-03 9.996646464271417010e-01 2.535450042972979198e-02
5.475420704129074778e-01 5.799830187266513670e-01 6.031727605890929711e-01
3.974859736196200213e-03 9.767094934959325014e-01 2.145291723868731626e-01
8.231980680586154994e-03 8.290155162756221996e-01 5.591650098748474074e-01
7.415258578678419754e-01 4.240717006740974959e-01 5.199063327184423322e-01
8.797332885063768870e-01 -0.000000000000000000e+00 4.754674974104495799e-01
7.162536243990917928e-01 -0.000000000000000000e+00 6.978400572732729179e-01
5.291093728042878253e-01 1.480318229531015217e-01 8.355416512681069774e-01
4.287502063903116389e-01 8.653790231385780629e-01 2.594078002527788196e-01
9.588721175004369934e-01 2.838384439786625912e-01 -0.000000000000000000e+00
2.315934041097598983e-01 9.686634018786282052e-01 8.975360178720813431e-02
6.355431314790850328e-01 3.166812188455201283e-04 7.720653001804732574e-01
1.298032395627652935e-01 5.228018618127296957e-01 8.425136985735929285e-01
9.241571666585490785e-01 3.527895117755580068e-01 1.465369976995792578e-01
9.900446715870437897e-01 1.406525774467559664e-01 5.329232560776897727e-03
4.988798236920438667e-01 2.993698638809393908e-01 8.133244162773567432e-01
1.523037145728652897e-01 2.810222207396042005e-01 9.475389648863462577e-01
3.862846006918839170e-01 6.719257879564380920e-01 6.319018458173957242e-01
9.999014100779650693e-01 1.404172795980679345e-02 -0.000000000000000000e+00
1.166265469944181669e-02 9.999319889299279618e-01 -0.000000000000000000e+00
8.977621872705116371e-03 3.942155322990019695e-01 9.189741652515185377e-01
2.152857910035533562e-01 5.855431928725225443e-01 7.815313157338139582e-01
1.391259403175093001e-01 5.745351888042151689e-01 8.065688374568371621e-01
1.000000000000000000e+00 -0.000000000000000000e+00 -0.000000000000000000e+00
5.099545829222578153e-01 3.412507924772437140e-01 7.896165018477256936e-01
-0.000000000000000000e+00 4.413954619198023344e-01 8.973126802829681781e-01
4.540601576402569090e-02 1.174526129742442353e-02 9.988995658070396466e-01
-0.000000000000000000e+00 5.294472422686923307e-01 8.483428656233731324e-01
3.741707198600338624e-01 9.273583277251807866e-01 1.674633745082779353e-03
-0.000000000000000000e+00 8.858186855777840929e-01 4.640315250941976499e-01
2.336247781342177254e-01 7.635195496544113780e-01 6.020443175857260742e-01
7.687422563133444742e-01 6.395587098603756626e-01 -0.000000000000000000e+00
6.044550366612000403e-01 7.273757331476228272e-01 3.248979093236297744e-01
-0.000000000000000000e+00 7.677972231073183496e-01 6.406929250340530624e-01
2.997873287358492900e-01 2.340207453840824001e-02 9.537189839972374239e-01
9.512193315934667215e-01 2.804527655093987382e-01 1.285613842528487150e-01
3.763503173395337242e-01 8.514544685166157700e-01 3.652201071703470303e-01
3.325332621764213736e-01 -0.000000000000000000e+00 9.430915276611849807e-01
-0.000000000000000000e+00 9.923293723829201829e-01 1.236220720831025660e-01
7.505711894496287506e-01 2.065262536178933128e-01 6.276860649518414270e-01
5.315509074607405182e-01 5.003991258447036961e-01 6.834137455681731366e-01
7.248012982190520370e-01 5.271000655950922598e-01 4.436536925909964624e-01
8.462337139651898710e-01 3.060459459613583053e-03 5.328030920861637210e-01
9.792360327198440517e-02 7.310138439701661106e-01 6.752997318570418406e-01
6.419400938426766956e-01 1.709340682622300656e-01 7.474586679038371928e-01
1.000000000000000000e+00 -0.000000000000000000e+00 -0.000000000000000000e+00
-0.000000000000000000e+00 5.668028266311079255e-01 8.238534795235049613e-01
4.253554339639928697e-05 7.594744583883573652e-01 6.505371205753280872e-01
7.494487030436055575e-01 3.774191938442616329e-02 6.609857706694124424e-01
-0.000000000000000000e+00 6.986310306581720864e-02 9.975565882846020305e-01
8.231198374328672074e-01 3.546904990497559140e-01 4.434730917522792248e-01
3.838467781926298561e-01 5.591667447022420851e-04 9.233966310333223682e-01
3.967880382831142638e-01 8.906978112883497944e-01 2.218482851896339259e-01
3.539684104412801728e-03 8.113607244156290088e-02 9.966967484572218927e-01
-0.000000000000000000e+00 1.000000000000000000e+00 -0.000000000000000000e+00
6.888797014452353595e-01 7.051782787472706815e-01 1.678342995926634940e-01
9.404782722115228033e-01 1.945495941347361035e-01 2.786594246029344690e-01
4.156929122209055555e-02 9.991356215176490085e-01 6.198253259989142604e-05
1.594107085689592251e-01 9.282247390439820611e-01 3.361354783718518702e-01
1.285675357687077747e-01 9.725136965389928889e-01 1.941326834678430424e-01
6.028983369991607333e-01 7.978180213831012058e-01 -0.000000000000000000e+00
9.544264762060261642e-01 -0.000000000000000000e+00 2.984461450864253074e-01
9.063351587057739689e-01 3.546851619628056396e-01 2.296846010885315592e-01
2.420787513157033888e-01 8.018357902019060957e-01 5.463124048680524369e-01
-0.000000000000000000e+00 6.531746605048674992e-01 7.572072786723269555e-01
1.585585998336561664e-01 5.148533437487390341e-01 8.424875102038803520e-01
3.712227816084328821e-03 5.137199895011700379e-01 8.579498771790571299e-01
9.995145401172672583e-01 3.115580353911416578e-02 -0.000000000000000000e+00
5.521413110191332185e-01 4.676836078896490778e-01 6.902260612128419126e-01
9.365865845717656901e-01 3.504362561154237277e-01 -0.000000000000000000e+00
3.616957208378253630e-01 5.965038851562306510e-01 7.164909772782406261e-01
5.345304937077217412e-03 9.320701538689727395e-01 3.622383966144385736e-01
3.747611018124605287e-01 8.516798454734297863e-01 3.663271180006542616e-01
1.533718380122568170e-01 7.543568051935066743e-01 6.382968664837607164e-01
9.662268811542749913e-02 5.364284810225660172e-01 8.383964103508383392e-01
2.597418006607509766e-01 -0.000000000000000000e+00 9.656781021590532532e-01
8.238990823353363746e-01 5.622746982705715268e-01 7.097510698638161142e-02
-0.000000000000000000e+00 2.611300963972656031e-03 9.999965905478256367e-01
6.290045311587465493e-01 4.182181128264840231e-01 6.553219894720607730e-01
2.715231544715322395e-02 3.636939368128354055e-01 9.311226944347558154e-01
5.369106725241505895e-01 2.712088931343399345e-01 7.988570998711287396e-01
1.167791600518769679e-01 6.373672065338197301e-01 7.616598137048149475e-01
6.082777358811459756e-01 4.354205850188127003e-01 6.636317579600765626e-01
1.632379043509956940e-01 4.082962203970380566e-01 8.981356150340484845e-01
3.311019597075577914e-01 2.636358027639641114e-03 9.435913002429414664e-01
3.990411328524369750e-01 -0.000000000000000000e+00 9.169330260667044596e-01
9.629883573121964524e-01 2.695429524250091413e-01 1.431054393200924366e-04
1.794471840457848300e-01 5.825676797710508392e-01 7.927254295304351217e-01
4.865744353119674237e-01 2.775007076084739510e-01 8.283952415228109656e-01
6.160372506085971533e-01 7.030414111603751071e-01 3.552898535790587342e-01
4.304496482603888952e-01 6.446940295524536957e-01 6.317299332562353875e-01
-0.000000000000000000e+00 2.639269536166838348e-01 9.645426704685577945e-01
5.019694206965968214e-02 9.987210126381588227e-01 6.050282792231547434e-03
-0.000000000000000000e+00 -0.000000000000000000e+00 1.000000000000000000e+00
-0.000000000000000000e+00 -0.000000000000000000e+00 1.000000000000000000e+00
-0.000000000000000000e+00 1.000000000000000000e+00 -0.000000000000000000e+00
4.270356504751710025e-01 4.376804028960593618e-01 7.912499087797677522e-01
1.689285131624841951e-01 6.781946266147741431e-01 7.152029123763127272e-01
8.813606190035552235e-01 4.703871057248499299e-01 4.403896044945803528e-02
2.743841109654421850e-01 8.220751718070130609e-01 4.989045715847608697e-01
4.756249380135239568e-01 6.602853880986752078e-01 5.812091917743673619e-01
8.247980484394992207e-01 4.892928865402363520e-02 5.633064033030379392e-01
7.973856636676909804e-02 4.881342399200447879e-01 8.691183606687022944e-01
6.169505307288214446e-01 7.870019330557108672e-01 -0.000000000000000000e+00
4.514647196805628981e-01 7.356101000934384126e-01 5.050320658376777905e-01
3.885000704788092452e-01 9.214486937632285768e-01 -0.000000000000000000e+00
2.926842481855556066e-01 8.864544127582600908e-01 3.585170915946190306e-01
1.000000000000000000e+00 -0.000000000000000000e+00 -0.000000000000000000e+00
8.196846951003383674e-01 4.842962560214024714e-01 3.058989000011563819e-01
1.606053242082969013e-01 4.238180611751545257e-01 8.913945147114609169e-01
-0.000000000000000000e+00 1.000000000000000000e+00 -0.000000000000000000e+00
9.958438638228744866e-01 9.106146820463373315e-02 1.675677398770401665e-03
7.733413029413771511e-01 4.420028767025011018e-01 4.545070804197080538e-01
7.084851390222731693e-01 4.720149193117527120e-01 5.246434253201975872e-01
7.213231106922786450e-04 5.282537740186018516e-01 8.490862323274791512e-01
7.953854507447720712e-01 5.970692254929446108e-01 1.042608493768939909e-01
-0.000000000000000000e+00 5.482855273833908694e-01 8.362912055390256949e-01
6.049599807170717991e-01 4.703825193118008618e-01 6.424668919537283029e-01
9.953112232934863135e-01 9.672418924976319832e-02 -0.000000000000000000e+00
4.341909617041385117e-01 7.365690805456157619e-01 5.185983015385045025e-01
2.214209177062876899e-01 8.620680494292779494e-01 4.558634174347677148e-01
9.028376617308297991e-01 4.299624344125883013e-01 4.057284117275603702e-03
6.135995466077237559e-01 6.401010916519935812e-01 4.623485577664559476e-01
7.510232251942622339e-01 2.400322006529934937e-01 6.151005266364919510e-01
6.423265799469185522e-02 7.707097669717841715e-01 6.339405498477242995e-01
-0.000000000000000000e+00 7.027696450944961315e-01 7.114174765450707039e-01
1.000000000000000000e+00 -0.000000000000000000e+00 -0.000000000000000000e+00
6.230906796812271109e-01 5.887981863195669296e-01 5.148540576524330836e-01
