-8.760376225402866091e-01
-6.253972818924453669e-01
-1.234369057378347678e+00
-1.560899976966362290e+00
1.597471951354066277e+00
5.601177100077778803e-01
9.930321312365690822e-01
-3.483180102974900993e-01
3.197024061243154414e-01
-5.215823710074530828e-01
5.967113707071344253e-01
2.224692088007774515e+00
-2.308807106909594342e+00
-5.953567998820807894e-01
-1.048131687459245454e+00
1.207405577323060530e+00
-9.488282833702299524e-02
1.118472632233175279e+00
1.867243646981105870e-02
7.198896966263980124e-01
-2.057038723103473965e-01
-3.089277638025089701e-01
8.301377834763887797e-01
-1.146597271563831955e+00
-8.916267023338543263e-01
-1.903910372043117194e-01
-4.056863930372386906e-01
-1.205023867619954725e+00
-7.317838226580315464e-01
-8.254903042306483973e-01
4.510646662735291468e-01
-4.761092026934745092e-01
1.812140217404490938e+00
3.301712573341744061e-01
5.920007666758453357e-01
-2.735205575790471411e-01
1.232825051156979823e+00
-6.434619888673046573e-01
-8.513820217615706287e-01
9.443759509609171987e-01
-8.873405221245875829e-01
-2.884757820258890826e-01
1.064747643791787990e+00
-1.774345037023656424e+00
-1.093166848287695364e-01
7.182871155314710654e-01
-2.387959784926831919e-01
5.369878062233977151e-02
-5.043749553928764673e-01
1.622994263654522484e-01
-6.970475984744426423e-01
-5.136937517074483539e-01
-9.333035404294987014e-01
-2.268254157510958546e-01
-1.661376931071991248e+00
2.624701936632034549e-01
2.010757665866322319e-01
1.993286328748302694e-01
1.859415991295987780e+00
-1.653663638139901415e-01
3.576735662180327568e-01
1.647078320764207460e+00
-1.138585272021915978e-01
-1.713106294521308803e-01
-1.296636030195427447e-01
1.636034898066579091e+00
-2.092520603616807862e-01
-2.061154412742951247e-01
3.784131680887229954e-01
2.938578430776185302e-01
7.412743997980343336e-01
5.797597845717747944e-01
1.438829425537357043e+00
-9.073861305708017522e-01
-4.916639603329600039e-01
6.935531443854918432e-02
-3.149225491017761391e-01
-9.230840782596857474e-01
1.639269516342800159e+00
5.646005799473216014e-01
1.314414910823318072e+00
