-4.987590149617881531e-03 -6.651478876019724373e-03
-1.206811983792700355e-01 8.241100967691041002e-02
-2.804211083879768474e-01 -6.998683489585581785e-02
3.202522685803702029e-02 5.520229509822272007e-02
8.213895894676950804e-02 9.254396040144496904e-02
1.388837948272048509e-08 -9.167894024767404576e-09
-3.786497241038254413e-02 3.922147706805365931e-03
-1.020669000762635488e-03 1.741480505768828319e-02
3.019718539447750066e-02 5.226885749581030444e-02
-1.542413274753616503e-01 5.117185623097962877e-01
6.402408439626937342e-02 1.405326381912673679e-02
1.814024502710580855e-01 -9.137949905629469405e-02
-3.696079237442810757e-03 5.813996412829046390e-02
2.440310091929878133e-01 -2.629540172051154645e-01
7.575247580514830881e-02 5.856729825421713720e-02
5.834226005505742212e-03 8.245124527742875298e-02
1.785500964571141158e-01 3.036243535533756921e-01
1.972229003016848226e-01 1.659102392925000669e-01
-1.495144044824048002e-01 -2.138986827182302042e-01
7.787335600001995539e-01 2.108567045558885078e-01
4.199168370088884189e-02 3.647434536225348245e-02
1.261909615693099175e-04 7.083908928906671946e-06
-3.679377498793234835e-02 4.191280294494025872e-03
6.658626335557926712e-01 3.065139281154913853e-01
-6.481816678157928521e-05 2.173800878180293800e-02
-1.121213326209997418e-01 -2.865377057011808115e-01
4.857825213841422685e-02 8.467008232013488456e-02
7.408507213724092877e-02 3.302143719872985272e-02
-2.559500114992554467e-04 7.080205286664199003e-05
-1.783212051543342242e-04 1.535011990277674042e-05
4.468471009907066804e-01 3.908767670681448925e-01
8.045009374753170350e-02 -1.710084045359671484e-02
1.931342257722111488e-01 8.490012801137640508e-02
-7.608003759634295038e-02 -3.027971601590020989e-01
2.534435977950008079e-01 4.886478329720991137e-02
-4.358010060433479826e-01 1.098754967575956004e-01
1.131587773096209587e-08 -1.126118269321864039e-08
4.328099356038988543e-01 4.720217115329310154e-02
-8.823170212640147256e-09 -6.991958527405902438e-10
6.492428086081891703e-02 6.050900968978195973e-03
3.785342933250421815e-01 2.339964005763011112e-01
4.252469173601205256e-05 5.747893125157343486e-05
-3.092903749589572260e-01 -3.068033565386409922e-01
-5.344609437404438529e-02 -6.484431711821419218e-03
-1.790658217293726595e-01 -1.039219080667913436e-01
-7.143297276159678300e-02 -7.019250796656934313e-03
1.565295980088875494e-01 -2.733248640376908373e-02
9.229482391677126807e-02 4.252276250241261712e-02
5.008087158240706049e-01 4.511815395865506062e-01
-5.723480386663618025e-02 -5.382658011681327147e-03
-1.832117977375614659e-01 -3.349562473724600475e-01
-1.851949935601728547e-01 2.896501143046007476e-01
-1.430458402845444839e-08 -5.094966072316769841e-09
3.952134369415712806e-02 -4.260735868596959852e-02
6.061647655748216845e-01 4.292683314820551765e-01
7.426145900348758862e-05 -1.947402860524996906e-02
-3.566202562837302720e-02 4.106976047009568143e-02
1.742256807317075495e-01 9.999443032756601124e-02
4.165408851201688020e-04 -3.803017117256761600e-04
-1.889762657241909546e-02 5.142010564091462760e-02
7.465769479360027105e-01 4.127986826610543503e-01
2.072268465148287830e-01 2.068502967030762252e-01
-9.291364478309815933e-02 -6.237674911449484633e-02
-5.277037025432718207e-05 7.127257930660320626e-06
6.679364000972021209e-01 2.438365990477328604e-01
7.068821473489821372e-01 3.874472172300513773e-01
8.059337282182911233e-01 2.993385843097016163e-01
2.226699136798385159e-01 1.852534694024823569e-01
7.806074357807302189e-02 8.587867972586417376e-02
2.126641124740067529e-03 2.380010240720763920e-02
3.715928367869412996e-02 2.764516962756889684e-02
5.344150781834878667e-09 6.409754757310089118e-09
-1.527987239919879336e-01 1.825095566156370031e-01
-8.634828076840986300e-02 -9.011983445608415938e-03
1.593465879854764899e-01 -5.129027245932503698e-01
6.658391486151080813e-03 1.374992758256192004e-04
-2.283132253089083935e-02 -5.771142047729375252e-02
-2.207684989020858302e-02 -7.246441307228192186e-02
8.759855367872312892e-02 1.912045241172324883e-02
4.649664083624605038e-01 2.619953818031359738e-01
1.408897787246083666e-01 3.305016840007818923e-01
-3.518836004413344876e-02 -4.899274249897275085e-02
3.716956974279445602e-01 -9.873141665143002343e-02
-5.691016128066218593e-01 4.101103074392452585e-01
4.078830303650129996e-02 3.686382450557560558e-02
-1.721589264565354105e-01 -4.498060201417657111e-02
2.110100874559235062e-01 2.829442177098229205e-01
-5.335840775756863774e-01 3.468699562581855078e-01
-2.135662657350638851e-04 -3.310339675553324729e-02
4.375901403333570805e-02 2.343568478301043534e-01
7.714772340910432125e-02 9.704157420340044082e-02
2.348396801614252224e-02 3.682234250249997315e-02
-1.209365852658700058e-01 -6.439495307636846494e-03
-1.220610924500254310e-05 9.046929678534028547e-05
-7.747824925187465905e-02 -4.852042653891042862e-02
4.252791300903354110e-01 6.791798383567615449e-01
-2.795565879723873465e-02 -4.059478849810005396e-02
2.822957619633020276e-01 5.182357778252687508e-01
-6.022657566735830637e-01 2.219563450418933492e-01
-5.149598020290054728e-02 -3.808482716615586502e-03
-5.309114575520749307e-02 -8.433935371315727340e-04
3.513137839913600957e-01 3.481684020821298464e-01
2.994789715983153799e-01 1.862567967538397429e-01
-5.156279031818503111e-02 -4.012996660786642689e-02
1.298416319544204445e-01 7.731136862056646464e-02
1.319885443350692425e-02 2.668260789672506281e-02
3.318835424746877094e-01 8.308731483164231990e-02
-1.459594124970243698e-02 -2.160885899178587033e-02
-3.719547747408536581e-02 -1.345401788916288262e-02
3.195146349655495488e-01 3.920671526262742290e-01
5.010407959519538879e-02 -4.389525186146477770e-02
-3.263456819176906998e-01 4.359757227432845689e-02
3.183973869130816703e-01 -1.740014376066690432e-02
5.783949457096321245e-01 4.523830900031775015e-01
2.336625543855919140e-01 1.491072717230630118e-01
4.102471861620014815e-02 -2.343352035591598007e-02
5.291683767560605850e-02 2.844363457414623292e-02
1.893502276207867374e-01 1.559490643447188629e-01
3.040062089181373370e-02 -3.976920760931198368e-02
5.038365962933055026e-02 -3.030434082187515726e-02
-2.195469990641394156e-02 -2.814652690243823682e-02
8.234657190945981076e-04 9.644706413831059810e-02
3.151013139386705797e-01 2.966063047159285815e-01
3.025928480005035670e-01 4.765780047583860757e-01
-6.218647468774400611e-02 -3.379674397375036221e-02
-1.955614491732796893e-03 3.843790214832173285e-02
7.982742941960989380e-02 -3.886025949259206812e-03
6.699698477646651718e-01 4.008252888538060832e-01
1.647599498339075326e-03 3.980929592818208823e-02
-5.206219942585467164e-01 4.567947954978617275e-01
-3.658613301789460648e-01 3.239374643904154721e-02
-7.634898795083462641e-02 2.119603724805673665e-03
2.038837811341606132e-01 1.157510698295981105e-01
3.294039705034330218e-02 3.922720764543237426e-02
4.959470855815130697e-01 2.277617967658815412e-02
1.087160955334692508e-08 -7.341456607036316911e-09
-2.159211101764946152e-03 2.624855078438129152e-02
4.778126460756546012e-01 3.860184295128464282e-01
4.637534748325670975e-02 1.190412073008064037e-01
6.197437937246206424e-02 3.619462959262836205e-02
-5.486338461230652053e-01 6.572138646763917014e-02
2.968206126717521862e-02 3.687341897542736977e-03
1.506948750687877314e-01 8.010443890425506669e-03
1.280692101091102375e-01 2.834141893219515040e-01
2.573263068680093302e-08 -8.394591465407921506e-10
1.752599747138073065e-03 5.967869143126693782e-02
4.981893689261711056e-01 1.000643388324223698e-01
-2.411347224184952365e-09 5.460720400023384667e-09
-5.102441018297217967e-01 1.153791366505407950e-01
6.461669423560404669e-06 -1.321284105149884503e-04
1.894315397508140597e-01 7.192338630784371467e-02
-1.374827539405270582e-01 9.169387629596266465e-02
5.180027377297155566e-02 6.229481079626571216e-03
2.286550037515825973e-01 3.708556705205801052e-01
-1.724026977790090679e-03 1.225811856609695071e-02
1.863340899009409413e-01 1.608154607500713595e-01
1.850809494361324405e-09 -9.919119995165956054e-09
-8.247060593651138471e-02 4.223994881735663315e-02
