2.061868511874067611e-01 5.534229501972878079e-02 8.084272243471471997e-01
2.093545242640984239e-01 -1.566935350375111113e+00 3.223721724116196397e-01
-8.510269440919950856e-01 -2.744762215535798688e+00 -8.117449961324328944e-01
-5.947818276564452722e-01 5.765076995468954024e-01 6.346842146425992759e-01
3.545687767744964969e-01 -7.570040172672873879e-01 -8.654089201947807730e-01
-4.697332799160817973e-02 -1.723829830722786449e-01 1.578002191137555243e-01
-4.819418404031134417e-01 -1.619372802785531140e-01 -5.036889136624145280e-01
4.893719980468594910e-01 -8.493669840929731762e-01 -7.062502783626679603e-01
-6.487271644763464851e-01 2.976431630185208954e-01 3.292329130310073793e-01
-2.689756406098183561e+00 -3.207506277343744050e-01 -2.279737224623713532e-01
3.798402120499470014e-01 3.967479775768633643e-01 -4.650462149985759019e-01
-4.430757749855688266e-01 4.759779788449527982e-01 -1.241141982989552472e+00
-1.324789356286025122e+00 1.018632840842687709e-01 1.346165890140023080e-01
-7.149645876039287251e-02 1.144443506348997858e-01 -1.034427415075136913e+00
1.013738857789702630e+00 5.545663870151575914e-01 2.120004900651896451e-01
-7.237356091158171356e-01 -1.223662434767786716e-01 1.405774925672413356e-01
-1.148419671517229151e-01 3.812132296106546248e-01 4.068901725687849164e-02
1.335870331095211583e+00 -1.097389803691343202e+00 4.102927732450143972e-01
-7.762099802482606004e-01 -1.035701752322136793e+00 4.125352476487166298e-01
9.768226696581279178e-01 -1.603086494097156200e-01 -2.373750566026595177e+00
-5.499401336122171635e-01 3.887949067120001212e-01 -5.297239328087179899e-01
5.756304404552663456e-01 2.893799694243509579e-01 5.472830584937873194e-02
-1.696135486310554052e-01 8.956878899657823023e-01 2.426063511022315822e-01
9.223030040819292230e-01 1.757088262882505969e+00 6.337457089116778075e-01
-1.313013755751122995e-02 1.576001624801106060e-01 5.790317043835707667e-01
7.887124796303468521e-01 -2.488752945232750147e+00 1.133053041210044937e-01
3.279174488704288126e-02 1.064190474414303117e-01 -4.464570370045375935e-01
-6.392445125417547391e-01 -4.113438608216218317e-01 2.630238816537371904e-01
-2.703718078864769669e-01 -5.648936285278004510e-01 -8.307820673508862219e-01
-1.121870382494426777e-01 -8.807833497080908014e-02 -7.796239214697094910e-01
1.413450934733263997e+00 4.983514314289488878e-02 -1.064772341506667885e+00
-8.235254902870578486e-02 9.124245995941357990e-01 5.046256146117426011e-01
1.580898096809471021e+00 6.675551646085186031e-01 1.031705842983052651e-01
1.691010619990928054e+00 -5.553869187970970067e-01 1.261804467689785048e+00
2.739161899070272632e-01 1.045970889740895915e+00 -1.244148066622786653e+00
-1.315459242900206771e+00 -2.281183748921759291e-01 1.677557982395679881e+00
1.541961459439312176e-01 1.257915173813333419e-02 1.507216487302364405e-01
9.884502695709315168e-01 5.078628996254588301e-01 -4.431455832411271833e-01
1.162580662941744142e-01 -1.474087066571737152e-02 3.128722639092324648e-02
3.023185138016744045e-01 -5.948002481524345963e-01 1.010556946977715642e-01
4.844227506473643974e-01 1.262389677812810473e-01 6.291688781132709352e-01
-7.864771429233667621e-02 -4.438480126590608199e-01 -4.770867220723795654e-01
-4.042757541375262276e-02 -2.519854018494265269e-01 5.658240632621084343e-01
-5.558380973837674377e-01 -3.083097161257003505e-01 1.714994634800717094e-02
-1.159983904369063845e+00 2.410711889777578110e-02 4.482521047119625845e-01
-5.486354485485174237e-01 4.158007243881694515e-01 1.795160431304939352e-01
1.878082340445067056e+00 -3.085770295162454380e-01 3.995136166565652069e-01
4.830221846508711003e-01 -1.398130620486636444e-01 -6.666204031417241049e-01
3.361513306328871575e-01 1.420588979467429791e+00 -1.780635247346142203e+00
-5.248566045566248617e-01 3.592626427897565589e-01 -5.463118717334349700e-02
4.864049075603563144e-02 -4.321628270150127960e-01 3.624637934545831275e-01
-8.758063699917050249e-01 -1.155782700329744950e+00 -6.979086548766538778e-01
-1.214153203752602189e-01 2.177272870940712701e-01 7.016755867491702992e-02
4.129562802103463603e-01 3.516250991489323630e-01 -8.745922744345825395e-01
-1.597328820820502204e-01 1.940469868395989561e+00 5.014980719744315252e-01
5.610610372786216660e-01 -8.116033535127765985e-02 4.989925950785896180e-01
-4.811711506645794945e-01 -4.524380001022701436e-01 -6.588613254553080667e-01
1.026926406243896972e+00 3.163334299832059049e-01 1.288744168394708067e+00
-3.210455685719905139e-01 4.818564244933131735e-01 -8.751754867675064498e-01
2.739369398152676771e-01 -4.556808348753394466e-01 6.694037523684915891e-01
-3.350164280523511007e-01 6.586404155142185912e-01 -2.322557968480945423e+00
1.766561819539652634e+00 5.599035975767836515e-01 -3.990119318420959904e-01
-3.968119252740320291e-01 5.234466443033456429e-01 7.355781317030910538e-01
-2.601073730807401119e-01 2.650598344521014615e-01 -6.826455596586927799e-01
5.211368859470344450e-01 4.752199711384865188e-01 -1.368335924315329910e+00
2.087018088184451337e+00 -1.323905563491839743e+00 -9.169406995558170292e-01
1.980516964700063332e+00 7.634260319661271277e-01 -3.250347400300243605e-01
-6.967743415737569501e-01 2.681054489844345579e-01 -2.807450635609869849e+00
1.006461076173063018e+00 -7.479202691239122958e-01 -7.035689061009391398e-01
4.634041732675543979e-01 -4.259904980763144500e-01 2.743225979962738564e-02
-1.063704078300359845e-01 -8.131950781247175852e-01 -1.797186303989355971e-01
-9.794495363184035908e-02 -1.176737713858538696e-02 3.403855943704932052e-01
-3.359741192993209724e-01 -1.169735061776441931e+00 -7.479861311475819452e-01
-3.327750433340960212e-01 -4.582286561819227666e-01 5.647205950504661232e-01
1.161583539075660365e+00 -5.120108434091305005e-01 -5.023080735161040700e-01
-1.408715184722761082e-01 -1.459484685990155572e-01 -2.952983242108933593e-01
5.649744893269140200e-02 3.292808553267370097e-01 5.972651632610788131e-01
4.372613905762671727e-01 5.198008732952530409e-01 -8.307565534471301680e-03
4.309878082776228969e-01 -7.612228312830553456e-01 1.756903289824774395e-01
1.729864640702236667e+00 1.322009089356110723e+00 -4.498975095542817049e-01
-2.419298743499637139e-01 -3.826706557152370625e-01 7.356615563951686143e-01
3.921786483534450002e-02 5.557414910961343546e-01 -7.895200356678475084e-02
2.714852550439064149e-01 -4.898154852715373986e-01 -1.508722546120714547e+00
-1.573702463427505860e+00 -2.331857464661052370e-01 -3.284977155100547996e-01
3.566385013477268995e-01 -5.105326553095862474e-01 -5.810989900825667132e-01
-1.143365604896022347e+00 7.314067412549489500e-02 -2.573174560698172075e-01
2.470564435268876868e-01 -2.484742483773272337e-01 -1.280247371838013182e+00
-7.665670860053341862e-01 -1.004813146241697375e+00 6.123555179130715231e-01
1.695621826993457537e-01 -6.272271099554316276e-01 3.558659760237157244e-01
-4.041337671259320752e-01 -2.050374249866875775e+00 2.578387349591684252e-01
7.792232989898498219e-02 3.370600036370493546e-01 -2.729493697689376330e-01
-4.917141402308873865e-01 1.838216200850215087e-01 -3.911557497485375068e-01
-7.174760530016606186e-01 -8.669698169830347689e-02 6.221703822350537205e-01
-4.095125681597962530e-01 1.582368523177716743e-02 5.847811963142568459e-01
3.359920736283465992e-01 -5.839863294134022276e-01 -2.432814981399342713e-01
-7.432519912762871606e-01 2.928070501696179995e-01 -1.056692539745199388e+00
1.618467521126073783e-01 -9.580107628531244757e-01 -1.072085328460284787e-01
5.369685447017692737e-02 -2.076045078786149300e+00 -2.826911943735092581e-01
-2.484878285249839447e+00 -9.890692609543942637e-02 -6.209668959226175566e-01
-6.059922649749118762e-01 -5.102510068509356206e-02 1.593219309052939237e-01
-5.050985582565322707e-01 -1.937957717161696292e-01 3.605028960444733310e-01
1.008273506831523614e+00 -1.776609793453341801e+00 5.451433538007486312e-01
1.298641393963311463e+00 -1.195686090767855259e+00 -7.797831978893395855e-01
-5.685596352154379529e-01 -9.318778168319066801e-02 1.402698029586481876e-01
5.615164424839671486e-01 1.510177575963218832e-01 4.088860115304752685e-01
-8.571815594476328570e-01 -1.309084840600360788e-01 -8.338214119034918770e-02
8.138197678510110666e-01 8.863506788430682848e-01 -1.525373423598105349e+00
8.057326375700524235e-02 3.220119904316642856e-01 -6.942833594342859849e-01
-7.170809304200362888e-01 1.045407317513272066e-01 -5.768615863441582947e-01
2.488118154019502426e-01 1.396879409988006360e-01 1.430074715656444617e+00
-7.032984985631658414e-01 -1.547305176732722165e+00 2.940592336272851437e-02
-1.045942035590205377e+00 -7.528940775256306450e-01 1.138647395772748872e-01
1.365580953163966660e+00 1.446351447375386678e+00 1.785082056102551995e+00
1.062330557140915177e+00 1.881202425630427832e+00 1.551310789347844776e-01
7.663072323231850946e-01 2.446151979406479549e-01 -4.625242383578475613e-01
6.607644757540380720e-01 -5.711530784824256912e-01 3.623183056416885983e-01
4.258171741853758463e-01 -8.079844061226475471e-01 -5.423063515524819550e-02
4.382961486291503395e-01 9.240265108294243301e-01 -1.210140536331076044e-01
3.881826618023184183e-01 1.313271606338402564e-01 3.839997903782744193e-01
6.135761090398917927e-01 -2.686508076362825737e-01 -7.243843308541415560e-01
1.140803976768065331e+00 2.730196467513831826e-01 3.486697988354715005e-01
-1.135076469847154490e+00 -6.411446945886646598e-02 3.861567677718502067e-01
-3.357986074166776080e-01 6.287232712084602770e-01 -9.318679135153047355e-01
-4.308077127478665558e-01 2.133409276060645343e+00 -4.801221907923572951e-01
-9.209991346842620885e-01 -5.891809708532013551e-02 1.964709361141171173e-01
3.179842415238912090e-01 1.823100928118223385e-01 4.864207172639021387e-02
6.101032673333323109e-01 1.881654436297765520e-01 3.230932930999372843e-01
1.527099100356841710e+00 6.745818502701550479e-01 -1.165925359954239848e+00
-1.099905780577258435e-01 -7.231417605899524981e-01 -6.456038692103535093e-01
-2.553267299364451848e+00 7.079263131394293307e-01 -5.207910426939370563e-01
-2.427963880986377720e+00 -3.245289195267266336e-01 9.434406682467613714e-02
-6.203734613707965195e-01 -4.599618275448595361e-01 8.298306063775131580e-01
9.084776179946339736e-02 8.073375409879502973e-01 -1.135783795823134490e+00
1.488507330538315632e-01 -2.705196752144645722e-01 1.816553940997162608e-01
1.500796800744311099e+00 4.094808021847510249e-01 -1.102798871493807287e+00
8.318893477291566807e-02 -1.960779905562207714e-01 8.617213545773139138e-02
2.733916959964459090e-02 -4.187956616922764996e-01 -6.030065821246292090e-01
9.874230893804794018e-01 -2.650846813235678834e-01 -2.636848361937794039e+00
-1.078363609057756856e+00 3.679660243572815403e-01 1.804882340825703924e-01
2.436407453551107105e-01 -8.038019274742503884e-01 -1.331906943872425975e-01
-1.897839683539164213e+00 -1.257641967022237850e+00 -7.927114187815917923e-01
1.493516731472104703e-02 3.723920645637404103e-01 1.792928896945341910e-01
2.082595623407542396e-01 5.443708116742567160e-01 -1.587070934552412105e+00
-8.664851790297712908e-01 -1.303653730992547111e+00 -1.093899550453011571e+00
1.188571007746011890e-02 -1.461950267976021844e-01 4.672795548798404364e-02
-2.648375316607786134e-01 -5.193299215905364807e-01 -5.012549259693162007e-01
1.157559990128238070e+00 1.607888636334815935e+00 -1.627571836577581532e+00
-1.523184665344150812e-01 2.257634595999101490e-01 -5.405895029482052361e-02
-9.315286831782648713e-01 -3.446107946527142418e-02 5.437170035942833213e-01
2.038617173843901842e-01 -9.407913271949051859e-02 -4.636313177866599466e-01
3.817156488842423645e-01 -8.353451205634447874e-01 9.186629050889030257e-01
-2.752463931134844777e-01 4.991892761594313721e-01 8.697584308061971914e-01
-3.298134935853654359e-01 1.089110115014197744e+00 -2.184416108729803352e-01
-1.547470118059422195e-01 -4.864780877128688230e-01 7.544218275504238624e-01
2.379222168482019173e-01 5.232622653563582249e-01 4.067445510792762065e-01
2.092922118983076452e+00 -7.936837570588128887e-01 -6.395414601526939746e-01
2.183090257855135885e-01 1.126962498328837742e-01 1.544140420433898209e-01
4.300972270739579217e-01 5.969917298691325147e-01 2.419376521895688636e+00
