2.439814880817918752e+00 1.619323749800723355e+00 1.497608551613557770e+00
2.068665443115189628e+00 1.377363068000445612e+00 8.917416407592636540e-01
1.305618069521537583e+00 5.818954714122800409e-01 5.570346690369346598e-01
1.122747100162101580e-01 3.519095005421457589e-01 9.840000793044133554e-01
1.663612619152230909e+00 1.386918371304574515e+00 8.265417191365753702e-01
5.199712692626160537e-01 8.917223022826351597e-01 6.525674679691950697e-01
1.697662085511664198e+00 6.020852511228994564e-01 5.256426489992002127e-01
1.532174188890085380e-02 2.365242461632749427e-02 8.982437046394768920e-01
8.553497748691577529e-01 2.490493661470059850e-02 1.171457378658667059e+00
8.903035418896483311e-01 3.607665533141981018e-01 4.242199570009382859e-01
1.949036024725843808e+00 6.318901555218218169e-01 9.941770518917937283e-01
1.338515575071217434e+00 8.493736971453919038e-01 7.047901349850584918e-01
5.790263677176238355e-01 7.971520434125662913e-01 7.115903859185515080e-03
1.588482413106630409e+00 6.380999436437733152e-01 5.710361489212535391e-01
1.920932804086017187e+00 1.037622999071506014e+00 1.176542080072928931e+00
1.668326652201884697e+00 1.488869880617842201e+00 8.226749260961061516e-01
1.779576198526927833e+00 1.320136572627833127e+00 9.282816154129748254e-01
8.375624669092539554e-01 2.538479148597778123e-01 5.495559332605889358e-01
2.255262463547769602e+00 1.161914619790476833e+00 8.031803735864260219e-01
3.309950099528408685e-01 2.532817632960178589e+00 2.367150963171873013e+00
1.584205086277143293e+00 1.717201304413884744e+00 9.956407486380839389e-01
2.122455997866986991e-04 1.967950765856012196e-01 -0.000000000000000000e+00
8.661466893461431393e-01 5.282908093900458291e-02 1.476936873102245107e-03
1.665160090712113572e+00 1.480739819131857926e+00 9.557798084179679465e-01
1.026508388985689191e+00 1.459685412743079391e+00 1.069167457297117929e+00
1.991451544602884649e+00 1.214763269177619565e+00 9.374499748662556975e-01
1.903270228372935247e+00 1.173705286346659715e+00 7.877156144948994632e-01
7.425087192787699353e-01 3.683862785823912023e-01 4.191989831998372829e-01
1.215186228366219812e+00 7.490725508229380269e-02 1.610700393296397692e+00
1.023546427931949054e+00 1.574846607236909113e-01 1.113616620505262889e+00
2.132949662354371306e-02 1.052000331417408908e-03 1.457052508492673981e+00
5.386361720113187063e-03 4.023371639645256792e-01 6.581931806400430629e-01
4.135407104060818129e-01 2.426701268814390744e+00 2.376225511840085680e+00
2.330163001425426650e+00 1.557274608031343988e+00 7.362518544353791050e-01
9.273066185210862011e-01 2.505993573931998841e-01 1.454005893240038594e+00
9.313842671179425325e-01 3.558508870424978987e-01 1.191438315503453443e-02
6.058641503327519828e-01 7.978751189599038174e-01 2.251754164362525581e-02
1.400576532417406428e+00 7.672871025267909983e-01 6.202275882177574751e-01
1.073898650345705974e+00 4.127456640358516671e-01 4.659181701056179792e-01
2.964390025755781477e-01 2.981101854983830624e+00 2.566467321460534912e+00
1.628796362721227631e+00 4.022397504838857163e-01 9.769197615930811374e-01
6.887535069671852916e-01 3.235551806378915707e-01 1.207032925642955501e+00
1.012564962589980633e+00 3.035774563650260882e-01 1.228003631075751667e-01
2.126667007303239210e+00 1.511564565888363187e+00 7.678330525941716722e-01
1.333184719109642202e+00 6.137651576994136715e-02 1.765510373935257338e+00
9.326272448010589633e-01 2.067972066914732565e+00 2.144882529986308128e+00
2.039445616759980595e+00 1.625807975377467240e+00 7.908356261705191681e-01
1.113860936212069719e+00 4.323523300283245718e-01 1.189226320623866906e+00
6.885630625236771607e-01 7.701157737372725798e-01 1.434117146688975719e+00
1.617175659482805505e+00 1.694088597776971739e+00 7.247674208814776087e-01
1.176316808915106815e+00 6.608169054786119379e-01 5.668042241701544137e-01
1.055732475626946165e+00 9.560240444198024878e-01 7.519241910058209744e-01
2.957314904763700403e-01 1.313811311511740298e-01 3.185864044681424034e-01
8.362670745494915625e-01 1.568792630042110670e+00 1.378190668335489422e+00
9.546438687233375076e-01 1.271884728508708429e-01 1.452204165690594184e+00
6.278703376652098322e-01 5.533872261069574389e-02 2.704242425240584446e-01
1.190345275621867760e+00 4.140367536130667991e-01 7.680442863380204654e-01
1.080883113282204322e+00 1.777449838873013999e+00 1.643918511357487011e+00
1.414968392890371574e+00 1.654282316908560535e+00 8.393055494538318451e-01
1.692803460247342295e+00 1.192753887439478078e+00 7.049364463270894055e-01
5.865774700885779680e-01 3.169151629015188876e-01 1.164295282731327541e+00
1.307806747700798050e-02 3.082564952873282582e+00 2.350301514545044324e+00
1.802152377884730150e+00 9.588156939638790011e-01 1.223630214427705809e+00
2.008180990143165090e+00 1.435089483064242000e+00 9.724447564766052210e-01
9.974007554692947419e-01 5.925603811351936034e-01 7.477444671004981336e-01
1.824716820275815055e+00 1.290365418314654677e+00 8.486441725365936328e-01
1.331382434292988970e+00 1.135177845545577879e+00 1.627715205791503861e+00
1.183450381997980250e+00 7.467236226131519494e-01 6.046306512621969498e-01
1.606065502535902523e+00 1.247440737950341161e+00 8.693570726593979892e-01
3.417218013985143799e-01 1.499130680335138077e+00 2.065520025347740596e+00
1.507413237837369469e+00 5.337703114766665369e-01 8.078070754218756866e-01
1.044790312198790927e+00 7.710805917088499051e-01 3.573081170119245531e-01
8.955139816886747983e-01 4.560603873921507088e-03 7.206911787450727136e-01
1.081513372752471502e+00 5.031114078673034617e-01 5.465599898115545141e-01
2.111771992131838971e+00 1.173522965850019473e+00 1.333084480701792751e+00
1.274503911412138146e+00 3.172088904399469802e-03 1.735957407558620824e+00
9.771758245520844044e-01 5.762232617570607340e-01 2.411740418282427578e-01
9.951088964356757938e-01 5.452096196035441933e-01 4.837141972960961600e-01
1.928501132435215260e+00 1.647995491171322824e+00 1.703682370410783076e+00
2.454569278777016250e-01 2.918905169662576515e+00 2.470816737887223002e+00
