2.113893722374770245e+00 7.840340804729909463e-01
1.562972306128878053e+00 1.209308187527839085e+00
1.211105656961712240e+00 7.921179712984459664e-01
1.104031914451606866e+00 8.902961135659906086e-03
1.522179225871970742e-01 1.597852920374358554e+00
4.391504829916865332e-03 7.733987302238471556e-03
8.660648046843757442e-01 2.752125791555106726e+00
3.757722082864561330e-01 1.866798481459319259e+00
5.696352967318161209e-01 1.389757932251168171e+00
1.164323608443343719e-02 1.368428327028096358e+00
9.296311196975691471e-02 1.623334008894116609e+00
1.383908727494124469e-01 4.191292798266708641e-01
2.309743096081751546e+00 9.424524653604413604e-01
1.524382612387657598e+00 1.825566972695863210e+00
8.459141396562942089e-03 1.039050606631777507e+00
7.214430452956294149e-01 4.706342992671404268e-02
1.933306807454631349e+00 1.590398516361377634e+00
1.689460859782847546e-01 4.453098078913449165e-02
1.018751504659939772e-01 9.769132710327046998e-03
6.440655756691142653e-01 2.363530424334692789e-03
6.649760583357611221e-01 1.236506905479929468e-02
1.705801547616801750e-01 3.093464314882098803e-02
8.046920098718398848e-03 8.693401696690841174e-01
6.051016176445204175e-01 1.119842083643750819e+00
1.761768556746766412e-02 1.435371201993871138e+00
7.104164472945879993e-02 9.084056270206955844e-03
3.281371785589988210e-01 6.561157701157321886e-01
2.442710128714684625e+00 8.480401028877556646e-01
4.814966796212866856e-03 1.684552775474394748e+00
5.025888674023547553e-01 1.750209803656040508e+00
9.113942127203918109e-02 1.488403508765756278e-01
1.388933293782391998e-01 1.524059249507091929e+00
4.881775271155958107e-01 7.911636582248198976e-03
6.779845969534886718e-02 7.522957756334013313e-01
1.134436770015767940e-02 1.811193320799827852e-02
1.336538246059886248e+00 5.848142041534627467e-01
2.807735368119677194e-02 1.659150375332232030e-01
1.595305388765587251e+00 8.028158133894786400e-03
1.311626715501526208e+00 7.760731344783089458e-01
1.671774521024004034e+00 9.229175518794791033e-01
5.165968768602291483e-01 1.436021356836529872e+00
3.151696289614557694e-02 9.399815413292258448e-01
2.147175946536093727e-03 5.322492061331134394e-01
7.470123772876366974e-01 1.099047260746304766e-01
4.038250017301056594e-03 1.785486054403616185e+00
4.007657542447423671e-01 3.889935330483670350e-01
1.962764985341481250e+00 1.234428329604729369e+00
1.816200676832485428e+00 2.455759286584297652e+00
1.769154297479881288e+00 6.598207271247135026e-03
1.289957159982174195e+00 4.636371995138590107e-01
1.371471704784906320e+00 1.973115800599043457e-01
5.790939980067549842e-01 1.817376960983650008e-02
6.731771060149316366e-02 1.090369435618599780e+00
6.019589392371798020e-01 1.179948162741799811e+00
4.437094828568390326e-01 2.675173916261012419e+00
3.577515313094538074e-01 4.871711904398110526e-01
3.862539566372538702e-01 1.087683974715292656e+00
-0.000000000000000000e+00 1.000152832597797810e-02
2.891556394383846262e-01 6.932166077975066010e-02
7.872714128928276489e-01 7.008948790471046797e-01
1.885011572150586456e+00 1.473226908742411578e-02
1.577531365222611254e-02 9.662091884983180501e-01
2.404117564372774962e-02 3.037745218086132404e+00
1.924312782781035347e+00 3.206180175905840989e-03
1.901430695019633299e-01 7.795015538750904582e-01
5.968155681594077278e-01 1.483641270932015033e+00
2.180461643621811607e+00 1.496304614827999313e-01
1.495147383519578543e+00 5.526336328673814302e-01
2.770781461217961095e+00 6.950650848074331305e-03
1.594681375933778567e+00 3.482298587749569907e-01
2.165484243534498976e+00 1.561375643172005834e+00
8.570026743630615451e-01 1.260282770871777647e+00
1.840140303812266565e+00 1.468078104847063026e+00
9.551957512737502265e-02 1.750780311507181164e+00
2.081234762977230091e+00 1.044171888993316921e+00
1.095824358286165534e+00 3.003281998167485201e-01
2.383869404046116136e-01 1.704440105895185908e+00
3.895002067039589067e-01 2.505644202635558537e-01
1.291298802508697774e+00 1.363287301240419191e+00
3.398726454082983805e-03 9.041886404982126813e-01
1.699103562655746247e+00 5.189990368159670409e-01
