5.164893620470519808e-01 2.787143705396120552e+00 1.293288915980866038e+00
1.543083530189182317e+00 3.812550358406018025e-04 1.111252988542245745e+00
3.357001119398979494e+00 3.002763406123307166e-01 1.420271391920195247e+00
3.405739138936014678e-03 6.109208744673620163e-03 2.234369664894626073e+00
4.041230328557268159e+00 1.777144188853516882e+00 2.511512070095146543e-01
2.132243523117064665e+00 7.162769196508982361e-01 2.964696241973419077e+00
1.887419452678054999e+00 1.828947314851538108e-02 2.910822572443157785e+00
1.315228948995390335e+00 6.449004865645389072e-03 3.440042985415681986e+00
8.810294391161394706e-03 1.852431978168117999e+00 3.199020222010973580e+00
1.362672514864157192e+00 1.987331019777178520e+00 2.379775458396698351e+00
1.633543166461255192e+00 4.032397845687483162e+00 1.465893461429720532e-02
3.745159293913066456e+00 2.011614337353221149e+00 9.789480576157406216e-03
-0.000000000000000000e+00 1.727025215323540142e+00 1.038196511648964648e+00
1.030365932860258127e+00 3.763047773678029451e+00 5.236602372287582075e-01
7.792331821719690188e-01 1.232305442059986156e+00 2.328178767634463853e+00
3.700899756092443926e+00 1.642808543615500216e+00 3.003108863499659997e-01
1.230271786491528685e+00 7.022881850245746849e-01 2.807334461804241954e+00
9.868321215079091380e-02 2.702959760239722620e+00 2.373570617998497223e+00
1.397077129408669016e+00 1.580346823431857672e-01 3.245925160492690420e+00
3.224920234117865103e+00 1.438871964161077092e-02 1.627268369921130997e+00
3.853106390338223886e+00 1.924297549180637112e+00 4.877180539128902169e-03
2.226477869627137805e-03 2.221584386212049012e+00 2.778519777801014889e+00
1.271080822429796031e+00 1.290565986575449298e+00 2.980217282251082178e+00
5.887091275057173556e-01 1.058589134129315074e-01 2.697507575123970991e+00
5.538917159571729032e-01 4.412693134609336987e+00 2.759223035497398446e-01
2.410952520174423963e+00 3.148845613509381636e+00 8.040264317900425173e-02
7.417710841110164433e-01 2.371923436445650957e+00 1.635302288905315579e-02
1.798465231402984310e+00 9.433625404975241879e-03 2.101116525330731122e+00
3.162991298206375035e+00 2.728489600291796879e+00 2.388368201430302873e-01
2.142639167244908105e+00 6.647742071884210277e-03 1.066566936986410141e+00
1.567621663754742212e+00 3.015556508157404725e+00 6.386553213845323936e-03
1.227835501800698115e+00 1.120059009191374022e+00 1.145059137100208568e+00
3.386691381324952399e+00 1.495944602377053956e-01 2.631581724592202853e+00
5.421944731833940878e-01 7.199517452407092621e-01 3.499141052175582800e+00
4.827380850567379866e+00 5.574360667447617601e-01 3.534474992880451971e-01
2.686532676869266112e+00 5.142407354835683009e-01 2.961889971567934765e-01
1.488086501899726737e-02 2.392784627825788935e+00 1.285881432884912634e+00
1.280134624812481636e+00 1.842622890409705505e+00 2.180185528212165824e+00
-0.000000000000000000e+00 1.380414460125485521e+00 1.429426930065366586e+00
1.742724391550353635e+00 6.236912282754624171e-01 7.837627566504370424e-01
1.540969111094662829e-02 1.427040470985059484e+00 5.866786801086810721e-01
4.240847587622643133e-01 2.897077281363114043e+00 1.418079083665540585e+00
2.299148192643088340e+00 4.080992653212557109e+00 3.598636000985244113e-03
2.184171002274027273e+00 2.861881470499775482e+00 1.107558182020873527e+00
4.944039339309488391e-03 9.465185388039667469e-01 2.629365365509416907e+00
4.845426949450315490e-01 4.674665985605097260e-03 1.179749782976256656e+00
-0.000000000000000000e+00 2.887472084071566858e+00 1.637954127657059056e+00
2.351422254373914722e+00 7.229725813188293548e-01 1.739925694635907405e+00
1.861630426455907150e+00 2.144865203275825305e+00 1.824106275054614201e+00
5.845238532582094360e-01 1.391852388874133872e+00 2.334073057839081144e+00
1.518632325243018277e+00 1.158101674172041351e+00 2.106391321407476092e+00
4.227724912759954989e+00 2.326654352114959412e+00 9.852947451801952541e-03
6.941944044708953099e-01 2.502661143620091178e+00 2.619789981604994988e+00
1.650812274007747327e+00 8.944366099182839980e-01 3.198265507552905618e+00
1.148876522881457030e+00 1.411040006793296220e+00 2.254011546143636302e+00
3.005801887283323204e+00 2.520760877665843225e+00 7.666828119908436490e-01
8.682846320824070263e-01 3.506799707001116984e-01 3.686009672916617408e+00
8.743823935068499864e-01 1.291065655332185313e+00 8.462113604018349777e-01
1.070864861342265772e+00 2.861507669612079141e+00 1.159557744363503673e+00
1.073216001041823686e+00 2.380240210734352324e+00 2.384945217334845768e+00
2.663323900115443621e+00 3.116113150775156715e+00 1.143402605570299047e+00
4.361626015511173904e+00 1.599290970835798298e+00 6.117203104857513729e-01
2.837029149030773745e+00 3.180669923968812096e+00 2.761912090806450114e-06
9.249093733558848562e-01 1.515305084761420673e+00 1.912194725051849176e+00
2.388470628504595350e+00 6.596072651132647499e-03 2.481903135857255194e+00
1.918014965616029022e+00 3.159186494238249154e-01 2.054183041399701537e+00
4.098231303500198486e+00 2.226130519407564901e+00 2.613788855827776092e-01
1.646661474870151132e+00 1.744290426516061254e+00 2.761716575233673421e+00
2.845077428008198073e+00 8.002326632261164141e-01 1.297475313102646410e+00
2.394429240274586590e+00 2.114006085791294343e+00 2.718997740644881755e-01
6.467894657616847232e-01 5.992454955664610061e-01 3.732940300780966503e+00
1.593046843648450839e+00 3.408493828257367575e+00 1.018549330544336017e-02
2.337259464828806532e+00 6.873123667097231770e-01 2.804864806107348230e+00
3.413003764522524630e+00 3.425435723250181419e-01 8.481049819497196163e-01
2.379005925791519260e+00 2.817153544407234200e+00 1.803352368026300001e-01
1.539734023249651917e+00 1.090701966086733699e-01 2.252476239633816046e+00
1.979721668280815638e+00 1.354882260850573047e-02 3.397479669796027224e+00
6.333116288670775917e-01 6.340749665351468056e-02 2.396287697732911059e+00
3.571430115687197926e+00 1.268852027177823860e+00 6.089481480636795840e-01
1.098328485062074512e-02 2.323174893748569669e+00 1.852693126377273680e+00
3.107781469931631069e+00 2.128841155858523848e+00 5.902711816952978079e-03
