9.357032359599025684e-01
-6.709338017031190038e-01
1.707793808136898461e-01
-1.942070699369300157e-01
-1.151777563826486883e+00
-4.957224479331821532e-01
-3.867987554525426086e-01
8.093302061401522751e-01
1.537756034174753705e-01
1.419438706083271107e-01
-6.482516591932988570e-01
3.361694994864803387e-01
-7.232208483240043506e-01
-6.133554758485500885e-02
-7.715518546573449932e-01
-3.884156451691256340e-01
-1.558723830435282121e-01
7.892794444186803648e-01
4.946454478810369954e-02
-1.534139967824358630e-01
-5.969655616339070159e-01
1.367101614433139933e-01
7.600475006373899056e-01
5.631256419354681020e-01
3.856986496397313280e-02
-4.315430998988997735e-01
-5.567290304637574350e-01
-3.238479348729771390e-01
-6.924641812840135469e-01
1.790532939442419369e-01
-6.815235904988998783e-01
4.071361837599296596e-01
-6.025891920391058809e-01
1.480118071999703688e-01
4.178549944822910756e-01
6.322864781748137597e-01
-3.682426641851438420e-01
-5.997509554077780081e-01
1.410625972781564819e-01
7.807970129814855165e-01
-4.883592819644430039e-01
6.065375480885603077e-01
6.027885775474371988e-01
-8.720139582860213512e-01
-6.203158585137600323e-01
2.320207825374480115e-01
8.975996027946625544e-01
5.877771487205254303e-02
-7.617043175580837655e-01
-6.690315632554572067e-01
-3.682074336485968019e-02
-8.611645903995182039e-01
-4.269155933921844337e-01
1.661648661577486419e-01
3.968486039759436951e-02
1.704521627156876384e+00
-9.719983215624172779e-01
2.709008222613476513e-01
-1.165545623747482190e-01
6.819314893357502072e-01
4.678858778062705004e-01
8.537855131036387046e-02
-7.461217279186679319e-01
2.971817797687706028e-02
1.280973570207403212e-01
-1.409457205453591710e-01
-1.345541020531987542e+00
1.354156641575592068e-01
4.772661943206432666e-01
-8.095584578892264238e-01
3.653370547194318418e-01
-1.882719935962119395e-01
5.394990001185997475e-01
6.610473112868070489e-01
-9.527525837005360598e-01
-1.981956734290190869e-01
1.269437740742612508e+00
4.374377865600900250e-01
-3.518672201809361355e-02
3.716985029630902049e-01
-4.446764677202182381e-01
