-7.383048053133732525e-02
7.541767937083737605e-02
6.208117323537876847e-02
2.934750883648060693e-01
1.602960043812070023e-01
-3.044184840430088634e-01
-2.625891992989816126e-01
-5.181818229527922481e-01
6.548039630517200616e-01
5.784002036539996894e-01
2.287257409828039600e-01
-9.899247571570067572e-02
-8.947420792963507452e-01
-3.156088631638065412e-02
2.085910318358320803e-01
-6.560015442442357347e-01
-2.929417109768593375e-01
1.969333135319505934e-01
4.688347018490653384e-01
-1.235717179228448537e-01
-4.961430535033383230e-03
-9.673883384542678043e-02
2.212429482550503090e-01
9.668955475209661810e-02
-8.838332352270640568e-02
-6.843526916458148035e-01
-5.224899534495657250e-01
5.408792823038802711e-01
1.641588913892319812e-01
-2.390678195662134242e-01
-1.945706561572108362e-01
-2.548498058955787071e-01
6.240789872879751732e-01
-9.856788204365255629e-03
2.277454341741034227e-01
-2.865957449951434671e-02
-5.566555552651509392e-02
3.518859306512541751e-01
-1.659138919112519150e-01
1.727337125506734627e-01
2.042643038057739280e-01
-5.166237001259851302e-01
-9.570819518063297116e-01
-4.142511925686581664e-01
-3.669413618776860564e-01
-4.527334348588574753e-01
2.280145933659038712e-02
8.111682172684774039e-02
4.630134113622732389e-02
-6.308202393286366227e-02
1.527749861005213428e-01
-2.915930477193545145e-01
1.213909595803490116e-01
1.607935504106269564e-01
1.357607582928001544e-01
-2.622810594515795346e-01
-1.510763708612567757e-01
-1.540277352672211608e-01
1.138253411328243037e-01
-4.965884215820616510e-02
4.656384090047620550e-01
-1.839821556410792605e-02
-1.464790573443187915e-01
-3.234523847928431894e-02
2.131123906662384382e-01
-3.122928113063569988e-01
-3.948043394525619365e-01
-1.656785371558213704e-01
-8.020291207040863846e-02
-1.360782498633967552e-01
1.740739289658169986e-01
3.869634630191471913e-01
6.740649681962804229e-02
3.781159438565809619e-03
-4.483748232522342947e-02
-7.045548268072632236e-02
-2.792406433910568087e-01
3.633968309199084312e-01
-3.924484406244704848e-02
-2.070400743127629173e-01
