1.097315918361406115e-02 -7.271887060740024437e-03 9.622974985667850575e-03
2.348565599865956588e-02 -1.260372701407045867e-02 5.020425317724226504e-03
1.512103155053386681e-02 -1.433433488385521364e-02 3.844469563909963528e-02
6.369824528601499003e-03 -6.088921694843530547e-03 2.217056748292368235e-02
-1.290526790946038699e-02 -5.493735203488662360e-04 2.530299050500046595e-02
-1.269225781794360241e-140 -3.573867342479447997e-142 -2.098674981045839035e-142
3.281257971293948146e-03 4.613782152670632512e-03 7.392983180855613144e-03
2.102808001668181673e-02 -1.643568137771899210e-02 1.728395564640722998e-02
1.874641077553158014e-141 -3.235387968684073771e-141 -4.322809844451112203e-141
2.870528651024296246e-02 -7.406811684176968676e-03 2.804891834648536378e-02
3.585408582196594317e-03 -2.549461787208429087e-02 -1.546645205545406701e-02
-8.283781588725653080e-141 2.960273596743699436e-141 -3.818252072168286339e-141
1.890019148436493032e-02 -3.099147147645494368e-03 2.239667836465475056e-02
2.376205141230790847e-141 -9.419185012162967514e-141 -3.344382394814241206e-141
-1.826338521047084218e-02 -1.425019878531578153e-02 3.248945679873431469e-02
5.318045960021221737e-142 -4.387458639718500207e-141 2.435477494594395806e-141
1.391175421201453681e-04 2.143961857426228868e-04 3.271224441166689645e-02
1.586476991974025350e-02 -6.975040699170681480e-03 2.471562988195123364e-02
6.472118486390386095e-03 -5.206308509811356094e-03 -1.060265286390091018e-03
3.361742679292606395e-02 -4.332833255109599241e-02 3.012590880710022331e-02
-2.446167969057424715e-02 1.110845771297903385e-02 -1.180285519692540188e-03
1.271405381805047129e-140 -1.307291653857552301e-140 -4.147882015803120162e-141
2.666275891004660226e-02 -9.746990825301324324e-03 2.568470483277953895e-02
1.799109875789318279e-141 -3.603022678414074951e-141 -2.986655577931092257e-141
-2.428487519134566588e-141 7.431022284203894263e-141 2.534822934768697246e-141
1.877225801777666972e-141 4.779760884549435182e-141 4.423666492001888105e-141
8.446784067719093070e-03 -1.499234558870233755e-02 1.755931270605788630e-02
4.775273845235330494e-01 -1.780972112162904630e-01 1.919525318137299263e-01
2.586952807191227749e-02 -7.529644126389546666e-03 1.100151542125079977e-02
-8.834659092039943290e-03 1.657157518856184827e-02 -4.120721317278485535e-03
-8.206026919552883830e-141 -8.892586536993583261e-141 7.552668111568334874e-141
1.806526587853389890e-02 -6.828056339831134469e-03 1.359147385651189067e-02
9.218789780582270868e-142 1.086089354047035696e-141 8.836660207810750001e-141
-1.287544306938524712e-140 1.853647793793857806e-141 8.099410281288952999e-141
1.979797815068300507e-02 -2.511406796446246856e-02 9.893799980775726255e-02
8.462303500552303959e-02 -4.880908020697873745e-02 2.094377069790262225e-01
2.169848071477567011e-141 -4.166386488036175774e-141 5.226582348371533440e-142
1.003220737305501355e-02 -3.584462822990451894e-03 4.264569216490811561e-03
1.270602019115533411e-141 5.375733836861627898e-141 1.600241139205473823e-141
5.464150090606696908e-141 -1.616321278850174295e-142 -1.445461567201250135e-141
4.489939635240599104e-141 4.372363055359890521e-142 -3.176886482914575484e-141
9.110054623522763869e-141 -3.619036067848662379e-141 2.921204412279576180e-142
-3.296935130916295309e-02 1.668571282756859796e-03 3.187636982808394331e-02
3.158254317070330330e-02 -3.002911030916224563e-02 4.148904793677244546e-02
1.223873688017960287e-02 -1.286261088956618809e-02 2.731068480056911621e-02
9.099285946696152386e-03 -7.351167139478724175e-03 3.704845272267060646e-02
1.962069977619953706e-02 -5.882576730822488068e-03 1.477866575961204500e-02
-5.254692402812458295e-142 1.116770828383262629e-140 6.652017581893796106e-141
-1.344880448534866921e-02 3.933385279311426598e-03 3.989245000663532020e-02
3.731140813141662323e-141 4.151899898418089360e-141 -5.746536064673537743e-141
-6.693392594677318705e-141 -6.042511813208582939e-141 -1.132433897828585196e-140
1.279468776963365873e-141 -3.067023050175084839e-141 1.457058460882625288e-140
1.255593625972919102e-141 -2.246816012525206752e-141 7.857355795902471071e-141
-1.086646496937183464e-140 3.226998898944737811e-142 3.051304147990061813e-141
-2.802587025348006384e-141 2.544444148234882844e-141 6.228080374909044034e-141
-3.787249079744155559e-141 3.653508659305879130e-141 -3.464416164811134374e-141
1.373251936622164615e-140 1.577593237063853532e-141 6.564471240087714440e-141
-3.386728371217185209e-141 6.000659153341847459e-141 -1.984571294235916592e-140
-6.966594404022834197e-02 -1.178012188273871302e-01 6.275489514380135914e-01
2.741544874987525762e-02 -1.367008898467594359e-02 1.097239493141779175e-02
-8.118862243184919702e-142 -6.560360341474436583e-141 3.985467185615840463e-141
-3.559871857378053609e-142 -2.738707529214891119e-141 6.002041320791344503e-141
2.385813462130658563e-02 -8.191190698553939623e-03 2.984781281603287109e-02
1.211052197621375059e-01 6.831780475429850841e-02 4.872073176413899143e-01
9.087278314742696898e-141 1.658572528482922294e-141 1.051040102555967826e-141
2.743646516392489465e-02 -1.030629905163179399e-02 3.493339591180138516e-03
1.791351500199596034e-02 -4.619497409706995947e-03 -5.657934658677945400e-03
-5.451053057856549775e-141 1.088555298255902142e-142 1.239656602052875336e-141
1.216602870362679979e-02 -1.273412844946316368e-02 1.640045068693274290e-03
2.644800786596147174e-02 -7.746314932944487093e-03 2.742305957980582798e-02
1.616553893211606632e-03 5.352221473221446292e-03 1.174540786623236820e-02
5.063978872086506795e-141 1.117832049694933656e-140 -1.579944106536672772e-141
2.996998603374166903e-01 -3.852613137255178535e-03 1.882015009056132449e-01
-1.239182558782276522e-140 -1.521639613921851133e-140 -5.217744174771444017e-141
9.938753861992481124e-04 -2.362518833084438757e-03 1.993326869848134966e-02
-3.767632281633963298e-02 1.489090511406707118e-03 4.825409512442000587e-02
-1.985442746224098598e-141 -1.223612217215721921e-140 -1.582612044983565545e-141
-2.133060940472270581e-04 4.643428143568537926e-03 -5.916384284940937391e-03
3.652492408150004090e-141 -5.642754681535497642e-141 -8.612913595103800599e-141
-2.724658719710427723e-01 3.114178004799076360e-01 -1.155201247279177279e-01
1.343850295114859670e-141 -2.105826662119018462e-141 -4.699089971629770978e-142
-6.137660255558640011e-141 1.956193651655739567e-141 8.816760611128187194e-141
-4.786155212487413887e-141 8.797538913035717931e-141 1.214714797036243665e-141
-3.615880351220633337e-01 1.963938227387491686e-01 2.161770425817187979e-01
-2.159814447901528267e-01 -1.725946513595337795e-01 7.588460762667195159e-01
-2.588799766163176752e-01 8.687013868332613131e-02 2.615117676907955380e-01
-1.813125423187568533e-141 -2.969852634269089935e-141 4.249834553734938536e-142
-1.828482068263312665e-01 -7.250112196376676255e-02 2.544607539827876685e-01
1.482046908091888548e-02 -2.673562689653165986e-02 5.468654982770842360e-02
2.866857592296653476e-02 -2.053548413311695187e-01 7.276222261781004619e-01
5.660844411557413147e-141 -6.565681462626409620e-141 -8.647180027498850459e-142
-1.002053540927562957e-02 9.676699162889589381e-03 7.710989095956208815e-03
1.909095241020028477e-02 -1.097917860279847349e-02 6.605914617447318157e-03
-6.875180114585594318e-03 3.081550803892212954e-03 7.493069726330821648e-03
-4.360036666250723288e-03 1.222489586233615165e-02 -3.608945887832773459e-04
1.467557600921728066e-02 -1.060583244523343599e-02 2.484432406748591365e-02
-6.369367462277202025e-141 -4.492011850418327350e-141 7.702821904466148770e-143
1.053673873911247889e-140 2.357425720610701481e-141 -4.466796906711603926e-141
1.879160304849800955e-01 2.473270965420570067e-01 -6.539532855866330152e-01
6.935941780385995736e-02 1.062493587855652538e-01 6.048108530467258825e-01
5.977155253758547117e-142 5.371960858957982707e-142 3.173065300535510736e-141
1.838146357840290306e-03 -6.540596278596782012e-03 2.088411406090705247e-02
-3.757987559488984314e-141 2.691245159457715063e-141 1.631013936898332956e-141
-1.340467040567366407e-141 -5.134383213318086301e-141 -2.675085666801580256e-141
4.677485440008767856e-142 -1.815028898589425226e-141 -7.423993418064539186e-141
1.797435556747964288e-142 -6.960783870847141327e-141 -1.011766487314169005e-140
-6.000101915581598257e-03 -4.550826500582564119e-03 1.256254649209010733e-02
8.266269222566032767e-141 -5.538637734821236538e-142 1.255869573913353366e-141
-8.379215651567260836e-03 1.573168944865664665e-02 1.547600471934238754e-02
-2.176301361907384199e-02 3.595686925932997224e-03 3.091877275095755370e-02
5.261091806928608337e-141 2.663784831346347916e-141 -1.295475060602881043e-140
3.567460615896278287e-142 -8.803740543096752244e-141 2.741312450363435470e-141
1.291305468726236527e-02 -1.189507791032738682e-02 1.279997945754179391e-02
-5.417003132562355343e-142 1.444365837989450921e-141 5.491507335549571288e-141
8.484907666325901385e-141 1.063287297500614454e-140 -4.629897157375471202e-141
2.347453434665682653e-02 -6.995419797411818984e-03 4.059900877192804819e-02
-3.386750352213058163e-141 1.401347696857588717e-141 -5.514868719273373102e-141
1.834455114039797163e-02 -7.227542979912788927e-03 -1.275746219830851610e-02
7.417734325102500088e-03 4.411019530190387651e-03 6.515700448677191892e-03
-1.419531190891828998e-01 1.626390430638468276e-01 9.937950185681151960e-02
-6.660472432849770782e-141 6.027531735253422429e-141 -3.195809245733759364e-141
3.950637597298983369e-142 7.527251304537029552e-141 1.523525559411657555e-142
-9.976085633574331789e-141 3.168837314658962149e-140 1.046345734316173316e-140
-3.292108890756958829e-141 4.284657283153240985e-141 6.593083778860317233e-141
1.935265171717152552e-02 -5.485668095379417006e-03 -1.630402069411160740e-02
-3.841889849620940155e-142 -6.168702250736077130e-141 -1.343390875978685452e-141
-7.115632902097075718e-02 -3.071603974003796547e-02 2.871273144409617339e-01
5.460210348311947959e-01 -2.302908912751405052e-02 1.811800651366820836e-01
3.428002298723864527e-03 -2.617100853692564885e-02 1.272362844344018529e-01
-2.770124946648643796e-141 8.835267384110491065e-141 -5.881331534834917911e-141
4.831758734212179732e-141 1.500049813963909159e-141 2.122479341490124208e-141
-3.498801222361407600e-141 8.845612264391174656e-141 -9.189027130658659470e-141
1.632956628153989231e-02 -1.055494180357442226e-02 2.888411993675145048e-02
3.493017844405041927e-01 -1.523917451428526693e-01 -2.123155771373283485e-01
1.954644695184521784e-141 7.689643804917958473e-141 -1.444403679629060013e-141
-4.273712987208701762e-03 4.006893499523554768e-04 -3.114557488451140214e-03
2.520647477729480369e-141 5.709927327212117133e-141 2.729527670869212650e-141
-2.882533543460263359e-01 2.811483478026429172e-01 -2.746826311695722486e-02
3.744427610801014837e-141 1.535979617957796609e-141 9.246352650264009741e-144
4.383484614634807215e-141 -3.309097907049598264e-141 -6.996074204628308410e-141
-9.456996513014048601e-141 -2.431003431712507799e-141 8.366684756575848980e-141
1.045075172644065088e-141 -1.276108846122262952e-141 8.860444327121527992e-141
2.614614497330711703e-141 -1.466326352482540197e-140 2.493954926290504134e-142
-1.579624347149673413e-141 -5.405058343547526333e-141 -1.586549210589268448e-141
3.045912797754210533e-02 -1.115400743765766929e-02 2.815043887127751873e-02
-7.854478178217626424e-141 -5.228119315082608396e-141 -1.122552993665930377e-141
8.874514802818209494e-03 -2.882566615117796143e-03 1.240490299218138803e-02
1.787547774218888885e-01 1.332057320670125833e-01 2.101778752794604133e-01
2.826834695015136845e-01 1.331202049163101309e-01 -6.153668589934143673e-01
1.904248256926273711e-02 -1.424164781800118899e-02 7.147933788956868997e-03
2.860562302219380459e-01 -1.556886893133159200e-01 1.629177976357565893e-01
-3.573115094955326106e-141 -3.624594091551298221e-142 -4.733409485202710365e-141
-4.752894904724114938e-02 4.285338926650584385e-02 -1.755149815473593111e-02
1.932914686851396058e-01 -1.827546953807433483e-01 6.581782664486596213e-01
2.484114914748818473e-02 -6.392384656494619170e-03 9.691695263974486538e-03
1.942675943300601824e-02 1.663267248198511397e-03 1.372718001192300107e-02
-1.354554614766204090e-02 1.686673621185790645e-02 -1.120553933625989063e-03
-5.778336556331522021e-05 5.953573662893926581e-03 -7.060139020363715920e-03
8.764945877489787110e-03 -7.099696588462087177e-03 -2.412281081302334283e-03
3.697126803145794893e-01 -2.971444486549994490e-01 1.655822538881544237e-01
-1.725894072414862340e-02 8.785865557354468041e-04 -1.810472664455177764e-03
4.736107538348960366e-02 -1.746993682322512190e-02 -6.505452059031821554e-02
2.342037950856353731e-142 7.863584187163990426e-141 8.423269093757452310e-141
5.881189278058155547e-141 1.066986990753057845e-140 1.733917552260070477e-141
2.595646376956558740e-02 -1.759460152660696081e-02 2.880057846420820689e-02
-2.062971744165834759e-02 8.560767811819979889e-04 3.354000935175931869e-02
1.854593186364611457e-02 -2.115577228888662620e-02 3.536527262973125640e-02
-9.399510031931997134e-02 -3.175436272006849914e-02 -7.697661612539420661e-02
-4.660643131113662366e-03 -4.222201236515439257e-03 -4.809475627161653895e-03
-6.325912347088712647e-141 3.212218815934890209e-141 5.672420675998240967e-141
1.106810101265280272e-140 -9.761527469651623451e-141 9.148761541081660790e-141
-4.034535613903840168e-142 1.233077017967452250e-141 -1.673135872001715867e-140
7.164610950254983717e-04 2.093730812165982280e-03 4.138966397941323816e-02
-1.702814352844457882e-02 5.789313332754461063e-03 2.642057483141636159e-02
1.114742600090341124e-02 -4.540020345051584173e-03 -1.055941085450002670e-03
8.401188793235475974e-03 -2.107054308487823352e-02 2.045833704616292423e-02
