1.254272421754031932e-91 8.502189629926917031e-91 9.841149612866434043e-93
-2.485345107533299344e-91 -8.614401145085700199e-92 -5.399199506948846090e-91
-1.137439213219009602e-91 7.019614851437890148e-91 7.551548177516067426e-91
-7.514872606923552129e-91 4.723307893042397767e-91 -1.488105562047307886e-91
9.980947129423492492e-02 -1.650844488849975353e-02 -8.348098296588812861e-02
-1.288066784544117229e-90 -3.626919561708494979e-92 -2.129828729776620145e-92
-1.677408625378585581e-91 -1.103857962760853680e-91 4.195588417837948774e-92
-9.873519363612878891e-92 -9.228082374345113419e-92 -1.503019439330511170e-91
1.122020359373729764e-01 -2.492479449112456474e-02 -1.384231715600374168e-01
-7.293184089690492065e-92 4.347583347465672149e-91 -7.205586758738932986e-92
-2.601816361105657673e-91 -7.901499063958817075e-91 -4.718915799360413894e-91
-8.406750058110751797e-91 3.004217332977469992e-91 -3.874932056787877180e-91
9.030511829683025556e-91 -2.641149325165040287e-91 -7.204042561926778269e-91
2.411478682189400638e-91 -9.559007960341339050e-91 -3.394028028239544867e-91
1.166350809121735088e-90 1.076654484607403633e-92 1.224979884750516326e-90
5.396989612122492616e-92 -4.452588202544105534e-91 2.471630903098018616e-91
8.552643379482444130e-02 -1.722970264591721853e-02 -9.110259471936092701e-02
4.708586341346022303e-02 -1.361192764265842063e-02 -7.601662010196623409e-02
4.139462841831921015e-03 -6.805722025462044959e-03 -3.408610500034647134e-02
6.120554876931427746e-02 -2.002586305799955099e-02 -1.098965709270691010e-01
-7.018125541584240868e-91 -2.029460445683129246e-91 1.587570191263208254e-91
1.314165582610346550e-01 -2.362543955767152856e-02 -1.289195330701799480e-01
2.607702996956967337e-91 -5.286540224601402094e-91 3.464136073469992072e-91
8.864994064905696858e-01 -1.894440751821263313e-01 -1.142624083254334844e+00
8.639520222437080399e-02 -2.995254025639768752e-02 -1.637972156567136239e-01
9.367447821502183913e-01 -1.671383944209643979e-01 -9.941754329961255410e-01
1.777737413443256365e-01 -4.573129772632474055e-02 -2.572319736463632434e-01
7.441831748283535275e-02 -2.073452648406106519e-02 -1.090283699255682748e-01
2.281130022000180072e-91 -1.131939106345920047e-90 3.087270535523026117e-93
-1.045833592550495372e-90 2.500890609061118598e-91 -7.685559394103139274e-91
5.969152379175279161e-02 -4.072895004096073295e-03 -2.145572736643980294e-02
3.320424921030165143e-91 1.343612929558575563e-90 -8.468167451672178642e-92
9.355637964803358407e-92 1.102211790889683623e-91 8.967835875420048457e-91
-1.306657238755207355e-90 1.881164240182540562e-91 8.219641853614237637e-91
9.119367161275844236e-01 -2.019117224281516965e-01 -1.205893561582282780e+00
8.480718581601358330e-02 -2.275179326238187943e-02 -1.225693616646583856e-01
2.202058348063243658e-91 -4.228234348679632025e-91 5.304168270285353313e-92
1.954896669253430637e-91 1.956190269258804901e-91 -1.334952239130547641e-90
1.232366779614465918e-01 -2.854751149758408615e-02 -1.625688811111847543e-01
5.545262583244928618e-91 -1.640314735409357272e-92 -1.466918699378128886e-91
1.106120234847114636e+00 -1.804009338146974062e-01 -1.069517449896418837e+00
9.245288690364064402e-91 -3.672758793532127291e-91 2.964568186600724206e-92
3.371027614075687089e-91 1.245285187320921976e-90 1.622817580288675998e-92
3.446443850614360760e-01 -1.798223821946379197e-01 -1.082380289953713826e+00
1.609476883607928940e-92 -4.101760242649250101e-91 -3.297593111387253662e-91
-9.746716389299997199e-92 -3.861621865338159667e-91 -3.699777267611114702e-91
-8.455144614733795987e-91 8.956573965086770676e-92 1.529249586081320154e-90
1.164520345153216840e-01 -3.121038364171841231e-02 -1.694831525969020813e-01
7.894212073546864729e-92 -9.806672069730243051e-91 1.092863594571299622e-91
3.786527676005902262e-91 4.213532713103140482e-91 -5.831840431594722558e-91
-6.792752558909206800e-91 -6.132209787612232234e-91 -1.149244295544208106e-90
1.298461831698589202e-91 -3.112551427041316419e-91 1.478687742970786094e-90
1.274232266393582304e-91 -2.280168838537256340e-91 7.973994194113105237e-91
-1.102777204278960163e-90 3.274902034856841266e-92 3.096599185852673978e-91
-2.844189985678927376e-91 2.582215110565665692e-91 6.320533018995336441e-91
1.226685358532008996e+00 -1.763769251181144249e-01 -1.043831908157708765e+00
1.393637154039829693e-90 1.601011795797714088e-91 6.661917433238627806e-91
-4.692911833968734653e-02 1.603046395505845854e-03 1.151857014224367051e-02
-1.741965264188966414e-91 -1.421848120924078989e-90 9.067039235677087059e-92
-1.778530789851664226e-91 -6.168811891423264533e-91 -6.818039980790898734e-92
-1.197285578826978031e-01 -8.898831539947370944e-03 -5.324373403676890826e-02
-3.612716320842026644e-92 -2.779362231340243859e-91 6.091138531587902122e-91
1.258225208738116829e-01 -2.752628168040337220e-02 -1.516982921754956581e-01
-2.801638069429403367e-91 -4.898655504371910528e-91 6.483853421483375930e-91
1.034840224065852965e+00 -2.258013102074818146e-01 -1.332262181321191230e+00
-4.010786357763769976e-91 -6.253714600009913384e-91 -9.691239961576724138e-92
1.650642742671259971e-90 3.239588664158700856e-91 -5.903644576807442149e-91
-5.531971131791887077e-91 1.104714340769750512e-92 1.258058665565137078e-91
6.638352982745433586e-91 5.936171306889641789e-91 7.253712649943687998e-91
-4.892467286309316681e-91 -9.771698795805780616e-92 1.397768242234988000e-90
-1.650935662332653080e-91 -1.756732111512395750e-91 3.946403840368605034e-91
5.139151029178043769e-91 1.134425690498753775e-90 -1.603397562716594937e-91
5.239987456621770545e-92 -1.641079991237598132e-91 -4.667580527713760573e-91
-1.257577585366440807e-90 -1.544227569950824791e-90 -5.295198898552082589e-91
3.995000891188900387e-92 1.218445941752872831e-91 1.728279178809228983e-90
-5.591271850119437543e-92 -3.235878488969366494e-92 5.536607797147019358e-91
1.165645592051451462e+00 -2.203068273058364224e-01 -1.300046531042793774e+00
3.637834467908123733e-91 7.187384690184478343e-91 -7.932612486332452555e-91
3.706711775966567466e-91 -5.726518467298429001e-91 -8.740767859534960850e-91
2.572570269896631359e-91 3.263846527991060520e-91 -1.164171799007708434e-90
5.660589404739653219e-01 -9.413023845906474951e-02 -5.530736401864007057e-01
-6.228770659562938789e-91 1.985232338466669356e-91 8.947640879478101699e-91
7.647067933631761238e-02 -1.814788033205970430e-02 -1.044041338582373246e-01
6.720333085102001003e-02 -1.526248112442259684e-02 -7.958632915365057570e-02
-4.487205266919114598e-91 5.457967529104048244e-91 6.191650069318554191e-92
1.104547163661484191e-90 -7.357059567269801867e-91 1.109000880150508537e-91
-1.840040335864182158e-91 -3.013938566379145835e-91 4.312921157916268899e-92
1.019665083024097510e-90 -3.071803880613669779e-91 9.449541046672936889e-91
6.569657960819050846e-01 -1.461283549031634210e-01 -8.826270044881575627e-01
1.504541961991648635e-01 -1.836760672924539484e-02 -1.006770339626962135e-01
-2.271910773362531000e-01 -3.835638280339649653e-02 -2.342913004210473993e-01
1.434897182627756264e-91 1.345253590133173132e-91 1.533334321546159197e-92
4.014426830750846828e-91 -1.387505634332732450e-91 -8.428126302112586954e-91
3.067017592096277778e-01 -7.054426426311113940e-02 -4.405610154017017832e-01
1.043359115388871453e-90 9.407301258952825451e-91 -1.777777223017177151e-90
3.433884431854732164e-91 -4.182791585141442177e-91 2.613639902476180301e-91
1.076530031772163498e-01 -2.184290459990128469e-02 -1.193762392328236999e-01
3.714952717721129154e-03 -1.574768075782967186e-03 -8.173446486921087661e-03
-8.151720689438407869e-91 -8.130020750459311076e-91 3.222662423521383942e-91
-3.505003813954874277e-91 7.323400776126566147e-91 1.040421453226635744e-90
7.769651959301084043e-02 -2.606336164476814876e-02 -1.433944602609735774e-01
1.612045802544368825e-90 -5.566565202120875218e-91 -3.224345404813797967e-91
1.176478588532765268e-01 -2.021248947386676542e-02 -1.098001552339257225e-01
-1.360365583095812188e-91 -5.210600486578694925e-91 -2.714795935161180764e-91
4.746920301245614690e-92 -1.841972067377572977e-91 -7.534198775070408939e-91
1.098878087146933691e+00 -2.276420765790032885e-01 -1.342424790464517903e+00
3.957703874518618558e-92 1.659763674245973556e-91 -5.072905480273201867e-91
8.388977729898955983e-91 -5.620855958157394351e-92 1.274512310639007534e-91
2.138932664177360950e-91 1.114636440317998920e-92 4.367793336779061996e-91
8.324879065501018527e-01 -1.130476693900751006e-01 -6.741018626416468429e-01
7.150284373191317933e-01 -1.732526023039424601e-01 -1.015252664111582881e+00
3.620417730570277419e-92 -8.934427535245588245e-91 2.782005821200988731e-91
-1.092702605618583197e-90 4.405121645982621752e-91 -1.484920857011338456e-91
2.263592351122621291e-02 2.979188932738801102e-02 1.760078779449258668e-01
8.610861748701005251e-91 1.079071249562841919e-90 -4.698625595076931583e-91
4.741225872468627405e-91 2.598157536323531632e-91 -5.371944891071655564e-91
-3.437024916135429864e-91 1.422149981359325921e-91 -5.596734103820942576e-91
1.692362943038823914e-91 -8.440794720189838489e-91 -5.930802251340687707e-91
1.533728030533123222e-91 4.385411268234505038e-92 -4.311368546743814177e-91
1.206004245833387639e-01 -2.311537089704216591e-02 -1.286732199817536559e-01
-6.759343714241822793e-91 6.117007338118606319e-91 -3.243249387314703557e-91
4.009282776826191081e-92 7.638989471663031349e-91 1.546141511329696778e-92
-1.012417548452912071e-90 3.215877071820668933e-90 1.061878197602203979e-90
-3.340978550948937925e-91 4.348260812810219244e-91 6.690954710406452047e-91
9.270751769469258718e-01 -1.731203776130357530e-01 -1.024689513793239248e+00
-3.898920724867247730e-92 -6.260273457163997064e-91 -1.363332821337290414e-91
3.933896071443473084e-91 1.463924278842915402e-90 -1.073521034019032929e-91
-3.050143620796442445e-91 -1.340184130843711616e-90 2.567662309423053410e-91
6.384295809500815023e-91 1.331659818071729161e-91 -1.196839393288760897e-91
-2.811246024147672812e-91 8.966422375969858889e-91 -5.968636871055967553e-91
4.903483703010655831e-91 1.522317280536852495e-91 2.153986453686294792e-91
-3.550739123715843992e-91 8.976920820667613062e-91 -9.325433503677031414e-91
1.884587619317210918e-90 5.396487756110509450e-91 -8.961877490148213107e-91
-9.937475289295406363e-92 8.726806127017101062e-91 3.500607680193289244e-91
1.983660388534710314e-91 7.803792605037755717e-91 -1.465845108010021795e-91
2.071615593686264573e-91 2.164453970464373721e-91 -5.804711400978628472e-92
2.983155066651441839e-02 -1.579391948509382276e-02 -8.260071820544065413e-02
1.344881770722838321e-01 -2.464341196922806981e-02 -1.353397435374976698e-01
3.645305864825135189e-01 -1.127432724543550313e-01 -6.592965306562132977e-01
8.079446069107969475e-01 -1.903608168243070553e-01 -1.129277742797974327e+00
-9.597380753439739588e-91 -2.467090425057974279e-91 8.490883880771042132e-91
1.060588775096755408e-91 -1.295052024415389830e-91 8.991973057727034486e-91
2.653427102337825553e-91 -1.488093211646148870e-90 2.530976402136605399e-92
-1.603073056666180355e-91 -5.485293649648390795e-91 -1.610100716135477762e-91
6.172363229323455346e-03 -1.926217179409442848e-03 -7.423636083409947302e-03
-7.971073859676397430e-91 -5.305728052475357526e-91 -1.139216714450483458e-91
1.610470757231204364e-01 -3.102613250349376545e-02 -1.748523425567322931e-01
1.129292315620942004e-90 4.835932325877077616e-91 4.130301878375998943e-91
-2.313567609007965924e-91 3.059846120449290538e-91 -3.282043742806786910e-91
-1.138956676743845970e-90 4.049445648886960621e-91 6.561587885899782313e-91
6.817025590423176327e-91 3.256768218869409614e-91 3.949741150769199149e-92
9.490599741779344178e-01 -1.833967813880455211e-01 -1.087340028958386107e+00
-9.460282275832275640e-92 7.772148801566331832e-91 2.846278404685359746e-91
9.678103125654036337e-91 7.470710017301119709e-92 3.667057385409155109e-91
-5.546137700427466604e-91 3.354732186203432799e-91 9.926728635903913015e-91
-4.936609304234639254e-91 -8.134733372770656375e-92 1.036383638523246540e-90
-5.299581050391505590e-91 3.705182384059070808e-91 -9.008305202492757403e-92
3.070457627215535674e-91 1.075044642615906670e-90 -2.430828867267056847e-91
-5.262523503632396089e-91 6.215537598647831882e-91 7.965904911882140806e-91
7.569791621987191593e-91 2.077630758530798742e-91 -6.677021652134289802e-92
8.629666933143306090e-91 5.471358833471680989e-91 8.713855368913899494e-91
1.415804678729521326e-91 -8.486623762525354995e-91 2.081888787816534160e-91
2.376804297478834411e-92 7.980315042633641365e-91 8.548308183282500520e-91
5.968492502550619855e-91 1.082825862855306743e-90 1.759656664905386946e-91
-7.975917051383647445e-91 1.963762171373452091e-91 1.693980592804313365e-92
-1.484620815192432480e-91 9.823860686376586454e-92 2.657862052331587739e-91
-3.341347693018988084e-91 -6.641565973760232568e-91 -7.044916054045136436e-92
-6.171911202747998627e-91 -1.050482268528629102e-90 -8.340675903959648521e-91
7.649749983541528308e-91 -8.014902533676047514e-91 8.547100732881619402e-91
-6.419817256393091096e-91 3.259902549130279660e-91 5.756624838163186440e-91
1.018793326288318424e+00 -2.105396120459809284e-01 -1.249465689582069050e+00
