2.576218420190397040e-01
-5.918024157236980720e-01
1.240989208574345970e-01
1.255471671293039826e+00
-2.242310531149470654e-01
-1.013777227316414453e-01
-1.314626526908598603e+00
-4.810726559825587167e-01
7.048840883280537151e-01
1.610309108042315696e-01
7.155671098945455277e-01
2.762062361412290779e-01
-2.538905727843999705e-01
1.566621575828318624e-01
-4.056569447884186275e-01
-1.759477112456463710e-01
-8.860086059368230682e-01
6.044903488137364223e-01
5.845236701937072121e-01
1.745878104350355176e-01
-8.975900700847480040e-01
1.247193709805832357e-01
-2.705623164311669049e-01
4.036368816922102920e-01
-8.299210366458181776e-02
-4.335117361334700492e-01
1.461647538651025119e-02
-7.053842694891865328e-01
4.656093377208543327e-01
2.281427002446688446e-02
-6.132501440884922245e-02
-4.135385729976272934e-02
6.334784130243078515e-01
-1.163071358319491821e+00
1.665565187621228516e-01
2.473773908783517272e-01
1.026104912382816564e-01
-6.002838459336049537e-01
