-5.197187519501625941e-01
-5.889364570399590049e-01
6.783332945006961268e-01
-1.626735467624728926e-01
-3.022165073515857836e-01
-7.130287646388584477e-01
-1.206843547233958230e-01
-1.106868887787803235e+00
-5.274406775087031596e-01
9.567807092834340610e-01
6.258171016436756551e-01
-1.435981539567035836e-01
-4.582878024654138960e-01
1.023322117394966646e-01
-3.945867530609636353e-01
-1.441583534479472795e-01
-9.293009560436196748e-02
-3.416610312760987034e-01
-5.470461141736283617e-01
1.838026558395466081e-01
-5.990221811318291456e-01
1.764198143844377398e-01
-1.051581786342959735e+00
3.169551676408693952e-01
2.836227751776020378e-01
-7.631752896535852482e-02
2.128249714703415452e-01
-5.304341548743284340e-01
5.221571330754523066e-01
2.693875382944924124e-01
-2.812474676016949934e-02
4.795971281932077668e-01
-6.653859195950457828e-01
3.573700442570243441e-01
3.858188879992904274e-01
2.927547525567619213e-01
-2.880176402002199709e-01
5.550529582457734978e-01
-2.417418730139782590e-01
1.339185833916327895e-01
1.604587009152282640e-01
1.215861143910759445e-01
-3.839558877211553256e-02
5.689317185082869432e-01
6.025641257991212058e-02
3.947932658821819984e-01
-6.580602182718935378e-01
3.797283911834429260e-01
6.361588385547624069e-01
1.192470877595222523e-01
3.261144585601959828e-02
1.727258070983127003e-01
2.220208011193617048e-01
6.766926680594905763e-01
1.023107638547628706e-01
8.229627647300306048e-01
-1.053445675156463146e+00
5.526435142055359240e-01
-8.726904403370735475e-01
-4.274308797014119143e-01
-5.853220917508347720e-02
7.144435033388223388e-01
5.636454881751691293e-01
5.113610474245555704e-01
4.997142526298375409e-01
4.655880860220804607e-01
