6.796019071955701207e-01 -0.000000000000000000e+00 1.137298127969213590e+00
1.658885933217884245e+00 7.007144293651434638e-03 1.836987038713488452e-01
1.360709583410644186e+00 1.200802680154204882e+00 2.315996705446628390e+00
1.560069771434500208e+00 1.352680886466498311e+00 4.047091901128257452e-01
3.759679022026949369e-01 1.957867028546261823e-01 7.848919500040036912e-01
-0.000000000000000000e+00 1.092337098218192915e-01 6.343025480743267330e-01
1.114025900575531081e+00 2.130527118102373052e+00 3.834466146590376767e-01
3.822681906297231355e-03 9.439089639342541915e-03 2.935699642380413567e-03
2.178117508279677317e+00 7.773925065512248267e-01 3.856314731688015862e-01
2.290585373411098136e+00 1.394786461915810127e+00 1.624912594519252407e+00
1.153142690716932872e+00 1.095506329024876324e+00 2.457473611895694798e+00
6.660103907336238915e-01 4.093055842223872753e-01 1.059841077547032606e+00
1.251614282086795260e+00 1.149977808223151682e-01 5.165733323307778457e-01
7.660928830542498291e-01 2.391943807796871102e+00 4.786010772847683614e-01
2.239634016135725880e-01 9.873135543531380565e-01 1.543020268660183048e+00
1.117375836650025933e+00 5.015915089659205295e-01 1.823954477298435961e+00
1.564172886268056992e-02 2.605429565065858544e+00 1.107466759261623634e+00
1.432063705406841247e+00 1.064261698619284102e+00 4.950565317646122843e-01
8.852078664827971455e-01 4.981985341441100279e-01 3.939603160097313039e-01
1.583191604365717486e+00 1.969960580935648853e+00 8.916735411264051780e-01
1.936716072112780074e+00 5.004097387273961361e-01 5.684067341497236851e-03
1.822496284242409947e+00 1.259686597066774327e+00 6.340910352557187490e-01
1.113608794185328918e-02 1.364598445677065765e-02 2.217060212621845550e-01
1.760139186478341777e+00 1.702647082983699045e+00 9.123392150355842389e-01
9.746361705306660905e-01 1.023176124378491592e+00 1.987279028999268338e+00
1.347205654062921809e-01 1.521242123028629489e+00 1.742009802186980538e+00
1.199068263668148226e+00 1.497418693983985971e+00 1.060715866725476797e+00
1.126095713837170775e+00 6.355661291862509284e-03 2.481615087094681243e-03
1.592466996129797474e+00 1.138866637998919851e+00 2.014413629871842915e+00
1.813569875824455613e+00 1.306177315573999298e+00 1.338916207392763402e+00
6.850578920074524847e-01 9.801507331279732949e-01 1.236460499751913078e+00
1.359426404636903341e+00 7.354461476281825005e-01 2.329449154510506492e+00
6.970708185087404196e-01 7.812909873184121778e-01 3.046136918087111733e-01
9.208389886836259031e-01 2.176981465071968547e+00 1.203519976894485977e+00
7.851591213223746424e-01 1.122087022916222310e+00 1.976254201697776658e+00
1.892836900563320102e+00 1.754241945298163019e+00 1.448226810976898316e+00
1.133719440833211856e+00 5.638018928386813178e-01 1.628171451372022460e+00
1.403259274891685671e+00 1.041477979608838700e+00 1.598301769503479131e+00
1.432100801274658330e+00 1.070003589073034611e+00 8.345815274340943057e-01
1.000132688937523495e+00 7.783518455712804540e-01 1.903883907811493303e+00
1.373378475979323055e+00 6.525578536535152629e-01 1.023951604244260016e+00
1.314830978669981443e+00 6.955656566737861146e-01 1.172331908423217772e+00
7.249400252143228807e-01 1.701412015494367935e+00 1.020858275590700526e+00
1.591443749555107035e+00 1.302566994600036221e+00 1.506238360143841382e+00
8.618222854924816323e-01 7.112119749498112542e-01 1.593296595349289024e+00
1.349621955756459046e+00 1.016195481843732873e+00 1.706580142335428762e+00
1.107047851033501340e+00 -0.000000000000000000e+00 5.082744439697113314e-01
1.251863892226485531e+00 1.008465090941093267e+00 2.006934654940138785e+00
2.075782056741136028e+00 1.652691053120167286e+00 1.490934091673301376e+00
9.085208403805423716e-01 1.176613866095025829e+00 1.261951244756500001e+00
3.418002241299103461e-01 1.736285281604089903e+00 1.260945307312315355e+00
9.296769140210467963e-01 1.381420070002148393e+00 2.238022088968727008e+00
1.812802272657869418e+00 9.452432472318543777e-01 8.876785251188352710e-01
1.988660407981114764e+00 1.974383946933380152e+00 1.323834126351849605e+00
1.405909208469169558e+00 7.134385826337945602e-01 2.080397045166576753e+00
1.457521539556102086e+00 1.036706828147730075e+00 2.446337947407333235e+00
6.025615764714251782e-03 1.617078461616149260e-03 1.000789473273025143e+00
2.117352986699987394e+00 1.219738945335243185e+00 1.681461161126479809e+00
2.544683172070094992e-03 1.664995955214278872e-02 1.447344014897018194e-01
2.260866542061037709e-01 2.283773470975742903e+00 4.939011989981574868e-01
3.909791910915821900e-01 2.852207611306365465e+00 7.279611492577690024e-01
1.660239390099709444e+00 7.774805552090181537e-01 2.427049306644990967e+00
1.440639484975705820e+00 5.616657350161314843e-01 2.587551910877151862e+00
1.790638588314093838e+00 1.544576951779837337e+00 1.586243055645926381e+00
1.885598446035973375e+00 1.255987832916873437e+00 1.711784086635113500e+00
1.939854322360794026e+00 9.557984707322904061e-01 1.970748778874296114e+00
