1.104239360326868084e-02 1.090324206538608592e-02
2.961729392705410580e-01 9.848997520240723724e-03
1.003977246166674719e+00 2.812074970205192148e+00
1.215651696802179660e-01 1.850143020887301315e+00
4.327497312909442950e-01 2.395548705876367368e+00
2.465939247489712383e+00 1.547067837464854101e+00
1.553528302936386218e+00 5.424385635818720214e-02
1.242581520641709326e-02 4.132609943508838701e-01
2.447330957421830711e+00 1.664603650191275345e-03
1.654419579751048586e+00 9.425729878637708614e-01
2.405471365093903469e+00 1.382560190076906510e-02
1.427185440044806519e+00 8.433238327789407615e-03
1.456271157614849425e-02 7.619030607228492041e-03
9.832183427583853774e-01 7.015953364895057831e-01
9.079486809089493127e-01 4.172118256548372206e-01
4.261919681879309391e-03 7.447983692096175057e-01
7.907480704060105073e-03 1.999843049402267869e+00
1.695068225985724375e+00 1.289552619553218926e-01
1.541813284189936128e+00 1.881655649918072770e+00
8.339203008611708601e-01 1.314208642747473288e+00
1.397633160414976317e+00 3.840149986476906196e-01
1.833589830942274457e+00 2.121567881857329585e+00
1.266882292522017624e-02 1.322991431101775417e+00
1.490202597955424535e+00 1.140350457970359076e-02
1.572370226461318812e-02 1.314693812719351484e+00
3.926766970838553306e-01 5.502166932239279662e-01
2.221073542312759219e+00 2.631527801252721233e+00
3.849917041002960394e-01 1.370331468592422830e+00
5.299638913174608001e-01 2.917955241457313997e-01
2.435423145845747595e+00 1.468527775313334560e+00
1.683076139148989236e+00 9.944900032284517133e-01
1.365437661466504693e+00 1.005911264516669901e+00
1.713874884532944343e+00 1.408368218516479420e+00
9.294574072593505543e-01 2.527347618050739333e-02
1.078270633675855628e+00 1.871167691627043661e-01
9.339684324716528152e-02 9.215682945494797496e-01
1.274511604421090481e-02 1.565560423766695131e+00
2.699605699626904443e+00 9.735283139249679696e-01
1.302373471177865838e+00 1.786231897044375350e+00
4.458342990584622696e-03 2.221944409997877568e+00
2.039946320687903381e+00 3.602904453877469118e-03
4.305440731611443472e-01 4.709851816647871448e-01
2.079622203853575546e-01 4.051869796809130508e-01
9.068402249924722991e-01 1.076550391724544031e+00
1.033104030352232749e+00 1.410064589329401485e+00
1.355398832319876234e-02 8.201981481220109449e-03
1.163157005514497966e-01 1.295810294224789327e+00
9.041912812209416117e-01 7.443774664122156937e-01
5.287833738953465756e-01 2.202773357974191715e+00
5.688933604430261859e-01 1.334869959138198538e-02
7.245645264433636656e-01 1.404517646337564374e+00
1.975075200006606080e+00 7.823660533792092808e-02
1.125644502279653063e-02 1.020797212070885251e+00
4.191833490238739413e-01 1.612040088133141813e+00
7.647823465603577064e-01 6.669308746171611624e-01
3.135642569263569213e-01 6.994188921531300229e-01
5.944029663947863681e-03 2.496808063820220476e-03
1.054361916569484636e+00 6.150081270694947311e-03
1.053603179186363148e+00 1.314197403519610896e+00
1.054942175581179864e+00 5.336782629112283294e-01
2.024981730743988351e+00 1.224452935625158556e+00
1.361807614636742825e+00 5.924569407258428733e-01
1.450615579480599854e-02 1.293680266803620471e+00
2.718333657919042246e+00 9.210381405332992433e-01
1.815304372830475410e+00 8.820305185587061780e-01
7.598754431954012345e-01 1.505547720121414468e+00
