1.989594023599637346e-03 1.047450516111840708e-02 2.212466360446452007e-01
1.065912644841539914e+00 5.260196404859260877e-01 1.425185803581308752e+00
3.179074322395466723e+00 1.694513182745031182e-02 1.723488985010266150e+00
1.558712183953832042e+00 1.217037966711205788e-01 1.757344251971121318e+00
1.800400364128696307e+00 1.677412048651436560e-01 1.605336969197506347e+00
2.065206670321395599e+00 1.140716985285381568e+00 3.835767124747718193e-01
1.528211639700139957e+00 3.994112464306463495e-01 6.274800617268347924e-01
3.546825235728477410e-01 6.509799315759280391e-01 1.764243008430023796e+00
7.000974399859314357e-01 6.559601388227730423e-01 2.784389082960259998e+00
7.104613552822212075e-01 1.295111452174721345e+00 3.183393830047425831e-03
4.885417655604076814e-02 1.446341986742261776e+00 9.610550986541231341e-03
1.643645774894707312e+00 3.063864627610463298e+00 3.718909199167396151e-01
5.183977199226146304e-01 1.706528502361256638e+00 2.185088047870852979e+00
3.162758923949172962e-02 4.906734026626305596e-03 2.045713357976077340e+00
1.863825594691766341e+00 1.327409749430270791e+00 9.002091181370845963e-01
1.597355291232440688e-01 1.940220370005916409e-03 1.664720773373038698e+00
1.410212618127080486e-01 1.502053481470099872e+00 -0.000000000000000000e+00
9.349742621908468942e-01 3.211970561482056785e-03 -0.000000000000000000e+00
-0.000000000000000000e+00 8.733676359001335543e-01 1.514987072559656589e+00
8.121224733521299477e-01 1.216604351088372615e+00 1.452014860861642997e+00
3.019133637458646380e-01 1.971126597750633591e+00 7.777364096351868910e-04
7.159651152966906452e-04 5.263264654844531654e-01 1.505492904386906711e-03
3.645878965334269084e-03 1.887459483028191443e+00 2.059572105441793743e-05
1.243961673927619582e+00 1.236890820318785854e-02 1.294335535052800468e-01
-0.000000000000000000e+00 1.777065399651315269e+00 3.818276215758939496e-02
1.072527775311674647e+00 8.129439438465004830e-01 1.893790940012045343e-02
1.270143208825459613e+00 1.605545615061954923e+00 1.311442431281560905e+00
1.946809654168248471e+00 3.209535879401748115e-01 5.136521823783228857e-01
5.893399852638858682e-01 3.603507764897698751e-01 3.717961381118234598e+00
1.047476095308077504e+00 -0.000000000000000000e+00 1.302559468874342485e-01
1.077945840767980057e+00 2.086982000998802267e+00 5.984066780162725641e-01
1.436564444262220075e+00 -0.000000000000000000e+00 2.897433206740466893e+00
-0.000000000000000000e+00 7.627176140199586341e-01 1.076841999306401665e-04
3.312206415426712826e-03 2.688698275286103279e+00 1.193485168908943850e+00
8.155659922757758640e-01 4.323586081438244300e-01 8.786119566259730229e-01
2.698240428015095560e+00 5.489756816535003026e-01 1.092825977855394707e-03
1.405248337974462691e+00 2.176316833132730277e+00 6.693061391514492850e-03
1.206503906990076258e+00 1.651953495574677522e+00 8.037636320246837641e-04
1.626359140975733641e+00 1.169461952804384331e-03 1.853298528619270691e+00
1.280586864729958653e-03 1.846674917199203902e-01 4.740742352955029104e-01
1.477216461827538962e+00 2.261378228717197680e-01 9.744167770608184445e-04
2.425621268180962187e-01 2.154086318271128953e+00 2.984917901834623688e+00
1.392377781630477337e-03 2.162081496481215837e+00 2.230396809870255868e-03
6.093239407942323549e-01 1.245411788744773096e+00 1.047148013808919753e+00
1.600858411087207500e+00 7.118269221802255853e-01 1.513878014294097740e+00
1.705109129374966725e+00 6.173358973227294211e-01 4.437433628201491653e-04
2.811092893962534034e-01 6.758444980745254016e-01 2.041172125858935704e+00
3.714171461955542708e-01 7.441286809645542011e-01 1.012830182609686158e+00
2.382976729034009256e-01 7.556526363758221676e-02 5.525725303487404906e-03
2.017121725478547400e+00 1.892038781551621997e-03 7.153237693263841956e-01
1.812815717962554807e-01 4.278741045169318635e-01 2.240090080327659550e+00
2.148118044217545375e+00 1.444693760242233393e+00 9.750428842063576518e-01
2.569640955585529074e+00 2.115579246979640282e-01 1.239844733376395890e-04
2.970913603774112399e+00 -0.000000000000000000e+00 1.663391007564275048e+00
1.641531272771046934e+00 2.091424602703795266e+00 1.690280147532029487e+00
3.105567815727524605e-01 -0.000000000000000000e+00 -0.000000000000000000e+00
1.239738298954763174e+00 9.757353786561406839e-01 1.955637491368226177e-01
5.398902927210631475e-01 -0.000000000000000000e+00 6.871231386029191812e-02
2.783961509336668527e+00 2.435215258315799429e-03 2.007138101807529884e-01
1.685853560341540769e+00 2.604737503995519697e-05 2.840964149199212523e-03
1.695912025957598533e-04 1.390269375845240685e+00 -0.000000000000000000e+00
3.297850947592929405e+00 1.213055611518991217e+00 -0.000000000000000000e+00
1.167581989509871798e+00 1.293083188371548786e-01 -0.000000000000000000e+00
2.053350727781875773e-01 -0.000000000000000000e+00 1.133411558697856873e-05
1.285483739937481440e+00 -0.000000000000000000e+00 5.504488431534982906e-01
3.907455015973356101e-03 1.236234072871358780e+00 3.932819046075955449e-01
9.055453258895647395e-02 3.117408703337542164e+00 1.994794458055606734e+00
1.167660032759779698e+00 4.063827823489004931e-05 1.801290999990262209e+00
3.921481836454647208e-05 2.771638536590105062e+00 4.861049869043997385e-01
-0.000000000000000000e+00 6.398876056667526235e-01 4.222003984989947112e-01
2.721911421623171307e-03 1.399947057248755993e-03 1.346197771442264823e+00
-0.000000000000000000e+00 -0.000000000000000000e+00 7.294826358731519231e-03
1.696177534056385827e+00 1.032786422494328185e-02 2.768201500135461846e+00
2.215377955436600654e+00 1.204007942149868393e+00 1.835924627474256887e+00
2.508344673241236222e-01 2.408267314759105493e-01 -0.000000000000000000e+00
1.396243071084276623e-02 2.591312932976470584e+00 1.092993703049413012e+00
1.126470052996567496e-03 1.966665934573339214e-01 1.311890369756406827e+00
9.614931713791964943e-03 2.843450199950509245e-03 1.736391163043666808e+00
2.748930203009788631e+00 -0.000000000000000000e+00 1.337452805636641262e+00
2.357646174332674427e+00 5.530857896313861044e-01 4.190963323821484190e-03
3.151227030017940689e-01 1.485550064786686386e+00 1.629892426873504663e+00
