1.913244290932240466e+00 1.434364660907628375e+00 3.081583053126776051e+00
1.175008243031214539e+00 2.995539450279902649e+00 3.052187132204825293e+00
2.142024293785565803e+00 5.244444248518344807e-03 4.412943356559800634e+00
2.754893895244618029e+00 4.850680649806115019e-01 3.874455263307649666e+00
8.756548231326637399e-01 3.174194277182384560e+00 2.690100790234412287e+00
4.144732061455292715e+00 8.458753273754018309e-01 6.355222426907695121e-01
7.197010629782251145e-01 4.691374091805616153e+00 7.012784364700880291e-01
1.774443336866321844e-02 4.548243785802604577e+00 4.379381385011072436e-01
3.631745231392781825e+00 1.801917201686100922e+00 2.788161913151934623e+00
6.426300454975850673e-01 3.649549145907859504e+00 3.819855843354985847e+00
3.571413029298291963e+00 4.486136038728290587e-01 2.773144637064649309e+00
2.094797413812214515e+00 3.545985223861832569e+00 1.318210331080457154e+00
5.857364803377923534e-01 3.914189874735589658e-01 3.367827673600005234e+00
3.873044082933316368e+00 2.885461682165234576e-01 2.305920960160563471e+00
4.879885978242044509e+00 1.491837744529791232e+00 1.015873939128789871e+00
1.111729875192039863e-02 2.847918808224283893e+00 2.227313534291175401e+00
4.445567708747170423e-03 2.530295907953201251e+00 3.294600835335652622e+00
3.459559810126289214e+00 1.080202122666260367e+00 2.605795664629576347e+00
2.446451983070016212e+00 9.473912120298414452e-01 4.161006477312920282e+00
8.655841031832816057e-01 1.341183016865581390e+00 3.815033576010124161e+00
7.381934867244021037e-01 4.011809484743007470e-01 5.041171404003740975e+00
2.799708056101373951e-02 3.437645837714532693e+00 2.710776535262666265e+00
2.550042147783401436e+00 3.899841235397178973e+00 6.924523098918147213e-01
5.393819021236696543e+00 4.140983754997832472e-02 5.950854515382010268e-01
1.952778882312071751e+00 4.527539300684675361e+00 1.110888240632821634e-02
3.768858300282647011e+00 5.914560590712171217e-01 4.474177384734644991e-01
9.532150747553859438e-02 3.872597547847486776e+00 8.737430674781969664e-01
1.684985840100281962e+00 1.775895680981297353e+00 4.418001974632983497e+00
5.945067778538806746e-02 2.620395895748093285e+00 4.014061111998993070e+00
3.547732618941198623e+00 1.261886571606216201e+00 1.178608335249945682e+00
1.367164517047115169e+00 4.682884691559705104e+00 2.178137972945359546e-01
1.427373218540021416e+00 1.425780251344611838e+00 3.660733088591762829e+00
1.607047281519789206e-01 3.755275772160641345e+00 4.124527576409934504e+00
1.368452813594623452e+00 5.434100638835347219e+00 3.767317881560637849e-01
2.436277621334553611e+00 3.464380291992835925e+00 1.025134442682382963e+00
1.566392900437855396e+00 3.836958179184360773e+00 1.235485311603473635e+00
4.007572293678718367e+00 9.298280881109308726e-01 1.712633448695298988e+00
3.154253119332552924e+00 1.383345566822922201e+00 2.828645522611850982e+00
2.993199974297441557e+00 2.446586889931784192e+00 9.299191436428843049e-01
4.061620928959666976e+00 4.606441928705726774e-01 2.125027244141066252e+00
3.880241346514666567e+00 9.660822365437795600e-01 2.451336178614648365e+00
2.844153446692031295e+00 1.435053944567699080e+00 7.407510979070827117e-01
3.516694113420665069e+00 -0.000000000000000000e+00 1.238744905694858289e+00
2.276139803123765848e+00 4.930166971115341745e-01 2.052611549738822205e+00
1.037830479462765965e+00 8.650949082350114505e-01 3.636961170263392606e+00
5.236475484127701696e-01 5.973849606770382792e+00 1.355776700428088476e-02
4.974614609084260231e+00 5.928429636895414800e-01 6.975454858871494856e-01
1.524454915072565253e+00 2.802872405664908584e+00 3.015419546847776910e+00
1.925158429213795097e+00 4.352912826462728368e+00 3.543540524435489364e-02
1.759266266845535887e+00 4.000384456556867363e+00 8.191762940925511050e-01
5.024707910674777622e+00 1.060136064306439252e+00 9.534038047757730228e-01
1.129521026145411389e+00 1.208526191092644364e+00 3.369679428102306140e+00
1.563525846683943454e+00 5.083295141271122475e+00 3.121526121135381401e-02
3.829353461020177818e+00 5.314574633789107549e-01 2.697015366537579339e+00
4.194264733209565499e+00 7.954351455979490337e-01 1.957297983725197366e+00
2.902244222619642863e-02 4.530120016823077300e+00 1.084534897052003455e+00
4.974223457218881705e+00 9.508506570127045476e-02 3.091690969868489680e-01
8.573258508479316697e-01 1.087591624277427282e+00 3.762864948244400765e+00
4.633038304318712441e+00 1.588589303637364392e+00 1.852350938623606794e-02
3.306204395739424928e+00 2.932671155386512130e+00 5.450465029012385720e-01
3.037729180304140186e+00 4.752136498701605150e-01 3.315927266795894113e+00
4.037604775394687984e+00 7.585051150086471461e-01 2.178648290188323067e+00
3.754894009893676277e+00 2.158446821880951827e+00 4.621346174439154575e-02
2.491756526464559141e+00 2.896744426038994069e-02 3.272810159843094535e+00
2.230272179159642043e+00 3.443970925341437866e-02 4.064834230076892929e+00
1.158162520827534514e-01 3.713103906491722395e+00 2.117306741672855264e+00
4.395492507097038093e+00 4.918864690306233856e-01 2.546237919200517591e-03
3.330184872951322816e-01 3.732145902464583553e+00 1.919027151291989863e+00
1.678107745957641450e+00 4.828737527982335243e-01 4.221022730449628391e+00
1.661371731266230167e+00 2.109934654640255314e+00 2.926716330938696320e+00
8.753525176641908656e-01 3.819943220293615660e+00 2.846587484528256162e+00
5.543531320437674603e-01 3.428198617762330258e+00 4.052649760931918976e+00
1.714035392287525994e+00 4.255968191065416129e+00 1.203908931221500334e+00
4.450662221874754465e+00 2.291625559130020529e-01 1.754414094607553931e+00
2.001383612966603387e+00 3.866663250744619695e+00 3.161741380580211647e-02
4.808122497878288826e-01 3.564558748969070656e+00 2.593448359623417243e+00
2.950844618497721505e+00 3.338302808825037160e-01 1.875613395389845506e+00
4.170186697358234440e+00 1.272593653763357154e-02 3.378883892993436611e+00
9.575938413682096861e-01 1.089889653058270680e+00 4.197397021532093042e+00
2.154598998632726747e+00 2.215104697212826768e+00 2.331336977650082964e+00
