2.253188609422654309e+00
3.023733606378466554e+00
2.457233639321960261e+00
2.466482395652854986e+00
2.517879537186226813e+00
1.761912249016015064e+00
2.572398940050594440e+00
2.477201843858268138e+00
3.224755138433762269e+00
3.691210825120995409e+00
2.055373882310114197e+00
2.925483500241526258e+00
1.822478244117642587e+00
2.242526625537156093e+00
2.243041467416120316e+00
2.281808580956146137e+00
2.588643600335168937e+00
2.489601407618602824e+00
2.885942381493629139e+00
2.245491939277144411e+00
2.444491214498826892e+00
2.702961612444734207e+00
2.994327941739288956e+00
1.910091936666645340e+00
2.610463947425072817e+00
1.638105820653940059e+00
2.040391085088334666e+00
3.132381275360815120e+00
3.189684426606781198e+00
2.002620605611490134e+00
2.722879354650114880e+00
2.458900915964860712e+00
4.081480052021091431e+00
3.236848069438115427e+00
2.831417121326323727e+00
2.736254817230468817e+00
2.170131718278280442e+00
2.600771452818636753e+00
2.224847810623447941e+00
2.316014338425243402e+00
2.486065801031919875e+00
2.003645123405992656e+00
1.594277839013963805e+00
1.839537624994270093e+00
2.159617024622687342e+00
2.854119931703409829e+00
1.949216811058965160e+00
2.764078039856139313e+00
2.556210795810404335e+00
2.705082953196680684e+00
2.239117547593463264e+00
2.371497810630952330e+00
2.815712343013258678e+00
2.403461807240019343e+00
2.226846352683592212e+00
2.492749269033378123e+00
1.636857660652424107e+00
2.150361973149845340e+00
1.983905190742438540e+00
2.523379868342886745e+00
2.375357532043053332e+00
2.403917926871346644e+00
1.945740322385671961e+00
2.096148564320025720e+00
2.045558589653053261e+00
2.937179343274415988e+00
1.665873296963502836e+00
2.513283258381028951e+00
2.517895869140281739e+00
2.543643038008271073e+00
3.147995284682818529e+00
3.900969841359055668e+00
3.093763485508332689e+00
2.033635966388437577e+00
2.382194093491057707e+00
2.871182246127913285e+00
1.981342713225321628e+00
2.468491215925592730e+00
2.189533060178795232e+00
2.362842707428596256e+00
