1.404376125675380393e+00
1.545900510736334832e+00
3.455554947047999370e+00
2.055019724750087651e+00
1.663356205613925720e+00
1.402790978551477385e+00
2.505857729863335326e+00
9.494529643336273583e-01
2.054843948005054433e+00
3.045338680894235317e+00
3.354947849227908119e+00
1.614370809217849700e+00
1.258841358635849339e+00
2.412671346767801150e+00
2.138322343491176891e+00
2.663554987897670312e+00
2.868277064344151306e+00
2.091578005884324742e+00
1.652556143172893899e+00
2.364091638059053313e+00
1.251817540882528945e+00
1.998729452756683012e+00
1.061754804855866263e+00
2.900796951543320734e+00
2.935735950823817664e+00
2.556752844933895208e+00
2.484244043859746842e+00
1.190400849945675743e+00
3.227548463365408793e+00
3.330133204424774895e+00
1.969521564706714578e+00
3.181105333472493690e+00
1.674585464142525071e+00
3.123818838946415433e+00
2.503686452259681339e+00
3.423046884982315241e+00
2.287983223573091252e+00
2.856678375073153919e+00
2.330727310095479510e+00
2.698251680174259537e+00
2.196554588599253233e+00
2.315432082478428910e+00
2.580905609123979705e+00
2.712522952434428980e+00
2.252117244451891320e+00
2.952087191514096265e+00
1.455588576801779999e+00
2.825456444578583692e+00
3.237438758816433726e+00
2.386419503020278832e+00
2.537566502030402571e+00
3.305370707141234821e+00
2.474646104813048808e+00
3.044628967748677084e+00
2.850102311645252851e+00
3.244857588609627808e+00
1.444529032886414432e+00
3.149541675565474819e+00
1.155974452806247665e+00
2.209398574653040459e+00
2.503213848624094240e+00
3.259428882079171252e+00
3.311442139452154709e+00
3.283157783723453349e+00
3.401230838733744655e+00
3.041043817822568940e+00
