9.683741183640605099e-01 2.495026390293869356e-01
9.585033271088203577e-01 2.850813426398185468e-01
7.146159255312589664e-01 6.995170326568911356e-01
-0.000000000000000000e+00 1.000000000000000000e+00
1.000000000000000000e+00 -0.000000000000000000e+00
6.227275839932465695e-01 7.824387235649409300e-01
-0.000000000000000000e+00 1.000000000000000000e+00
9.170539194546444284e-01 3.987632239974926995e-01
7.889811224192842809e-02 9.968826851162879699e-01
7.367338240965648488e-01 6.761828690761486627e-01
4.386250642208513462e-01 8.986701580876345075e-01
2.474445004657982797e-03 9.999969385562732516e-01
7.021049887902035547e-01 7.120734405353904561e-01
9.829236933250207198e-01 1.840136220509245857e-01
6.127564871755468712e-01 7.902717807338712763e-01
6.445971575556567190e-01 7.645224028576063091e-01
9.286363076585830711e-01 3.709913854771206276e-01
5.214462655101839150e-01 8.532841216063279388e-01
6.739343338627254987e-01 7.387912517355661457e-01
9.782555728692743369e-01 2.074030716990659939e-01
3.622366706668403435e-01 9.320861518251426503e-01
3.147676521144975315e-01 9.491687548493822346e-01
3.108490362093324633e-01 9.504592977543694365e-01
4.409819724270773282e-03 9.999902766977284418e-01
-0.000000000000000000e+00 1.000000000000000000e+00
-0.000000000000000000e+00 1.000000000000000000e+00
9.840454494553053655e-01 1.779172656217099524e-01
1.517952659166254582e-02 9.998847843489034881e-01
9.764041999626341672e-01 2.159510090166943674e-01
-0.000000000000000000e+00 1.000000000000000000e+00
3.277471933327052445e-01 9.447654615101752640e-01
-0.000000000000000000e+00 1.000000000000000000e+00
7.213519377168784441e-01 6.925686839239159065e-01
5.222728974197482499e-01 8.527784123796644522e-01
2.913190987094882445e-01 9.566259366790612617e-01
8.936795342896229899e-01 4.487057944710348134e-01
5.400013420041326340e-01 8.416641554882421383e-01
9.244317420011097797e-01 3.813475506421848404e-01
9.647521241942992321e-01 2.631602911964256442e-01
4.431711421481488444e-01 8.964370244289919798e-01
1.000000000000000000e+00 -0.000000000000000000e+00
7.108839924518448386e-03 9.999747318782247207e-01
9.988388715892464464e-01 4.817580930634036279e-02
8.878754881063141147e-01 4.600838158639949382e-01
9.000584681854657543e-01 4.357691520147256581e-01
1.000000000000000000e+00 -0.000000000000000000e+00
3.261892751378629995e-01 9.453044783481328039e-01
9.960599503745828365e-01 8.868244053804381910e-02
4.867812110848616647e-01 8.735239278547298758e-01
9.997833495326514663e-01 2.081475431688373928e-02
9.270648459460056889e-01 3.749010154842325471e-01
2.347645385603511561e-03 9.999972442767747216e-01
9.998893306839088391e-01 1.487704219544138361e-02
3.228332149260723094e-01 9.464558707834700435e-01
2.472022315936148532e-02 9.996944085904209132e-01
1.000000000000000000e+00 -0.000000000000000000e+00
1.000000000000000000e+00 -0.000000000000000000e+00
4.182456031952528908e-01 9.083339779001109449e-01
4.503168486243327440e-01 8.928688234253954192e-01
-0.000000000000000000e+00 1.000000000000000000e+00
9.948965346511636776e-01 1.009003733348194792e-01
1.000000000000000000e+00 -0.000000000000000000e+00
8.634789343788643601e-01 5.043849025138844588e-01
1.668382205631002398e-03 9.999986082494394246e-01
9.596360742616116823e-01 2.812447421299865691e-01
6.000535783953301339e-01 7.999598133999979988e-01
2.623686905919089384e-03 9.999965581275865878e-01
4.189892757696457859e-01 9.079911821102822911e-01
9.999664404501417136e-01 8.192555979255691095e-03
8.870761595284903933e-01 4.616231008043079065e-01
9.777349898301272990e-01 2.098434884905437947e-01
8.449282567224737361e-01 5.348796509420802314e-01
8.718618165421074262e-02 9.961920345638982655e-01
5.781361985682103022e-01 8.159402771680651645e-01
9.805006082552035762e-01 1.965160482280670362e-01
9.764670589157057323e-01 2.156666011521293502e-01
1.281587664428656889e-03 9.999991787661920428e-01
4.707079586741929056e-01 8.822890782735408610e-01
9.998105521385666217e-01 1.946432203737566077e-02
-0.000000000000000000e+00 1.000000000000000000e+00
1.106512218349535726e-01 9.938592994516034507e-01
9.983031167374407655e-01 5.823132415042423654e-02
7.976865643950118434e-01 6.030722551930925990e-01
8.016153610886244119e-01 5.978401231656791381e-01
4.243930013233687126e-01 9.054780949463896444e-01
5.922751056255033397e-01 8.057358123208245848e-01
7.968197004474942835e-01 6.042171505169029455e-01
3.551814248973050002e-03 9.999936922878768231e-01
8.002860189564021676e-01 5.996184519033024296e-01
-0.000000000000000000e+00 1.000000000000000000e+00
1.000000000000000000e+00 -0.000000000000000000e+00
7.137628747647939420e-01 7.003874346442098275e-01
3.286937594674388952e-01 9.444365582119116365e-01
9.677502803380456653e-01 2.519114822822378086e-01
4.864735771653669327e-01 8.736952894001041026e-01
1.127504888469615385e-01 9.936233326893905149e-01
8.615804857035149755e-01 5.076209872088576214e-01
6.980622082023397734e-01 7.160371173896457053e-01
-0.000000000000000000e+00 1.000000000000000000e+00
-0.000000000000000000e+00 1.000000000000000000e+00
2.331852495610413356e-01 9.724323315208904805e-01
6.970719097404975799e-03 9.999757042424906039e-01
8.148411548503379231e-01 5.796843040502025479e-01
9.999990043242208415e-01 1.411152212559453915e-03
8.585638053163996419e-01 5.127067311832597118e-01
1.000000000000000000e+00 -0.000000000000000000e+00
2.014712472368637708e-01 9.794944290483855731e-01
8.227985511049115130e-01 5.683331279273261538e-01
9.995148259211666941e-01 3.114663326556772055e-02
5.966840839529607976e-01 8.024762326431954529e-01
8.205709037561924601e-01 5.715447418258221557e-01
1.946653192879742788e-03 9.999981052688783345e-01
9.951149051454100114e-01 9.872348027415592253e-02
2.416905611426572315e-02 9.997078856978900419e-01
2.246802221546135292e-01 9.744325516794652975e-01
2.514382774195729753e-01 9.678733350228623245e-01
9.678597045269664578e-01 2.514907400938913296e-01
4.406788130686117855e-01 8.976648504383133442e-01
9.942121340998830714e-01 1.074347821171359602e-01
5.902590887008318798e-01 8.072138553110096426e-01
1.150466603415801758e-01 9.933600887614969510e-01
9.097916969440156265e-01 4.150651372636930958e-01
9.813717020475896113e-01 1.921186675474746142e-01
7.767723153093787358e-01 6.297815257443705184e-01
3.138194671690123783e-01 9.494826707348361650e-01
9.873835700585398278e-01 1.583467258216999241e-01
3.525055894772213261e-01 9.358097078932856583e-01
9.418594298768035999e-01 3.360071641381214280e-01
6.723851708838959329e-01 7.402014468882333054e-01
1.000000000000000000e+00 -0.000000000000000000e+00
8.166086056923701486e-01 5.771918096345123317e-01
1.661816615882064085e-01 9.860951553231477318e-01
-0.000000000000000000e+00 1.000000000000000000e+00
9.852159972877188032e-01 1.713167787706906253e-01
2.068599490928926810e-01 9.783705644904112653e-01
9.979533281153992741e-01 6.394650032174081788e-02
8.040898179269737600e-01 5.945078340158068686e-01
9.850920310629937005e-01 1.720281672755541724e-01
3.495661934396652182e-01 9.369116694780263987e-01
1.246455006025722484e-01 9.922013400411906492e-01
9.179148130877945455e-01 3.967775143754989631e-01
9.790780611792169186e-01 2.034850120218825997e-01
4.158733263339491060e-02 9.991348726595622454e-01
9.300139824226668628e-01 3.675241386607573935e-01
2.580232125791154241e-01 9.661387176644731234e-01
6.111639874695841135e-01 7.915039989919685492e-01
1.000000000000000000e+00 -0.000000000000000000e+00
3.328648367022902788e-01 9.429745492255651174e-01
3.753809870472331056e-01 9.268706029233233501e-01
9.663950068204280313e-05 9.999999953304035127e-01
5.671466412241460420e-01 8.236168328465426347e-01
1.633584124457524139e-03 9.999986657005640600e-01
9.986244435780119444e-01 5.243301143846103990e-02
9.978902232228703539e-01 6.492381994468585105e-02
2.836089815657608093e-01 9.589400114580849399e-01
4.824256215951910204e-02 9.988356497423812597e-01
1.000000000000000000e+00 -0.000000000000000000e+00
9.238177971991353710e-01 3.828324406031144989e-01
7.007611161463448424e-01 7.133960037015411038e-01
8.310333976705007730e-01 5.562225201807485808e-01
2.458713707987987274e-01 9.693024651890244092e-01
2.967017753943294693e-03 9.999955983931367864e-01
1.000000000000000000e+00 -0.000000000000000000e+00
3.515426758519757389e-01 9.361718576494556521e-01
1.170111216897655598e-01 9.931306044025141055e-01
8.319597120861508266e-01 5.548360455715984907e-01
8.414956849147294804e-01 5.402638357968172489e-01
