-1.906251474004460487e-59 1.066797003862436524e-59
-8.259551430327859640e-60 6.424884780354842272e-60
8.933805011356704412e-60 6.447611320265925835e-59
-3.584533217854887810e-60 1.640933851279991515e-61
1.182467813880890423e-01 -4.113204683653547827e-02
2.406303852602462649e-60 -1.064199477130244849e-59
3.113707946044048282e-59 -2.051284422544621468e-59
2.482102869741658485e-60 -3.674721342122190954e-59
3.821216142994767332e-59 1.399594569775381950e-59
8.090561729393073997e-02 -3.113600607031803517e-03
-2.070629027362579436e-02 2.319678500498504464e-02
4.017998911580618338e-03 8.897776035376384063e-02
7.854846478514899977e-02 -1.948854981372173320e-02
-8.439532795965298749e-60 -3.834178623531023558e-59
-1.202645003250874033e-59 9.553891617275825518e-60
3.890266062267872643e-60 3.301547511510071248e-59
1.391085486444103569e-01 -5.514170823220641837e-02
-1.968746696149751035e-59 2.800449339109984840e-59
-1.057691412199787337e-02 7.032064972072756687e-03
1.226178086634086140e-59 -1.278802541865225018e-59
-1.373720838167471559e-03 -1.565005008772395179e-01
-1.413846618155113492e-59 -3.210998277685152957e-60
6.185543975761258069e-60 -5.966680432436466747e-59
1.826838292249548320e-59 2.777821624400485775e-59
1.056670319906014518e-59 1.261468087129073470e-59
1.381655147858549868e-59 -2.408072621888617630e-59
2.906204735960621691e-02 6.595872420228754418e-02
-9.358442913384206590e-60 -9.998871468605915768e-60
4.442069615426653267e-02 1.100091253265513963e-01
2.316610059229982380e-59 -2.310064776575162996e-59
-5.329577033372431093e-60 1.632781359522299516e-59
5.552548522880636217e-02 4.049598119934220281e-02
1.518567603671530097e+00 -8.906018669194228909e-01
1.519462416154149453e+00 -6.452206052038281237e-02
3.302322089307017561e-61 -8.339889515984836147e-60
-2.890671141751162866e-60 -1.811769610032343328e-59
-3.816820988216887014e-60 2.355520451800047681e-59
2.850994647861776130e-02 6.064260267550126982e-02
-3.821406212270005154e-02 -8.811466929766737996e-03
5.634401052558345863e-02 2.123609294577659835e-03
9.823252027840172484e-01 -1.155412556937320145e+00
-1.217058682769194636e-60 -7.146909393173477454e-61
-5.628756572443211878e-60 -3.704134859525699651e-60
9.842072599634260621e-02 3.406805927168252146e-02
-3.096599631703813036e-60 -5.043571625686670066e-60
6.383975626048198377e-60 -1.101791600547234494e-59
-1.472106474858487268e-59 -2.447320066070291218e-60
1.458886521211786422e-59 -2.417925674932516176e-60
-8.730723522754251772e-60 -2.651447841361477739e-59
7.516337062151129400e-02 -7.337342404898124226e-02
1.008103082469137945e-59 -1.300282408974324062e-59
3.030302339263465934e-59 -8.862710253127069031e-60
-2.417407500182253187e-59 8.092021393187265614e-60
-3.207645893120679085e-59 -1.138908986276261091e-59
3.913837501066103557e-59 3.612850151594147571e-61
4.110574771751854148e-59 1.811028051902720512e-60
3.528044937688361998e-02 5.264796850933283617e-02
-3.083550399243932035e-60 3.508374461108487237e-60
1.841891512626010548e-59 -5.437111280166290878e-59
3.772939031419861311e-02 5.191451897834292728e-02
3.603735761262046320e-61 -1.687980073556826886e-59
9.686209269420247014e-02 -1.745935683920394332e+00
8.847137022965395614e-02 5.034051306085805116e-02
-2.355020695062185774e-59 -6.810110934999052228e-60
5.340108250476380269e-02 -4.270222017985601803e-02
3.404421833657362423e-02 7.170061181893201685e-02
8.750476873092655236e-60 -1.773965364461783161e-59
1.162434626624215312e-59 6.126758734323996166e-60
-1.226987354246871664e-59 -1.017087304936228698e-59
-8.270065836044061627e-60 2.530589226226574845e-59
5.819566398047510553e-02 -6.493594604807635673e-02
1.627718359032739418e-59 1.506452589824072693e-59
6.336366890837089594e-01 -1.197608111315758145e-01
5.329624196265987379e-01 -3.832157290556999496e-01
-2.146708546267623730e-59 1.712466917433550563e-60
7.654619995192315300e-60 -3.798364684700490198e-59
1.035972633908051663e-61 -3.509426754272157071e-59
8.392054410437502613e-60 -2.578986556880041633e-59
-2.794512318565961878e-59 -3.028316000564256940e-59
2.572014969330431485e-59 1.114210533723371586e-59
4.508662942141193498e-59 -2.841600578355862652e-60
3.139402521666520911e-60 3.698610921828537835e-60
3.009270630939421795e-59 -4.384653452532413177e-59
6.312484281152883793e-60 2.758204673963557457e-59
-2.386822754536456396e-59 8.544207888079582804e-62
4.128598513605207243e-01 -1.683245480791930149e+00
-1.087762603224005114e-59 -2.172363431402889593e-59
7.389285003090409503e-60 -1.418837456769908736e-59
1.539816941041378395e-01 4.598045004020063359e-02
1.634575651267423879e+00 4.200880222508970308e-01
4.326957526732776693e-60 1.830673305817054068e-59
5.449523405206338877e-60 1.860782920698188008e-59
-5.504283338072759182e-61 -4.922431031675928494e-60
1.529021503743842027e-59 1.488981518002587233e-60
-1.081869277084226920e-59 3.102373428434999607e-59
-1.232440616157355789e-59 9.947983104605001620e-61
1.131190906707874160e-59 4.178711779973567923e-59
5.445569423410238177e-61 1.322640104725543598e-59
1.101773617297832940e-59 4.300252810906617169e-59
5.400803030185261557e-61 -1.376397472570975736e-59
-1.106549031532189735e-59 -3.270633828035190412e-60
-1.295816006067499277e-59 -1.241507006495919373e-59
-2.837230600885886298e-59 3.005491554640011123e-60
5.131590197122368541e-59 -1.789453385163195689e-60
3.803094807666349170e-59 2.265303935528904885e-59
2.649002599662245435e-60 -3.290752714105704885e-59
3.667241867996619080e-60 1.270617202069415887e-59
1.413904137206326804e-59 -1.956947738442065790e-59
-2.279393943280264564e-59 -2.057740470830876216e-59
-3.856434433456753844e-59 4.357152728715952292e-60
-1.044455956465113603e-59 4.961923544395460495e-59
5.409044784026000724e-02 8.567425328788039196e-02
2.591665010146831580e-02 6.117576138331075331e-02
1.098934754115006329e-60 1.039102980387777659e-59
-9.544038842386424836e-60 8.664949050073086719e-60
2.120934710466564663e-59 -1.289724529370573024e-59
1.244180046508324915e-59 -1.179785753095153788e-59
-4.436504737064000947e-02 4.781377639873067575e-02
2.235490563842333952e-59 -1.153329649754413743e-59
2.043487803284321142e-59 -6.758336260876854901e-59
2.582742303522329516e-02 4.297449286448199596e-02
3.042559571845470255e-60 -5.968084771479368302e-60
-2.070022769209130437e-59 -2.287879457183287743e-60
-2.764828920711902862e-60 -2.234090622442257115e-59
1.357226493969461386e-59 -1.212292605847460020e-60
-9.326501122125665054e-60 2.043958491962512443e-59
4.828815060565304629e-01 -1.187661218951559849e+00
1.203203580231666542e-59 -9.401250511245369418e-60
-1.643805745910305779e-59 2.175738934971547855e-59
3.094617095671101660e-59 5.648167386627459469e-60
3.579252837814820096e-60 -1.345870036100062638e-59
-1.288974132393324624e-02 -5.938040596700362196e-03
5.538940271318602722e-59 1.087084906415116275e-59
-1.981042526568255210e-59 -1.856322806234042021e-59
3.707008544132525979e-61 4.221574800070289653e-60
-1.170429260966557826e-02 -2.068778247935241371e-02
2.434074925766502456e-59 -1.641729211155151472e-59
-3.279016990175147761e-60 4.690387936008685671e-59
-5.539923200250868185e-60 -5.894936552186685061e-60
1.324265668955652230e-59 1.724507057768092620e-59
3.806708731989582897e-59 -5.380403100850619029e-60
-3.185588708026601545e-02 -1.208547393995447194e-01
-1.566265618006282921e-59 -4.219960474682112269e-59
-5.181850714370184436e-59 -1.776870891902798287e-59
1.340573023351444384e-60 4.088649300500831206e-60
5.799459141652810207e-59 -1.876221911495988385e-60
3.562960247036001116e-02 5.277549896281407554e-02
-6.761303937366388212e-60 -4.166936628016121979e-59
-5.389488602187572500e-60 1.220721317447423660e-59
2.411817740857443821e-59 -2.661888343337394209e-59
1.243833968387728959e-59 -1.921605622645966556e-59
9.665299441820530968e-02 4.787362028817572501e-02
2.068734505347048086e-02 -2.462267605873842968e-01
4.576400054280519616e-60 -7.171264006012894074e-60
-1.600246372636148736e-60 -2.090142691399570461e-59
6.661697933292230969e-60 3.002493944900094460e-59
-1.629895908334848141e-59 2.995948113082876576e-59
4.136637007336382743e-60 -2.219976677765065875e-59
-1.388844735977015112e-02 1.908966309469433548e-02
-1.505738420319168537e-59 1.831489962363346938e-59
1.959951043804595769e-02 -2.958970616368579443e-02
-2.468754289598309181e-59 3.721392568601829318e-60
9.694416120356423583e-03 -2.243075013099569623e-02
2.183697041974800857e-01 -3.677816909323389227e-02
-1.030782602441794787e-59 3.170912887193901449e-59
6.253178239603103895e-60 -2.152646988228371010e-59
-8.120339650653359994e-60 -5.615919558655563288e-60
-4.390640920929146650e-59 8.374753718621368942e-61
-9.182391009664805231e-03 4.926628033314032692e-03
-2.944744313490546414e-60 4.814978786503616437e-60
2.038254144717443692e-02 4.075565618427488823e-02
1.347091642805935335e-59 -4.655950458576953449e-60
1.514626063617730278e-01 -7.881298045094771443e-02
-9.594762865064107833e-60 2.720877722301626899e-60
3.501123333521743866e-59 3.156738792751397514e-59
-5.965556082757879230e-59 1.152283306069810287e-59
8.199800980865840083e-01 5.396673644768690964e-02
