9.683741183640605099e-01 2.495026390293869356e-01
9.862385674983839001e-01 1.653284245940052355e-01
7.572123750875745518e-01 6.531687523253346672e-01
4.714823806963672204e-02 9.988879034440896199e-01
6.445225806031026350e-01 7.645852752261954599e-01
2.452401249345171133e-02 9.996992411776759457e-01
4.703719619982626998e-01 8.824682528940658299e-01
9.138368809841238560e-01 4.060814634444772642e-01
7.889811224192842809e-02 9.968826851162879699e-01
2.221232717002404600e-01 9.750185906787527390e-01
6.087830452945326432e-01 7.933367530638644194e-01
3.154634433214650868e-01 9.489377302688332128e-01
3.381571601328089427e-01 9.410896530357316658e-01
9.951424016405435724e-01 9.844592656423702126e-02
5.667129494226220698e-01 8.239153069076412539e-01
7.266249271652681641e-01 6.870343624754651213e-01
6.473508635875022676e-01 7.621921407443893459e-01
6.932107603907198268e-01 7.207349316347309021e-01
4.449975091408413519e-01 8.955318067262865167e-01
9.782555728692743369e-01 2.074030716990659939e-01
9.639421798387596274e-01 2.661117696151384937e-01
3.147676521144975315e-01 9.491687548493822346e-01
8.946389278818067670e-01 4.467898708772294891e-01
1.488092867255670915e-01 9.888659141583494572e-01
2.516504584202563510e-01 9.678181889057855258e-01
4.692904256188692447e-01 8.830438813685651533e-01
4.606664076277420389e-02 9.989383687739867845e-01
5.926362896737590313e-01 8.054701907344060663e-01
-0.000000000000000000e+00 1.000000000000000000e+00
7.297533857837684712e-01 6.837104620649930853e-01
3.277471933327052445e-01 9.447654615101752640e-01
8.354282212155508813e-02 9.965041880855124434e-01
6.584111728407419095e-01 7.526584401164173599e-01
5.799091881388672709e-01 8.146811238221490781e-01
6.668471200933010490e-01 7.451945507203274754e-01
8.954639500065263436e-01 4.451340407548151079e-01
4.150822199003510460e-01 9.097839033103393147e-01
1.222645724696340142e-01 9.924975437344001339e-01
8.417284918966710938e-01 5.399010519802268648e-01
1.907636150223924465e-01 9.816360034063484896e-01
8.538460866834703955e-01 5.205255615772614863e-01
4.225477739578827052e-02 9.991068680512773525e-01
2.218042883605504945e-01 9.750912047931054039e-01
2.201510081537850216e-01 9.754658034031087332e-01
9.910437570723562573e-01 1.335375286872893252e-01
4.463486126416967847e-01 8.948591598641836287e-01
3.820642174116965495e-01 9.241357766982013500e-01
9.745321286485260082e-01 2.242479213544080752e-01
5.679684531728904640e-01 8.230503242210612802e-01
3.495242464736942889e-01 9.369273190205290591e-01
9.270648459460056889e-01 3.749010154842325471e-01
6.269109225298058474e-02 9.980329788900407229e-01
9.985091057053208097e-01 5.458539936247182311e-02
3.228332149260723094e-01 9.464558707834700435e-01
1.492819188297657418e-01 9.887946746976863377e-01
9.865257681414671964e-01 1.636059558600733155e-01
3.352748280659219038e-01 9.421203689897413858e-01
4.182456031952528908e-01 9.083339779001109449e-01
4.503168486243327440e-01 8.928688234253954192e-01
3.862125252169555656e-02 9.992539211099726870e-01
5.911515976299168695e-01 8.065604680491084144e-01
1.000000000000000000e+00 -0.000000000000000000e+00
2.619142225409724634e-01 9.650911563322700504e-01
4.733913191778288954e-01 8.808522344451849007e-01
6.372322547839547324e-01 7.706718195593745824e-01
2.751433428540999704e-01 9.614032145167142884e-01
5.661670838452097509e-01 8.242905028994398364e-01
5.800488958373466453e-01 8.145816585449706659e-01
9.999664404501417136e-01 8.192555979255691095e-03
9.816610917219568133e-01 1.906344695989055371e-01
7.510710265379008099e-01 6.602214121757215004e-01
9.998795375696050147e-01 1.552128698250141228e-02
3.963015851581550564e-01 9.181203916704681056e-01
7.592391057438772073e-01 6.508117856256429024e-01
9.805006082552035762e-01 1.965160482280670362e-01
5.823371502675761535e-01 8.129473804732003650e-01
7.690725335283412623e-01 6.391615118045660404e-01
1.573940382975504149e-01 9.875358812257858387e-01
6.614870585756593702e-01 7.499565796343959923e-01
5.867739183697489036e-01 8.097508065578021830e-01
1.106512218349535726e-01 9.938592994516034507e-01
9.241546554350822396e-01 3.820185503842248864e-01
7.976865643950118434e-01 6.030722551930925990e-01
7.941388206023857199e-01 6.077364014210865362e-01
2.156472866410680256e-01 9.764713245991123447e-01
9.223707611185291144e-01 3.863058102509270841e-01
7.976850867199385409e-01 6.030742097160218806e-01
8.995793750349176943e-01 4.367573101984520423e-01
3.036080793647156773e-01 9.527970057386140335e-01
3.907050083124539164e-01 9.205159403723356393e-01
6.979735301895620969e-01 7.161235585810039606e-01
7.295357533419222218e-01 6.839426763960808620e-01
8.978946329115270464e-01 4.402104362559731698e-01
9.740251280952841872e-01 2.264399475334803735e-01
4.464630134691935925e-01 8.948020885112007994e-01
4.305932094884687977e-01 9.025461140254384951e-01
3.037289406496261335e-01 9.527584849330159589e-01
6.980622082023397734e-01 7.160371173896457053e-01
6.246302550694480260e-01 7.809206390228629058e-01
5.747035837236454947e-01 8.183616504059797458e-01
7.303918431259941446e-01 6.830283709297975125e-01
5.755506730503318069e-01 8.177661173901190628e-01
8.148411548503379231e-01 5.796843040502025479e-01
9.615126278374089841e-01 2.747607441196799893e-01
6.224572611960027535e-01 7.826537919057003911e-01
4.855940543331766501e-01 8.741844281364590241e-01
1.734203987954614501e-01 9.848478894131942329e-01
8.394003746813757383e-01 5.435135793931612502e-01
5.069479097262942213e-01 8.619766915782242078e-01
8.321293915760100690e-01 5.545815320359482881e-01
8.205709037561924601e-01 5.715447418258221557e-01
6.086331668366138370e-01 7.934517428466804079e-01
1.152366691689619832e-01 9.933380643460932857e-01
2.416905611426572315e-02 9.997078856978900419e-01
9.773129060129526202e-01 2.118005754017623921e-01
5.038546754810602213e-01 8.637884382161384877e-01
9.956578109467164595e-01 9.308879363700453546e-02
3.700335801337778507e-01 9.290183795670454714e-01
9.961262459302936412e-01 8.793464714673243643e-02
7.768130571184788113e-01 6.297312714882777884e-01
1.408073629097262303e-01 9.900370127174077384e-01
9.990256475427806704e-01 4.413338364240665390e-02
8.772342347436768994e-01 4.800625973700468063e-01
7.767723153093787358e-01 6.297815257443705184e-01
1.084693847761242641e-01 9.940997900443844237e-01
9.873835700585398278e-01 1.583467258216999241e-01
7.948869767113830864e-01 6.067575250910672846e-01
9.418594298768035999e-01 3.360071641381214280e-01
7.271723888848867778e-01 6.864548906107720283e-01
9.438266979687808256e-01 3.304408633951736451e-01
5.988593319119466241e-01 8.008542317937622501e-01
9.996200852587825425e-01 2.756238645735303860e-02
3.930466780908804525e-01 9.195185201189390867e-01
8.301873469546173778e-01 5.574845010907961695e-01
2.953755695260415481e-01 9.553812186384902372e-01
8.448423732464002134e-01 5.350152935827068301e-01
8.913297064059407804e-01 4.533556600267602543e-01
8.164089114764797595e-01 5.774742325522320696e-01
1.143580960141030167e-01 9.934395934711024445e-01
5.258406192769793375e-01 8.505831194647605065e-01
8.689156315130406316e-01 4.949602259902242674e-01
9.999993051193382110e-01 1.178881181763581296e-03
3.237085334936132958e-02 9.994759266002529730e-01
3.740032460927922853e-01 9.274273944153549332e-01
2.580232125791154241e-01 9.661387176644731234e-01
6.111639874695841135e-01 7.915039989919685492e-01
3.145127657689852918e-01 9.492532434331438784e-01
3.913308475313886370e-01 9.202500571966106824e-01
3.753809870472331056e-01 9.268706029233233501e-01
6.305977014417979420e-01 7.761098755564970197e-01
5.671466412241460420e-01 8.236168328465426347e-01
-0.000000000000000000e+00 1.000000000000000000e+00
9.999813558170329575e-01 6.106391596403170849e-03
9.681180067810934986e-01 2.504945607118099771e-01
2.836089815657608093e-01 9.589400114580849399e-01
4.824256215951910204e-02 9.988356497423812597e-01
4.385160662182868152e-01 8.987233499072110332e-01
9.238177971991353710e-01 3.828324406031144989e-01
5.610860225692636538e-01 8.277574978684300033e-01
7.975329460680371518e-01 6.032753931133254532e-01
7.972868167833266906e-01 6.036006393166842843e-01
2.683489821077235105e-01 9.633217654562512555e-01
5.055278872837976056e-01 8.628102660367341636e-01
4.057354474349043061e-01 9.139905616005002953e-01
1.170111216897655598e-01 9.931306044025141055e-01
9.623922220159648599e-01 2.716637830171219625e-01
6.459102038483158781e-01 7.634133929691219178e-01
7.246155630347708154e-01 6.891533108153817810e-01
8.408761164022731105e-01 5.412276386736277756e-01
6.963583875584732352e-01 7.176942218500600434e-01
4.227308271689660946e-01 9.062552884044549062e-01
7.080428013012450839e-01 7.061695203883311400e-01
7.355658267126033989e-01 6.774532563746403779e-01
6.594942390188333059e-01 7.517096172731663195e-01
7.373866098202558339e-01 6.754709376855454472e-01
5.350248763023616183e-01 8.448363046991073100e-01
4.018633849723014517e-01 9.156996340605384477e-01
