1.899277751470358933e+00 8.696565917477192542e-01 1.113182334668846529e+00
1.077247626300363637e+00 7.804239100444509969e-01 6.084898219380748853e-03
1.617595439239697189e-02 2.425619314785284197e-01 1.008619004005413933e+00
1.322336018378237776e+00 1.818747444649645127e-03 1.327926657072723504e+00
9.659466873295158296e-01 1.297575591608669532e-01 9.273294953232463778e-01
1.633583356450258872e-01 1.013934506888377607e+00 5.006869654760461863e-01
8.983583833812335273e-01 1.580253983968941789e+00 1.895256223982860977e+00
7.714379510522030303e-01 7.537157388903150679e-01 4.502392393863825781e-02
1.078394090925899995e+00 6.416334589234658561e-03 2.661771869830870330e+00
5.189497041402951760e-03 2.229418117996146975e-01 1.201319948901673040e+00
4.547232269193263732e-01 2.922503754004525112e-01 6.430559378860833952e-01
7.314250068428352902e-01 9.585765262956693622e-01 3.828931928367390047e-01
1.572019861008665975e+00 1.429286381892144187e+00 5.191418372082751143e-01
8.195443346577636623e-01 1.371232312180581956e-03 6.427336032797810184e-01
1.519213294700359151e+00 8.093073414928252454e-03 1.837777921296464001e+00
8.192368068137871884e-01 2.024176346291257367e-01 2.863983152113803166e-01
7.092982543949244434e-01 9.193002219334284186e-01 5.684073586307482051e-01
1.303896461224030023e+00 1.391259856538647144e+00 1.186701321075932958e+00
1.457761700818232864e+00 5.318530616515854126e-01 9.488600133910093382e-01
1.099624427088569778e+00 9.702904586537234310e-01 1.600877212959894019e-02
1.182496946308659869e+00 2.990322408343888960e-01 2.470165873961728042e+00
1.239423329949010721e+00 9.370050499568195019e-05 1.381630057605032214e+00
1.225364527143870452e+00 7.210767658110651679e-01 1.135747617411444858e-02
1.244419621014722033e+00 8.047502382263420628e-01 4.948088383933185175e-01
1.716660793410681674e+00 3.637774356402901366e-01 3.769052664812756470e-01
1.115502715323461125e+00 1.203421862076018645e+00 2.019253514380522051e-03
6.907106413879184892e-01 7.872627184975655723e-01 1.045485008825294937e+00
1.636390759576823006e+00 7.364338198368411970e-01 8.620331923591186829e-01
2.588619448892206295e-03 9.910429320203554271e-01 5.568960099386562890e-01
5.785452397804052849e-01 5.763426582017162625e-01 1.120833993435858822e-02
1.739338614036643471e-01 2.913461735421781107e+00 9.638433295904660358e-01
6.996583727535080621e-01 2.437005286000966664e-01 1.014603277709955176e+00
5.579172872076511025e-01 1.148605544861394545e+00 1.553218055245740414e+00
3.627126064745437861e-01 3.880075455814306351e-01 4.497688082694089040e-01
1.154300437809003599e+00 -0.000000000000000000e+00 6.647090488621387738e-02
3.985386341203822624e-01 1.509435400905516644e+00 2.294564378956555739e+00
5.680974471769120182e-01 4.777741812464870730e-01 1.933141847962301096e-01
7.043632553833424348e-01 2.334416251898229627e-02 9.317313045232429314e-01
4.518862735845698975e-01 1.571844569271582670e-01 1.195605003479625027e-02
1.655375946189210135e+00 5.981388537984206888e-01 7.930982845815142124e-01
1.237432906028116709e-02 1.069056436364995699e+00 1.789528790343312581e+00
7.941389050558456120e-01 1.133165554319481405e+00 4.034353888214658457e-01
1.522387296245207022e-01 4.947911837384547790e-02 6.748732968297919133e-01
1.010279337731022492e-01 2.654532791355999621e-01 1.616248280714779328e+00
9.446459010353752683e-01 9.226593295256128036e-01 1.044903621947256722e+00
2.110177891797113681e-01 9.111728445327309522e-01 7.518844894918745858e-01
2.001880468253773415e+00 2.234106138271991338e+00 3.727784980332161657e-01
4.401904087678091271e-01 9.362031459933015665e-01 2.034854155973056175e-02
5.354056553927635242e-01 1.410281048599406131e-02 7.528549665421934156e-01
7.972298217822812796e-03 1.271804402847637849e+00 6.719724379398500647e-02
8.993689374894420869e-04 8.724375492007629962e-01 1.929614156650014456e+00
3.606362997246688185e-01 2.716063814985246183e-01 8.898516584381347405e-01
1.319002418847791125e+00 1.655713623658914502e+00 1.501577621856962752e+00
2.223050266478731885e-01 1.896289163587804583e-01 4.870236675424987061e-01
2.058100307990388789e+00 7.555487510039192445e-02 1.041315894288682653e+00
8.401668123905189356e-01 4.134381329552533901e-01 1.626734889689616770e+00
4.341460545905784785e-01 6.236549683560167479e-01 1.091377737753769228e+00
1.925251555668083814e+00 1.988845060697695954e+00 5.084919469341208087e-01
1.875682203768711753e+00 1.648458855236882625e+00 7.831033520195915809e-01
1.440744169318471268e+00 1.802809556540666991e+00 4.622739781575772693e-03
3.434716665013060055e-01 1.067310231432595957e+00 1.183992881242305062e+00
1.142414024118481447e-02 1.037950399523868805e+00 5.342210102962584584e-01
5.280585342502962520e-01 1.470432701159956945e+00 3.111679909386390608e-01
2.559485439244869820e+00 2.883844009759783944e-01 8.911611736825457708e-01
1.049402249337284321e+00 4.477614248370109240e-01 8.979569956042635637e-01
1.090445628314875015e-01 2.293711981137076084e+00 1.511708232873867797e+00
3.659641495094785417e-03 1.041977376060864158e+00 2.101202826532125589e-01
1.524312953648661595e-01 3.001041382157068060e-01 1.812634629281512436e-02
6.672009859406791143e-01 2.425900001938905981e-01 1.259215233384430421e+00
1.312840354577102131e+00 1.493410493668511974e+00 1.428091558181763254e+00
1.200753492156634294e+00 4.865850639913721354e-01 1.574641405845925712e+00
4.690460273105652722e-01 1.612258900354478497e+00 1.755207305877597657e+00
6.029757651861850087e-01 2.335642805643240116e+00 1.103864996105094996e-02
8.966148428376523594e-01 1.750777953421985833e+00 6.015516688514156440e-01
6.279100311697208281e-02 1.043063695804787860e+00 7.127792230178587873e-01
6.127109877668486249e-01 1.763973152665990307e+00 1.219919053389304953e+00
1.037478174947724652e+00 1.366518174652716147e-02 1.454238214936311779e+00
2.799957920309847470e+00 8.849957051504568906e-01 5.732615066162393136e-01
7.448113668967860646e-01 8.503971962268386253e-01 1.992051277138926491e+00
7.017921423470309117e-01 7.776060596882385934e-01 7.469046464430575405e-01
2.207801212429389093e+00 1.690637920493242907e+00 2.119876193084613558e-01
