-1.191200580793368852e-02 -7.916447065300749250e-03 -1.558978574520657710e-02
2.091410880908936912e-02 -2.074747871076118577e-02 -7.471468525437430230e-02
1.354348644698435133e-01 -3.124465900628345741e-02 -6.268234815776242697e-02
3.309983841666382098e-02 -3.346322953123502964e-03 -1.226687414044957567e-03
-4.543606721039287338e-02 2.690799360973821375e-03 1.623252746928673367e-03
2.161822979658727442e-04 -8.048848243945004328e-04 -1.075108722179092752e-03
-3.371707545751168045e-02 -1.250629093762658725e-02 -4.581319878767632636e-02
2.518941227394601301e-02 -1.235839226321302185e-02 -2.930297385376730984e-02
5.505739957467097045e-02 -2.581048815001577793e-03 -7.703464017947545504e-03
-2.261244384704627908e-01 -1.001617220903678468e-01 -2.603939190269806137e-01
5.301309938768482971e-02 -8.251917233111713199e-03 -1.940570538684854157e-02
3.115317672986046924e-03 -4.666604719129520407e-02 -1.597247247863249064e-01
4.427298973734337256e-02 -7.431697839675479450e-03 -1.906475991114980548e-02
-1.055625773126953881e-01 4.796352535185692545e-02 1.350200204265551984e-01
-1.528555481257609996e-02 1.805300463856978284e-05 1.079667242110487043e-04
-7.750381672422235711e-03 -2.948029372434989720e-02 -8.497894656832238880e-02
-1.926010720576311064e-01 -5.134456620330601039e-03 5.089440125846552559e-03
2.563109379816831956e-01 -5.500529081536966597e-02 -1.206336998036025704e-01
2.514574054583136251e-02 2.146975297855151319e-03 -2.144481162932818877e-03
5.688857988960200895e-01 -7.921391677377105645e-02 -2.131399141691784904e-01
1.672018413355899624e-02 -1.031177618857527685e-02 -2.741770163264110188e-02
4.727574556929403649e-02 -4.150223653947885186e-03 -1.497463943299020758e-02
9.866349582526049919e-03 -2.655438951807031697e-02 -6.091799269465156264e-02
4.782190516920913903e-01 -5.861868455244799436e-02 -2.399172125152932988e-01
6.402195912060345932e-03 -5.627449387926478997e-04 1.986137047426860414e-03
-5.281356548072109469e-02 -1.040178729919054475e-02 -3.883058626153107484e-02
3.322873891948078823e-03 -1.015600441218622748e-04 -1.711933993865406432e-04
-3.406020039082072876e-02 -3.291465535347161062e-04 -6.792934605263775336e-03
-1.686293267942282070e-02 -2.160925270974143903e-03 5.098589772269356262e-04
-5.451434906660007282e-03 -1.394341096284648467e-02 -4.048549702086411128e-02
7.483112513139493771e-01 -1.293668573599399130e-01 -4.072676689352990875e-01
4.654477215572013632e-02 -2.351455205715227703e-02 -7.228933985309198007e-02
2.312498159008687104e-01 -2.174077320875014360e-02 -6.966883640001908518e-02
2.946330873102057657e-01 9.082459728498962215e-02 1.566035077528626640e-01
1.027487880757779609e-01 -2.527791054110437377e-02 -6.518983462198171819e-02
-1.791146768525068989e-01 -5.380010536412650757e-02 -1.475480696279336534e-01
6.883044509394821431e-02 -1.634867359851229288e-02 -3.284829775032229587e-02
5.096127902973522916e-01 -6.755720986128624372e-02 -2.729376086421284597e-01
3.213481995207113223e-02 -1.023114041034480511e-05 -3.134471241905605006e-05
1.946144103059794118e-03 -4.165751487335727851e-03 -1.667935768276763292e-02
5.163717796341847910e-01 -9.782011922447654551e-02 -2.939464483567315600e-01
1.126687870411140907e-02 -4.235838145885343319e-03 -1.524852352544782408e-02
5.750090998782943913e-02 1.170059464371081548e-02 1.931720278492411388e-02
-1.217971948451302029e-02 3.167035854398250402e-03 4.571038932756603217e-03
1.487529659109632779e-02 1.620112338082957621e-03 1.183546495042491278e-02
2.686724794823215981e-02 -1.195108517203164952e-02 -3.753674679768300576e-02
1.101457751412815433e-01 3.144684690120820320e-03 -2.135578623605916340e-02
-2.202519598143493074e-02 1.129581836031121229e-02 3.841042487252690346e-02
6.992225598270157549e-01 -1.477579327169410428e-01 -4.624872519656122449e-01
-9.918521617716759275e-03 3.426589907778984970e-04 -1.329197580918594756e-03
-1.215650987910219666e-01 4.004950755621628639e-02 9.117396887235142133e-02
9.566372235502229593e-02 -1.843598278469634616e-02 -4.539933450758643768e-02
-2.218595326895866221e-02 -8.153190046621862017e-03 -1.923380485127910988e-02
3.657244932730253917e-02 -9.538374471958549136e-03 -2.281354287556024499e-02
4.295797785845467121e-01 -1.191667412753347893e-01 -4.418509129153213033e-01
-1.877686604555154574e-03 -2.152634637454291233e-03 -1.635007416090366109e-02
-3.746545025369124333e-03 -1.712537138500311654e-02 -4.115455680699271757e-02
-4.521138033421860658e-02 -1.018479944625502870e-01 -2.793915087137056052e-01
1.813237614782122961e-02 -1.242453052725103063e-02 -3.346725518216703971e-02
6.919237063909630149e-03 1.349497311450511064e-03 3.569243395965621558e-03
5.504949853659086845e-01 -1.302581952864688974e-01 -3.130221874776021873e-01
1.293198335013537315e-01 -2.329318512330128335e-02 -6.567240352175693352e-02
1.140513385231124895e-03 3.503098652071687941e-03 -4.674273696269609516e-04
-1.359309852749842479e-04 6.727876330313645181e-03 1.338861042422428635e-02
6.918070125251231106e-01 -1.068880555536735333e-01 -2.957554486527823601e-01
6.589354191290519580e-01 -1.217122264904997309e-01 -3.497490149869184051e-01
4.510866468546477215e-01 -9.545906281341481892e-02 -2.767201420409823309e-01
-1.394794942206442068e-01 -6.419566607818076587e-02 -1.295922637350852002e-01
1.109405674184072987e-01 -4.919195437031831375e-02 -1.252951229059229010e-01
8.427810916455689971e-02 -4.174282180027621796e-03 -1.932311317597768668e-02
7.611721605975094174e-02 -5.645859572533474223e-03 -1.633721441291475021e-02
-5.714624032578272811e-02 5.205521987942822448e-03 2.122509818947583907e-02
-2.152986779802451289e-01 -6.131099225899444560e-02 -1.264615196910526262e-01
2.891239720495663440e-02 -1.233329372872848245e-02 -4.791766051349063277e-02
2.699081991574324157e-01 -9.797608079202281203e-03 -9.010959940397576806e-02
-1.181546011178168397e-04 -3.755870110088636686e-03 -7.432052313713332845e-03
1.599545620563905604e-02 -6.613319419904858595e-03 -1.446484240044328996e-02
7.880172964138970615e-02 -1.442866467908690553e-02 -4.265263836171642731e-02
8.855870136393660316e-03 -1.781709393553494074e-03 -1.358275065545913596e-02
9.873380631867668955e-02 -3.147107380550669825e-02 -9.152886226137116332e-02
1.285958445623828772e-01 -1.799351407639780340e-02 -5.268905563639919576e-02
4.363289485892311859e-03 3.234381566536261715e-02 8.918511594703885936e-02
4.099079126729003875e-01 -6.892661475217591593e-02 -1.125403275005876225e-01
-3.853352342336754388e-01 -4.506502562407923435e-02 6.133928394296329217e-02
-3.206792845287987498e-02 -7.957537490322778894e-04 -1.943832198053184251e-03
-1.009002287475788823e-02 5.123640788335452308e-04 1.007306646882435118e-02
3.263469768708349705e-01 -6.125086145783456559e-02 -1.771670400891189046e-01
-3.127951190800755121e-01 -5.800601946464659792e-02 -2.135471511106880327e-01
4.436270946399149817e-02 -3.405205070282001263e-03 -2.485577180247284385e-02
2.695566050777607470e-01 -6.034101431286410105e-02 -1.532906418723227471e-01
2.527456638269212630e-02 -7.423070446363877646e-03 -2.590935138435870172e-02
2.818006174522773993e-02 -2.256409723067453153e-03 -8.176520129716096643e-04
2.850452905589945241e-02 -1.242835676292801221e-02 -3.205603524936401910e-02
-2.373420101014524913e-02 2.538528283021567952e-03 6.087427168332483658e-03
-4.861715163948549662e-02 -4.023564725937510932e-03 -8.708021902642337428e-03
5.255289895522532451e-01 -1.387399090208408514e-01 -3.917538525389395732e-01
2.244289176195389882e-02 -1.215045566414781715e-03 -6.228411915698999803e-03
5.512193475270003029e-01 -1.780642193059113199e-01 -5.090755967203848265e-01
-5.206329959013350495e-01 3.537561189951823198e-02 2.564570845183418157e-01
-2.236585155809673025e-03 -3.791333019080735285e-03 -1.009419832403482542e-02
1.354902494944355859e-21 4.338478736724827576e-22 3.843451478905878598e-22
1.619518686877393088e-01 -1.878063472760860969e-02 -2.175669587656899745e-02
4.072126437065853866e-01 -1.144239296657708627e-01 -2.722433812720000956e-01
-8.104120932423020118e-02 1.394765045958484134e-02 2.993561299381465590e-02
-6.280303924302837494e-03 2.490253745148121242e-02 5.612521407189489941e-02
-3.145036719734701364e-02 7.926411190352993311e-03 2.003922011716658194e-02
2.620951320041513544e-01 -4.065918834261040421e-02 -1.152233207035858881e-01
3.389039579450157935e-02 -7.667913407701693745e-03 -2.295739194959107651e-02
1.211435253683327933e-02 -3.727910350556499705e-03 -1.562872410876756796e-02
2.669926613750098210e-01 -1.819721023450479314e-01 -4.659821885783438367e-01
8.007772977844904161e-02 -2.295937927266090972e-02 -5.012249483830666374e-02
5.838856220040991585e-02 4.120463448083280106e-02 1.113544266899220148e-01
-6.933454450156237292e-02 -1.292961313937103550e-04 -1.373733196584032805e-02
3.774943970006901517e-01 -7.985618858462426028e-02 -2.516504595529047705e-01
5.591535628515693634e-01 -1.107330160892776860e-01 -3.314401364626326507e-01
-2.365412022960447155e-02 1.591633617290103431e-03 7.167406429498336499e-03
2.134608734398681790e-02 -2.309969582623919160e-02 -6.880832821686996836e-02
1.383145235094666026e-01 -2.080024397034205275e-02 -9.031920296372074330e-02
-5.862310025424061211e-03 1.130568729801490271e-02 2.050713647232905654e-02
4.404145891959888870e-02 -3.190428913022484367e-03 -1.197998423758279106e-02
5.636252811322773476e-02 4.248420703007518666e-03 -4.947973111424099589e-04
-7.774112915272871072e-02 -4.199763712871082931e-03 -1.575647443976006465e-02
1.254601973929269643e-01 -1.174535398712761164e-01 -3.027488839189221848e-01
5.780336229145444787e-02 -8.143582943862544277e-02 -2.302967712657031651e-01
1.766977473241200178e-02 -1.209635381507548346e-02 -3.446976199482713193e-02
3.087853790195564663e-02 -9.343532064208121338e-03 -2.336528806733797689e-02
-2.038780575226504035e-02 -8.829445450438389714e-03 -1.951544180728072286e-02
3.623050045015910881e-01 -1.459636942672001003e-01 -4.203660245054891553e-01
-5.306494571908952629e-03 1.798113277611078278e-03 3.071442707397966775e-03
-4.563359698104929585e-01 -3.365375833157784047e-02 1.350819487929458512e-04
-3.466409729499734804e-01 -7.274926457685335079e-02 -1.454794985057248913e-01
-1.370172762287631685e-02 1.304320219156219953e-03 5.901072049919364911e-03
4.543131960841424039e-02 -3.963441672170900376e-02 -9.200130808240526703e-02
2.506329732174756089e-02 -1.922503606848623755e-03 -1.432201305162099933e-03
7.149065393698970095e-01 -1.438989271302240081e-01 -4.106191848552934731e-01
1.764554075684346066e-02 -1.055666766877103382e-02 -2.733338678064369670e-02
7.047895335193100907e-02 -3.550419715915282756e-03 -1.529544995507338238e-02
4.532337416088587090e-01 -1.136154722562167096e-01 -2.966057186452845662e-01
8.319586349819363055e-03 -8.086330233135274187e-03 -2.295989197899584583e-02
3.192966059972161819e-02 -1.008502426356443910e-02 -3.086091164383375843e-02
-3.943830315999872216e-01 -3.777245476262856144e-02 5.307885888404133279e-02
3.598894069106503557e-02 -2.541246597809444785e-03 -4.591245631208626908e-03
8.006183841399157342e-02 -1.868097785444337508e-02 -4.827731197318223255e-02
-1.006356566084038451e-01 -7.368497252937908359e-02 -1.789224591160094857e-01
1.983669747180233020e-03 8.931484295689150199e-03 1.306124247741556610e-02
3.935933686484015953e-02 -8.785766405014975092e-03 -2.536249092492534260e-02
4.938058207959997725e-01 -3.732630469006659180e-02 -9.633246311967801068e-02
-4.094300649131402819e-02 -6.398446930056082838e-04 7.093684416207822496e-05
-1.141803033034594905e-01 -1.232872985286412038e-01 -3.281812684994629969e-01
8.636359825853719141e-02 -1.200222022747555843e-02 -3.443376308391590812e-02
3.210838513776094749e-01 -1.109264578253618821e-01 -3.204383492433163227e-01
-1.656645583598591598e-01 -4.568752116196306279e-02 -1.401582256920781977e-01
-9.305529256775003921e-02 2.547410112015539591e-03 6.591646998878620059e-03
4.867990680668148884e-01 -4.091989899741426545e-02 -1.530019285316348288e-01
5.124966875969468039e-02 -4.343938280102794570e-03 -1.493290141789971152e-02
6.102059638794653240e-02 -5.887996430794585926e-04 -7.811914755614568495e-02
3.508075642674102906e-02 -3.018452640445667013e-03 -1.582201446272694240e-02
-1.156173323779132595e-01 -1.669316036693197641e-02 -7.662256829121673329e-02
