7.125007482384534407e-01 9.383404488442728120e-01
5.792720730731861778e-01 2.410492927066587316e-03
2.199847434953619008e+00 -0.000000000000000000e+00
-0.000000000000000000e+00 7.699465971042409630e-03
2.639154975132342873e+00 7.234633905228378126e-01
7.602498408252577056e-01 1.523127066636015492e+00
5.065160445431471370e-01 8.294722941537671090e-01
6.754942660714871039e-01 1.437248969972071189e+00
4.619727245095746615e-01 1.397969337095283704e+00
1.343917540024849977e+00 1.272218756861507760e+00
2.152051500017866381e+00 8.744418734363043066e-01
2.622287463771194815e+00 1.057281319286506038e+00
7.352175252778851526e-03 -0.000000000000000000e+00
1.872805129925625200e+00 1.479623699147996740e+00
6.840757846081783056e-01 1.087833395306827322e+00
2.511475253465412560e+00 8.698244062964478607e-01
9.194867165150467647e-01 2.127521124592041790e+00
6.580134917819279172e-01 1.825898268016446835e+00
1.046606105533481212e+00 1.840367569323345887e+00
1.254690822660710303e+00 9.037603724132232674e-01
2.514864812491335755e+00 6.192026655952869163e-01
4.512789699099763463e-01 1.502335121005921481e+00
6.649163186477278220e-01 1.468619662291060335e+00
6.177705439191035451e-03 1.188146245534060341e+00
1.988114801873276383e+00 7.555843580877799059e-01
2.019084153576067742e+00 7.062465574799812185e-01
8.764930283700389513e-01 2.771496841939586342e-01
8.442262327402334510e-01 5.130925181794399048e-01
2.735294507089359062e+00 3.943472744143195485e-01
4.939009350311749369e-01 1.757451225974933917e-01
2.005649967525876320e+00 6.258325652916849613e-01
1.048821479014039770e+00 5.093202850257383396e-02
1.450871404530354569e+00 1.232421026202042524e+00
8.234249116013139247e-01 1.804006091935398626e+00
2.484650460148724704e+00 6.419267641639631039e-01
1.291399443346715969e+00 2.313328196602650877e-01
7.412434134056609114e-01 1.011948799623856310e+00
8.577832040341636377e-01 1.366616651471687538e+00
6.013275687033419088e-03 6.130174324360317950e-01
9.218172217229261278e-01 1.856931361000871972e-01
-0.000000000000000000e+00 1.426224205584542687e-03
8.062203085062250585e-01 1.192744087824843202e+00
2.536735195600781534e+00 1.487284055821579853e+00
1.789092150640975820e+00 1.678842679169257668e+00
2.830702361770122688e-01 1.257687707639298713e+00
1.951324926318236466e-03 1.593807535966547438e-03
4.740594146969541456e-02 1.166825054917664417e+00
6.541100938589479163e-01 1.201698111889261122e+00
1.225915527141244743e+00 1.810486382472220601e+00
8.714385573331729917e-01 1.095975342123712171e+00
5.967003249904581086e-01 9.389873434031114074e-01
1.931018618813385102e+00 1.401455296498611336e+00
1.109630547853386329e+00 1.676254490662440366e+00
7.593925477767813348e-01 2.171893681853198643e+00
9.948540044046627617e-01 1.075748596474771057e+00
2.095093700433126482e+00 9.589808303575851900e-01
8.813062646603818662e-01 1.299903936420886863e+00
2.722984964413473485e-01 1.186720262319484576e+00
1.760897044281066082e+00 1.076714178322898618e+00
1.091104222383870059e+00 1.377807812002218579e+00
1.859764665404345596e+00 1.964340818241171238e+00
2.626988282671350650e+00 8.113179580570016869e-01
2.608867884414128202e+00 7.945328892178715741e-01
1.824626785887622782e-01 1.547624154192637880e+00
6.584828225721454098e-01 2.040438480445514458e+00
1.087729378183573070e+00 1.634751138920007119e+00
2.317200228251167005e+00 8.496320130903625145e-01
1.319739628959784250e+00 1.601029698143102697e+00
1.169757134552747990e+00 1.024225760556829012e+00
1.372891749861251842e+00 6.657034001550949931e-01
5.394350358602922890e-01 2.506542475667506320e+00
2.319431404540877928e+00 1.025219839276972467e+00
8.313000315481314795e-01 1.749787010653958141e+00
1.084180197902444132e+00 7.210940630750167779e-01
1.622999211301657141e+00 1.659067881065575456e+00
9.446451650730436356e-01 8.815736819235080457e-01
8.580938874529832061e-01 2.246735236387640278e+00
1.010246650433695680e-02 1.021352107619855953e+00
1.682341717863033104e+00 8.275823039831696759e-01
4.272000017101769687e-01 8.468289666097272850e-01
2.308549848810280469e+00 4.164019763689157938e-01
