1.228516961349656045e-01
2.958726940874220057e-01
6.120235792732333646e-01
6.088880251915187003e+00
4.634974711224260080e-01
7.691103672226160537e-01
1.916310310215536550e-01
5.578667219079470607e-01
5.507781571011940436e-01
-4.860865226597794742e-01
7.918849606284085185e-01
1.152496782361370764e-01
6.813038982638754959e-01
2.155689674998785055e+00
3.384212643460778214e+00
1.026631966302036236e+00
8.773344368768968282e-01
4.152476898098848013e-01
9.222317034813849457e-01
9.120557080741231726e-02
3.151217798889796029e-01
5.280222441303621395e-01
3.708240478705453924e+00
6.120393109975539758e+00
2.081229884037953504e+00
9.702690259622726021e-02
3.082684599216913401e+00
1.211489964272532305e+00
5.040579668745182040e+00
8.487743038476366353e-01
5.467912108913056679e-01
3.541034583404908398e-01
7.272496821479397244e-01
9.385167833651808511e-02
8.928587959453910816e-01
3.362582829842024612e-01
8.918326794322410933e-01
2.365575148422820018e+00
3.016482900041478343e-01
8.062406084252703442e-01
2.777671819507597561e+00
6.342813285005015622e-01
3.113273046992055537e-01
3.204719255855130733e+00
3.997773162271729408e-01
5.181734550376840831e-01
7.388450863889950426e-03
2.805572068836627242e+00
8.544711956012628340e-01
1.315328168463655301e-01
2.876736440302150033e-01
1.463402210000621873e+00
9.065595556793171195e-01
9.995595432680519643e-01
4.019426255466078679e+00
4.284751741192793784e-02
9.652511052082178855e-01
-1.157766445278322287e+00
2.025168030727338975e-01
6.798530523253653035e-01
4.653450636445018995e-01
9.200174799133695736e-01
7.282073456329294370e-01
3.949024731155181378e+00
