-2.554963481320038921e-01
-1.227363351813645531e+00
-9.458154127088147511e-02
1.078518009251000276e+00
1.127170784726090960e-02
1.959492030480243785e-01
-6.628322721836623632e-01
1.610794566937859384e+00
-1.080849799914483045e+00
-4.387552808696268958e-01
1.793273063947084633e+00
4.928778484533916648e-01
-7.894941421205858845e-01
5.413639150357416607e-01
-1.765982615424258828e+00
-1.295902611423335182e+00
-6.745987999994648709e-02
-1.555160798165293734e+00
3.072090025317684714e-01
4.655216804330733482e-01
9.946101305354432265e-01
4.006638544531889723e-01
-8.381750562757618317e-01
5.927009750926979237e-01
-2.621662116610102844e-01
-1.074186631930122759e+00
1.026918490989068067e+00
-8.503403020538475854e-01
-4.866148368349580977e-01
8.627532330215056389e-01
1.782825203976456593e-02
3.071437661355097201e-02
-4.919020693819403656e-02
-9.935949940462991681e-02
-1.204495778879490983e-02
5.260492118433885977e-01
7.961592367650437846e-03
3.856155146216259932e-02
