1.078798766858964031e+00
-1.082195288569130387e+00
-9.762737234516605245e-02
-1.751512721944703810e-01
4.057666809013804610e-01
1.057917271077749133e+00
-8.058890564970251982e-03
3.121996152121483403e-01
9.883972060364865087e-01
-1.152000377398633146e+00
-1.700503496394701886e+00
-9.730332533668938078e-02
-1.911986293399967340e-01
-2.281725147608436033e-01
-2.128717606806034002e-01
-2.671388243011815766e-01
4.474564806274376055e-02
-7.541590268391451524e-01
1.099967877749107759e+00
3.895365762233719137e-02
3.653305997673365058e-01
-5.012384585470305298e-01
-2.937273675900941572e-01
4.045887921142873322e-01
1.032872676472820439e+00
1.375234889568200114e-01
-4.127460242254842870e-01
4.478963538621544838e-01
1.338885040800091297e-01
2.605940936735736679e-01
-5.084343095326907536e-01
-4.124540165268357206e-01
4.701965982494104579e-01
-9.113652783049284167e-01
5.955883131078407861e-02
5.004457205084299476e-01
1.309944624180816142e+00
1.220471208367178040e+00
6.537897727062240705e-01
5.611555258136251556e-01
-2.795745424369428522e-01
1.366079459206948510e+00
-2.979019494787693012e-01
1.535709089313306575e-01
-3.370198254688764328e-01
8.175336965336416073e-01
6.272544386571722586e-02
-1.077580658142089032e+00
3.308988420904472871e-01
1.715701246794311755e-02
3.518973036209567251e-01
-3.958870314355210640e-01
5.908781302832789573e-01
-6.762510599108543241e-01
4.126076321701629968e-01
6.746970691475342452e-01
-5.226931252490202295e-01
8.395583764701330942e-02
-1.452047287761922510e-02
7.309740481469058082e-01
1.081735328497931276e-01
-6.980105192326073460e-02
7.804650380634804430e-01
-2.280832394532620044e-01
-1.712516677405968163e-02
1.354217840058504763e+00
-3.347718730076460480e-01
-8.481103648953122742e-02
-5.842971654074528010e-01
7.844655419550881081e-01
4.366308224986834019e-01
2.718087360312246847e-01
-1.092975738589041956e+00
2.168496976919792318e-01
-4.142897156864099317e-01
-4.878476384790614295e-02
-1.033798488041572039e+00
1.948976538983232809e-01
-2.865339466017507997e-01
3.051907708977409928e-01
