1.133152682616798328e-04 -8.740094467939169186e-08
-5.968625011469662432e-05 8.966711856431227938e-07
2.648139634873787748e-04 -1.399023152750549531e-06
2.068707697891407728e-04 -3.925399571413889908e-06
7.790086382562867907e-06 4.010630649321858848e-06
5.741317056172860051e-05 1.187009084641435550e-06
2.713697278275665635e-05 -2.374007735620625689e-08
2.409977612584831679e-05 -1.906570522823972574e-06
-7.626113954718786135e-04 6.237178781368570481e-06
-1.002335495658033339e-04 2.532058682163303307e-07
1.250716480016561950e-04 1.711882334976255602e-06
-9.425923010769503079e-05 2.822400777663274689e-06
-8.733355691534872923e-06 -4.652548084236887764e-07
1.383738930918652574e-04 3.691262165757854353e-06
4.865677172504377320e-04 -7.601971347898828112e-07
2.274549408612346491e-03 -2.083424713418631212e-05
2.715284435608813227e-04 -1.818970223660568335e-06
7.675081045937758310e-05 -1.474567444985439078e-06
-9.679044443476581775e-05 1.113308475204236513e-06
5.791596626837285458e-05 5.441799006253747491e-06
-1.126819476313363948e-05 -3.999943814389433066e-06
5.686383239423556868e-04 -1.355379610199575317e-05
4.885347460948681738e-05 -7.030582699808390772e-07
5.916239601671103134e-04 1.972711512212424448e-06
2.193531729341195106e-04 -4.301304086122754140e-06
1.383900664015502516e-05 -1.422944436007875930e-06
6.781552534880372568e-05 2.022720838342032452e-06
6.205373531212107644e-04 2.133763357486566649e-05
-2.797391133232262635e-05 7.887147672488313408e-07
1.316518746926171549e-04 -6.008207455434953077e-06
-1.185194449485768928e-04 -2.958532730454654233e-05
3.894737295191664871e-05 -5.726962739294827831e-07
3.416751486381657595e-03 -3.901434378287809698e-05
3.381403778719764292e-03 -2.615340600513329995e-05
1.590902809154300741e-04 2.935833232187901735e-06
5.345673146468502479e-04 -7.316444628027078426e-06
2.849780147335667443e-05 -3.751750049011871359e-06
-1.629331168348490668e-04 2.205499930247262741e-06
-5.696443355522860265e-05 2.138852027583336886e-06
1.386399181595496634e-04 -1.117446989672576745e-06
1.811258582120687209e-03 -3.585620541163534342e-05
1.939288676094561795e-03 -3.548732328948582673e-05
1.173100060419612699e-04 -5.693924992973734727e-07
2.148861551803194294e-04 -2.395186256513574360e-06
6.487986248041777333e-05 -2.084942236062601285e-06
2.163583579677965903e-04 -1.424794646824600081e-06
1.727047520621569673e-04 8.782169169981891214e-07
3.061548428881957464e-05 -1.059770092890244686e-06
5.422664422464912879e-04 3.888337480937317461e-06
3.402950275254326782e-04 3.857446667261738363e-07
6.638260642039209443e-05 -1.270230399262793008e-06
2.385753093723373306e-04 -1.874752101747798406e-06
8.041192224853585362e-04 -3.864069017975808103e-05
1.168413139056493407e-03 -4.320660064377501876e-05
3.618981486038043346e-05 1.221084478582179579e-06
8.023080418069579911e-05 1.173202070818742220e-07
5.239996470725157360e-05 9.603043567540298564e-07
-1.685795325960689128e-03 -3.045622517057983590e-06
3.279026070309746729e-03 -1.912379783874441805e-05
1.124858354790088703e-04 1.346962579783089660e-06
-1.099887549132288979e-04 3.580416817651883726e-06
1.404603024541776308e-03 -4.575178365800537298e-05
7.636093949099546452e-05 -2.495502150785910245e-06
2.757687694669579657e-03 -2.743448782598510764e-05
-1.354350459008767885e-04 -1.137201270495984106e-07
-1.160360838618873492e-04 -4.336653607349818122e-07
1.305814985268560156e-05 2.898276819066571785e-08
-2.953144716408217466e-04 6.390151412047451384e-06
-1.858515849948173376e-05 -6.765425647441447338e-07
4.260234584919170910e-05 -1.204196700633209370e-07
-7.472437245039945867e-05 -1.684037603449414953e-06
-2.189823345018250273e-04 -3.038999848903222909e-06
9.652262592186923191e-04 -2.384607721500173164e-05
6.608475279667245898e-04 -8.484379849014937099e-06
8.517283612468464296e-05 -1.560527907548578390e-06
1.832494888063698312e-04 -1.030681333191307136e-06
-1.062573397764968240e-04 7.121648760828712879e-06
9.586014703366931824e-05 -8.280449225274699246e-07
-1.060132748603113262e-04 -1.991918980393870073e-06
-2.043004909692813494e-04 -2.849009220710870522e-05
1.634274398607780151e-04 -1.876969870992078402e-06
4.456384789917756505e-04 -3.890162436467070210e-06
2.141896088403480187e-03 5.314151700630097224e-06
1.464782989958671221e-03 -2.688321081254025561e-05
3.788191436075576037e-03 -3.790189676595417375e-05
1.787897778269843200e-03 -2.160881514655219030e-05
6.820733467790685142e-04 -7.982404137107585978e-06
1.028750853245236118e-03 -1.093290833466417793e-05
-2.327756533890528506e-05 3.942912880672946162e-08
3.027282144728025200e-03 -2.295611489035548439e-05
3.891130348623948309e-04 -3.019644988002506259e-07
2.758082988957396469e-04 -4.209821281654251982e-06
-6.867468864536855014e-06 -1.009519178173909773e-06
-7.753989339625654128e-05 3.207746042397769269e-07
-1.152132854225706386e-04 8.254901985501899257e-07
7.491693132888484728e-05 1.641150069295262438e-06
-7.268664548697930697e-06 2.871504701583954106e-07
3.518901913426829894e-03 -3.103900936655263048e-05
-2.671745435509755972e-03 9.050737139162015119e-06
3.141222406451086701e-03 -3.759919026459606066e-05
1.269093971182773091e-04 -2.661060162346385163e-06
8.124264874428983451e-05 -2.572678071525862084e-08
1.976771175278425993e-04 -1.030388425842735481e-06
-1.403524380241870178e-04 4.413859694249455763e-07
-1.501293671047125805e-04 1.159283629020773348e-05
3.618455484028574703e-05 1.111015145058684265e-07
1.145099534292518602e-04 -4.755806291147465802e-07
2.791851113861239155e-03 -2.045010872560006215e-05
1.144063374436443860e-04 -3.411256885405558148e-06
2.300106557206830756e-04 -1.685467388683777794e-06
7.586573555400419984e-05 1.207062909136654447e-07
3.793490643998241943e-04 -6.732255110028703309e-06
1.112811422795765420e-04 -1.636751533716330037e-06
4.099847396723931155e-04 -3.548502881254342143e-06
-3.133633820593102021e-05 -1.621365444304546735e-06
1.219645447145580324e-04 8.192654166367057176e-07
2.749456313849906678e-05 1.499528121001388546e-07
5.099611733354974093e-05 1.525779290188778776e-06
1.544459570686161339e-04 -3.827414062384628724e-06
9.283077036427325821e-04 -2.904648441659129831e-05
2.190672180324491729e-04 -1.419477583536179502e-06
4.966046276201485377e-05 -5.652583637433627222e-06
2.863762838502340643e-03 -3.978906930118804666e-05
-5.147808156921508422e-05 -2.424755242822340193e-05
-1.522325061488354655e-04 1.685600381115151176e-06
-3.721886482567188616e-05 1.409034663171997490e-06
1.725013583583009024e-03 -3.614036132621306619e-05
-4.446958448090179857e-04 -4.641672612271767270e-06
4.838698148977033510e-04 8.789557019400325061e-07
2.293086762734629640e-04 1.909910446840005390e-07
-9.945653551768238133e-05 -2.732755695070040964e-06
6.820928665157270112e-05 -3.475466887378396420e-08
1.935385909420808757e-04 -7.008807842949523291e-08
-1.091807087534294026e-03 3.001178421522484360e-05
5.395334205124719296e-05 5.823391615277680042e-07
-2.287469045275153021e-05 -6.370767244855157507e-07
6.924473162505462374e-05 -5.765747883224416582e-07
4.082105497830295368e-04 -2.665905390130368822e-05
3.763556096427811198e-04 -7.325936128733469761e-06
-8.607140979350587438e-05 2.114370457760708236e-07
3.531570156330534390e-05 1.353535080383790022e-06
4.531867855601544906e-05 -1.193360523264096751e-06
2.085945942927623642e-03 -5.094515937145051293e-05
-3.803744702757173353e-05 -8.249064504461123807e-07
-1.127738571684392679e-04 1.820678733313280673e-06
6.826733253818024084e-04 -3.125661364720325311e-06
7.342985881854976853e-05 -8.295517848608138289e-07
5.596484628361269469e-05 6.432040315548555709e-06
-2.751611218098469567e-03 2.779230659725853814e-05
-8.045635300149519859e-05 2.002778721001519058e-06
1.066147692913780535e-03 -1.284656396687384059e-05
-5.412936045084916405e-05 1.106386951055142798e-06
1.088949917797029374e-04 -1.581644096133835549e-06
1.879758571509815420e-03 -3.327742966339994503e-05
-9.538338695790616576e-05 9.173376947930006429e-07
3.229884011993824504e-05 3.746911353597368547e-08
-6.233319014291021718e-06 -2.439638742101881589e-06
-7.085241223883205150e-05 6.651763504192129895e-07
-4.974233024761230308e-05 1.337266893722933053e-06
9.568479232795385115e-06 5.651644911827049947e-06
1.256537701688622633e-04 -4.050026461893886082e-06
-1.152615425476562682e-03 1.262403624468030673e-05
9.972273442463928646e-05 -8.213931719615062606e-07
1.322797389615197811e-04 -1.274560478866098851e-06
1.574798544295343146e-04 3.609238660871267355e-07
8.519361303012480051e-05 -1.511867582185522465e-06
1.237513294774009978e-04 2.846084147764807899e-07
3.187294349111489955e-04 -3.116201383041060298e-05
1.255984833296116132e-05 -2.259079823435461196e-06
5.953781027323785843e-05 2.746338806251948240e-08
-5.496879120606729688e-05 -4.341569602796844575e-07
1.998715463816805142e-03 -2.882278122542092494e-05
1.417507766484254789e-04 -6.869268854169526570e-07
1.208739394148238911e-04 -2.107728518231409466e-06
9.103235850680795873e-05 -4.976857768625015508e-07
6.945505046525830644e-05 -1.199661868647682986e-07
5.065587595416684357e-04 -1.434115234412364981e-05
