1.248507675849081844e+00 4.695090114487830528e-03 5.254910509456672818e-01
-0.000000000000000000e+00 3.315950270927547905e+00 2.041461759474773319e-02
1.347712801312870440e-02 2.048499386101822473e-01 2.469108450514152231e-01
2.415705429438992913e-01 4.812688789489644181e-01 1.198992920785048710e+00
1.113404392098957585e+00 7.319117870671171212e-04 3.671773986036740434e-01
1.997114966503342526e+00 1.728852092823121911e+00 5.888240052640172223e-02
1.711992139645377234e-02 2.202090479088235853e+00 3.742394129213754694e-01
1.524016042327562825e+00 1.379677909863901597e+00 2.621711926055584563e+00
4.344276331415717479e-02 1.113577235024072243e+00 9.847683665540987730e-02
4.838649076590157971e-01 1.123323511646441911e-02 7.983870435022359935e-01
1.122549625426630948e+00 9.982252018590782594e-01 1.444918877881445685e+00
1.314722340858028547e-02 3.653428623002736852e-01 6.700202229265912399e-03
1.842510781876936787e-02 8.185205250961223866e-01 2.485820093439969625e-01
2.751535503795700666e-01 1.388536025417890007e+00 1.890983330280297109e-02
1.423125237483385819e+00 9.542800230693569974e-01 1.488595289237570674e+00
6.736375884519246217e-03 6.319259929346806581e-01 1.430922823647400033e-02
9.822562641250219828e-01 1.253933937642479624e+00 1.292992814802037982e+00
7.316503400730430817e-01 1.733286260069679396e-01 8.531414161482746561e-01
1.406252284203918457e+00 4.290586384782761331e-01 1.905542763494615446e-02
1.473019764793474629e+00 8.922218932108748335e-02 1.216349617939970429e+00
4.730007028038404338e-01 1.093756347143362423e-01 1.652226281833500954e+00
9.215695075811729531e-01 1.774791003345610853e-03 9.300494621117896266e-01
7.593074718126923139e-01 1.805123092585080025e-01 1.361161841581985721e+00
7.328632798601930620e-01 6.166484528919266017e-01 2.016999415525764672e+00
1.025788035710718527e+00 1.619148661636091724e+00 1.390490615186395530e-02
6.528793438689186601e-01 5.102183567574491985e-02 7.534413542484693638e-01
2.541608284672233431e+00 1.046259163852425234e+00 1.460830292443912430e-02
2.309047994500339485e+00 7.038381784237340844e-01 7.443335738173245675e-01
1.368717801985450899e+00 1.120525057549168091e+00 5.838317210450700845e-01
2.381197258329331434e-01 6.794698433192534193e-01 8.978684226585452455e-03
1.639499684638893312e-02 1.331027057086701104e+00 1.197508687984807141e+00
3.024583788052206401e-01 2.681648876068459808e-02 1.842782104986015357e+00
1.517039224294645106e+00 1.297440023993845726e+00 9.793709542518562738e-01
6.908810871861751357e-01 1.956661000926330551e+00 1.290269468261721064e+00
6.834267637202940948e-01 1.598430838664752329e+00 6.619494114226126547e-01
7.557815545918080691e-01 5.048135970000782180e-01 9.438745219927779928e-01
8.713276885846562569e-01 4.723839569847590458e-02 3.442742249212830258e-02
1.542929718721379739e-01 1.037226819238759479e+00 1.367790045051031189e+00
4.322712266062395114e-01 1.460198898350864249e+00 1.800400573928045089e+00
2.303017570012761084e+00 3.622621871786984582e-01 5.703304975155302214e-01
1.708968813653567898e+00 5.492398763887802460e-01 2.657196554003141920e+00
7.739129251792383757e-01 1.084690597216185548e+00 1.099122700429582045e+00
1.544436155615450001e+00 7.913354992111979458e-01 1.654873257682773158e+00
6.902123236621146019e-01 2.710699582407383179e-01 1.070008458093462123e+00
2.653697152386968128e+00 1.116294198931912396e+00 1.412002015312794831e-02
1.981485093857366708e+00 1.099476853342246541e+00 3.659669928092503244e-01
1.769378934044634200e+00 1.436729392562146046e+00 1.386309112141327793e+00
2.141817596683955049e-02 1.838612907616093306e+00 2.305082547820540562e+00
2.178361370329335855e+00 1.199593323327947242e-02 4.249105968549632961e-01
8.243157037195820713e-01 4.742780613632584241e-03 2.436219492741179771e+00
1.167303572001771317e-01 1.261896888104920400e+00 1.497398680945293048e+00
6.967044016436015896e-01 1.814875979728183264e-01 4.406169372739729417e-01
6.808290770632083877e-01 5.008092455222779016e-01 1.525094387088140602e+00
5.462642192804981756e-01 2.251702095842802898e+00 2.172048900930629411e+00
1.183555913332997589e+00 1.534629414232863420e-01 8.165065759443330684e-01
8.790351224613545122e-01 1.174886025548119717e+00 9.402851766206837825e-03
3.033875961751055211e-03 -0.000000000000000000e+00 8.998795049284249448e-01
1.713284958670892311e-02 2.027352193102398559e-01 5.797770356096101363e-01
1.340591849106123723e+00 6.101357780145606480e-01 6.676027571373577274e-01
2.070107618199462429e+00 1.054130111086910015e-01 6.164663340293389249e-01
7.464332597161069671e-01 1.926206632842229413e-02 2.618879123233571610e-02
6.754549024065011065e-02 1.578362052857869458e+00 1.712518158931917167e+00
1.257926282776181237e+00 2.176331527611004457e+00 1.341000348694579014e-01
3.622817357737004307e-01 8.401404246070501847e-01 1.517748077076511333e-02
2.757537168466179800e+00 4.659909564425299688e-01 1.020713542212022151e+00
2.034307866638203344e-02 7.803596417653136941e-01 1.846648602090013247e+00
3.403092380277744078e-01 5.758726485871620282e-01 6.162914389924756264e-01
9.522933197432770225e-01 2.529763819642260714e+00 5.037293507188404101e-02
1.311063292533590330e+00 7.942205896555037947e-01 4.008910288642358877e-01
1.368942184370174411e-02 2.195585632123385533e+00 1.672883399927571180e+00
1.142610000340272380e+00 2.377538447441018832e-01 9.436569066610452916e-01
1.239797546537496631e+00 1.388484752658514454e+00 1.199595096944394257e+00
3.947234798121468206e-03 1.842085510901542156e-01 1.275786355746620249e+00
1.335618910495628073e-02 1.413638878824132306e+00 1.636159880397034527e-01
1.328482279147820133e+00 1.529774268363955247e+00 1.177743787196349791e-02
4.157250162113455827e-02 6.418427702190937501e-01 5.948533685783254921e-01
1.077661088748477880e+00 5.358753518102645774e-01 1.093108033042033744e+00
1.107088874752115704e+00 3.285729745637442356e-01 2.757952167962000267e+00
8.172888348381128765e-01 4.158865749215103214e-01 1.001088215338713949e+00
1.175494842805044682e+00 4.328485317071460205e-03 8.543989708767758540e-01
6.990888598248373720e-01 9.151306160004848422e-01 1.284642900177596525e+00
