7.654398141481827400e-01
5.386952868456698074e-01
1.472057106252364633e+00
-6.733746725880533912e-01
-2.157863827510124732e-01
-4.304281028035959467e-01
9.263829949195805102e-02
-1.598133748951929833e+00
-5.937837821344292832e-01
-3.191351077040530670e-01
-4.333118216027061487e-01
-1.629418393955020805e-01
2.889349014276919037e-01
-2.422165529244049431e-01
-2.630062493495516907e-01
8.916261212344790410e-01
1.920670787522685552e-01
-3.775801017288236694e-01
8.374258203508838649e-01
5.158199684426668652e-01
3.532788537404048523e-01
-1.198788436711547556e+00
-1.067476770586021084e+00
7.837031933531450889e-01
4.895021565894402404e-01
1.544665358964922852e-01
2.523452816568397261e-01
-1.555405583861437568e+00
-5.632688892563363359e-01
-3.439619981085814127e-01
3.226751987820961065e-02
-5.276438574524169312e-01
5.057883773757070323e-01
4.433732640067586384e-01
-3.706107510789341964e-03
3.392846427515098795e-01
-4.423913935060460045e-01
-5.401773237008289374e-01
3.665117483443441349e-01
4.192373728472091332e-01
-4.827489142268650557e-01
-2.584123527571676182e-01
-5.087802141465944811e-02
2.211697748952653697e+00
3.485739183204416558e-01
3.868591153305221408e-01
3.939434159301039018e-02
-4.265181468685717847e-02
-2.430931009758753591e-01
-5.323857044451818510e-01
-2.725755213043334346e-01
2.791414031900894543e-01
-9.998688048000249351e-01
1.761135882808030628e-01
-2.840059540463008569e-01
-2.098508555800257636e+00
6.317377200583354502e-02
2.771666595327402713e-02
1.154782880348257601e+00
-4.079360959158784272e-01
-2.212909550782835577e-01
7.772838059472145789e-01
8.717707925240523181e-01
1.585978631141872430e+00
-9.150366360748451999e-01
1.385312133692374381e+00
8.419425602877027293e-02
-7.734558249264433805e-02
-7.057779127233104743e-02
-6.022198298268647415e-02
-1.242583682168195772e-02
-2.464320759522390519e-02
-9.868190785230476214e-01
-4.789645922693077096e-01
6.109085609927827204e-03
2.264774322144826046e-01
-7.866552647555153932e-01
-1.183923646172023503e+00
-5.794854658328210117e-01
7.017038008356977219e-01
