-7.911533200097013996e-01
-1.415458227887134379e+00
-7.604797471354036720e-01
4.418937673081966833e-01
-5.336907844340205154e-01
-1.975764203074403813e-01
-1.515535583586488766e+00
-3.851106683339070580e-01
1.808586790338425343e-01
-1.636930889939260947e-01
-2.687006791887839308e-01
3.264629426818612679e-01
-3.044217407855921431e-01
-7.660602867453185638e-01
-6.758481136035524584e-01
-6.194248550966642286e-01
-5.240892521755300404e-01
2.462704944116334282e-01
5.301598570090162443e-01
-2.749745531152974487e-01
-3.125895577423695726e-01
1.809934808973559794e-01
1.642256645523246794e-01
6.292398382228570064e-01
5.719146244868343609e-02
7.746290494697825879e-02
1.222164831092659387e+00
6.561711328061594628e-01
6.636635820239003003e-01
3.550428228146336740e-01
9.767828183657566443e-01
1.171130380399650339e-01
-2.376723935028355814e-02
-4.295820158304965997e-01
-1.571543301620830779e-01
1.035197706622711378e+00
-3.094018865641786076e-01
8.599202682857552960e-01
