-4.594032913164970700e-02 3.656280589069757503e-02 1.490620887071105426e-02
1.168040806946356175e-01 -7.240383456102253597e-03 -9.273836038178930041e-02
-7.405498439385369003e-02 1.017782317917814566e-01 -1.751420005964699281e-03
-6.052332634282641538e-02 4.682797490476660329e-02 -4.880909342299841192e-02
-3.650940231888875898e-02 -6.042579439705753064e-02 -5.386550627919087231e-02
-1.230370020967449206e-02 2.369660537554336283e-02 -1.794680080954387524e-01
6.899989104707716925e-02 1.010699450217088513e-01 4.041394782517326173e-02
4.815712056095448196e-02 5.266408540789085935e-02 -8.912618090082204125e-02
6.556425211100742889e-02 -1.603055886552564868e-01 -3.581837325813574946e-02
-3.825623010448983563e-02 -2.109950241705212809e-02 8.804208631433113608e-02
1.626993221376870968e+00 -4.479989849823431958e-01 3.871472568145349624e-02
6.195929589898170609e-02 -7.381881050701619151e-02 2.970485784666916543e-04
6.468025498283797026e-02 1.056954786145274799e-01 1.612679150236007858e-02
1.034136290657633878e-01 1.265382303353821672e-03 -3.193358952172400261e-02
-1.107634950625401016e-02 -6.845826765213236520e-02 -1.462482766762922617e-02
8.737244180439751595e-02 9.327261385412650985e-02 -9.287097623811416125e-02
6.020408718964643385e-02 -1.913242877505053410e-02 -7.423775995929510207e-02
-5.988049972907477300e-03 -3.621147108299830469e-02 -1.438269840134766830e-01
-4.663518575522783254e-03 -2.738549452577643609e-03 -2.156505518410259045e-02
-1.419310044990417657e-02 5.394715637688312325e-03 -1.269522347564685898e-02
-1.186537942700629893e-02 -1.932410260013369893e-02 2.445606751250999772e-02
-4.212558694626078459e-02 -5.603296047174353978e-02 -9.377581861412073033e-03
5.554194027520468341e-02 -9.264951402482634463e-03 -3.342519793192437472e-02
-9.706615790094437479e-02 -6.014986819310306349e-02 -1.024189680179150019e-01
2.607715897948161832e+00 -6.279450555278613677e-02 8.184788349439621413e+00
-3.392866663313554021e-02 -8.943625402998131579e-02 3.098706953873327577e-02
-1.140828504056018711e-01 -4.353142464428006592e-02 1.335467231663045040e-01
1.384370306570821899e-03 1.385815537313098700e-01 6.939478546462474889e-03
-5.684959040439917233e-02 3.175788647720509394e-02 -1.181538073691450891e-02
1.344307911819375354e-02 6.954005634705191785e-02 -1.688667381379697352e-01
-2.021119279965482851e-01 -3.363216528210036076e-03 1.380877858589904658e-03
-6.397591993698190094e-02 9.170022856031077862e-02 5.931920578761112894e-02
1.213700357730102680e-01 2.235281882799737552e-02 -8.735569814810902056e-02
-2.608660857161348642e-02 2.041067956416295348e-02 1.440077744817403471e-01
-1.469548783675908021e-01 -5.381663903543703470e-02 3.350055646280399729e-02
-6.709553293799200291e-02 4.442136455910897230e-02 2.347159401835632528e-02
-4.685848153113295056e-02 -3.891022729252112400e-02 -3.166699776223715762e-02
9.316081265941496270e-02 3.304923042880541367e-02 2.448975340448391463e-02
6.177380232804702970e-02 5.730635454843347604e-02 4.563835383327888295e-02
1.696633599508478696e+00 -1.035656888394226316e+00 -7.966567497796687158e-01
-8.027006812082480847e-02 6.561815038553651946e-03 2.931589334506758127e-02
-1.305165359699455296e-01 3.969635318496374785e-04 -1.226790449376448655e-01
3.213273759493347204e-02 -9.473363212777033415e-02 -1.015926453356790632e-01
-1.087660861119467831e-01 9.450780434709585287e-02 4.259618859014269870e-02
1.483050592276209112e-01 -1.088833030750565450e-02 1.202938012250392812e-02
1.417193674497599538e-02 1.081920555055917860e-01 -1.453400126848964635e-01
2.418246012021687749e-02 1.004537868893411318e-01 -8.841870401708087912e-02
3.273965768132485669e-04 2.439207636246961547e-02 -1.953379546868993510e-01
-4.159370745172825956e-02 -8.115399109179338710e-02 2.830163450560294752e-02
1.780564546987210561e-01 -4.572525355789443524e-01 -1.262152943357583990e-01
2.514590863390669603e-02 -1.476152153409195922e-01 1.657917024789841084e-02
6.913759153792413403e-02 2.087875094298982312e-02 7.021665915091518384e-02
-2.109128807350575761e-03 -1.886012813241530126e-02 5.814123990984087359e-02
5.705468740085738351e-03 -4.137019242838871347e-02 1.109810005050073517e-01
-4.706401874368108806e-02 3.811863198461993771e-03 4.323927047121915029e-02
1.402889031921965846e-01 2.086630837149245667e-03 5.045506855045320260e-02
4.212490532879771543e-02 1.432894637823710904e-01 2.069477271610531931e-03
-5.246761841217055522e-02 -4.230589103576018473e-02 -1.253219316433754928e-02
-4.944838937515005223e-02 -4.740561212842749061e-02 -1.029239828472685442e-01
1.151629380708303098e-02 1.623988371924232899e-01 -6.856809456240136116e-03
1.306417800046049682e-01 8.432987283356264963e-02 1.015036455367013431e-02
-1.164934155177704822e-01 1.405175305592384211e-02 4.850130768929756392e-02
5.386765060321402343e-02 -7.363791979964282031e-02 -8.480769579049515783e-02
6.808366039138663561e-01 -5.448566993234694733e-01 3.249889844043717391e-01
-3.995014214877509739e-02 1.586857285230033887e-01 1.638337572040877987e-02
-2.930356628689245388e-02 9.784321940233309256e-02 -1.279036981847709586e-01
4.210892415723963000e-03 3.974681902742946416e-02 -3.652528705198238024e-02
3.317424867777003100e-02 7.937893030801619620e-02 -4.921956668546529495e-02
4.750629380250528944e-02 -4.507715077711485496e-02 1.522309447225000667e-01
1.385673158294125518e+00 1.645358827460012552e-02 -2.611651401395927996e-01
7.668268680181587749e-02 -1.940572824009484942e-01 -2.239445941058909942e-02
-1.544019592077920666e-01 1.165832227562135434e-02 -2.286419493129437236e-02
-7.760957093192263900e-02 -8.766651882690004727e-03 -1.059417013085939101e-02
-8.326792085575836222e-02 5.175067824460346383e-02 -4.645255971579096733e-03
-3.569667792799243594e-02 7.669915605842608786e-02 -7.918791169247440392e-03
-7.151754748640964943e-02 4.596140979346421962e-02 -3.598145148999375154e-02
-6.236289800063488792e-02 8.127006009833696865e-02 1.107503009481128342e-01
2.163937754887025611e-02 1.371463939986253266e-02 -5.132556800438546618e-02
-7.860117323275146728e-02 -1.246086701554603368e-02 1.709631635814666262e-01
4.156800702197675779e-02 -7.448896810417597603e-02 -7.005704894179975994e-02
1.420449876974705155e-03 1.617546404302062577e-02 8.304592869854228454e-02
7.487365228817553786e-02 8.998880145384459406e-02 -6.228690769269289162e-02
-1.256431304771515184e-02 1.525507640042055857e-01 -2.122490994401231290e-02
-2.258416461188525459e-02 5.051602333897570879e-02 6.530447546885378984e-02
1.307374044415225423e-01 -2.061406506613597256e-02 6.737605478620300320e-03
1.810514301323856490e+00 -2.748386589928227819e-01 -2.770005127850944660e-01
-1.634817769416014588e-01 -6.720046485361176603e-02 5.136799367751151632e-03
1.566623194550434070e-02 1.761992920893846737e-01 -7.189286019133788765e-03
-4.160715702337080581e-03 7.011273746401394669e-02 -2.589988759363623036e-02
-1.399951556340492953e-01 -2.064885713246429957e-02 4.662224139362614733e-02
8.925063361048701793e-02 -9.740002717096690743e-02 4.749325933965491825e-02
-7.238507842613101095e-02 -1.058772979866763192e-01 3.305075664068691382e-02
4.187666063689690632e-02 -1.333565204887466327e-01 1.753470678456221787e-02
1.342953233380590694e+00 -3.428227653648237006e-01 -1.105177782049093338e+00
2.551879848472319440e-02 1.079873670517715462e-01 -6.185359193552439350e-02
1.077894329466557444e-01 1.585007252034984632e-02 -8.278618216617375514e-02
5.468431382971518373e-02 9.767086611668066021e-02 -5.727991099686298437e-02
-3.562278839573999600e-01 7.514616319860004667e-01 3.132619391621783156e-01
-9.113398565764523063e-02 1.425921930534018375e-02 -2.365428663206370352e-02
-3.869269329725406881e-02 5.545582496269578672e-03 1.202221126759336345e-01
-3.943071457163629251e-02 1.130066916358234280e-01 2.395547625627105284e-02
-8.047494971694560406e-02 -3.109522651090639717e-02 -2.151590291804342595e-02
-1.454844690363998327e-01 3.209034170713812809e-03 7.260383998900953040e-02
-8.332970114591313482e-02 -1.128353599006721650e-02 1.844856387339093018e-02
1.729632261358722556e-02 1.971572606785348524e-03 5.137131128230209426e-02
-1.783942578353082259e-02 -1.026422023697905472e-01 -6.784621949807509433e-02
-3.671843121128361837e-02 1.042576500317567850e-02 1.224482483846185549e-01
8.272796858426892941e-01 5.799238925154521773e-01 -7.745711834562638565e-01
2.237443929839542545e+00 -1.580943206930140177e-01 3.721654356913068340e-01
-5.816732051179739765e-02 1.005137034927255230e-03 1.248534729421569289e-01
1.253102557410576301e+00 -3.103563610686075336e+00 -1.046583359696139581e+00
-9.950537990217592221e-02 4.135258536013695918e-02 -4.493971561170810591e-02
9.076167963990409981e-02 1.221738374517904596e-01 7.799538185709205783e-03
7.009831251580256849e-03 4.132083258569527184e-02 1.682917045450110782e-01
-7.047230218610708863e-02 -4.137400678944978816e-02 -4.884507544939201834e-02
3.508073982547676994e-02 2.128003016862243732e-02 -1.749057305371968379e-02
-6.617386649170253765e-02 -3.487097898945803326e-02 6.103619670525442693e-03
-2.367909795154867630e-02 -9.308271483503065269e-02 2.345463823021505436e-03
-8.787214325322911801e-02 -1.208942052459192479e-01 5.088842695981757140e-03
2.133834087215606343e-02 -6.449651880164997131e-02 1.022331703286076809e-01
-7.227325143138509447e-03 1.638697566708560358e-02 2.749167792085561654e-02
1.433207785882323121e-03 5.579388962640424027e-02 -2.604335991240453591e-02
4.289315193871461734e-02 -1.678827594339043008e-02 6.773307863076119539e-02
3.472427123436760965e-02 -1.459905616231635950e-01 4.655158485926622243e-03
2.639852177263118937e-01 -8.859825507221237295e-01 -8.506878322284620042e-01
5.625891027890744106e-02 -1.909149833462854551e-02 -7.068606189815380275e-03
1.884583621057591210e-02 7.054979316924243904e-02 1.045398541562264361e-01
1.506784896136336593e+00 1.084270224287174011e+00 -1.565173050746451466e-01
3.337835751454593103e-02 -6.812910378559161595e-02 -4.407732551980905050e-02
1.828472323446419731e-02 -7.083398727525842820e-02 2.175719276831445184e-02
-1.027743764156266587e-01 -7.481019007990245828e-02 1.971875905953805741e-02
5.638790514956699106e-03 -5.509015101450859264e-02 1.071247388389878243e-02
1.211272849439983951e-01 -8.685348436909952341e-02 -8.442759317791159734e-02
7.700270838048473010e-02 -4.161459147957150689e-02 5.155163079444289621e-03
9.422708443474375750e-02 1.988040185425024673e-03 -1.195352876072705156e-01
2.523398021710531181e-01 1.241678644220913369e-01 -4.285744577158050878e-02
1.758183805336528405e+00 -6.051283911387755898e-01 -1.595632481583167950e+00
1.460603014211788453e-01 3.260005238900794827e-02 -5.013259049677266585e-03
-7.867762051564623771e-02 -1.752871378241988021e-02 5.035862855123962589e-02
1.575844412189875976e-01 -1.380307659508204360e-02 -3.915450902193897548e-02
-1.480323117140219802e-01 3.298791240129632374e-02 8.011893679100021148e-02
1.990142827197144415e+00 1.653741571258989795e-01 -2.961463234123171140e-01
1.081777363250317481e-01 -7.525709025792785833e-02 6.242217729505668278e-02
1.308326257546435389e+00 -2.416279125794396077e+00 2.654828236395668228e-01
1.082840618792494658e-01 -1.117786031093409571e-01 1.862257888778231230e-01
6.842553157027204958e-02 -1.081316876084277706e-01 -1.277745119325435393e-02
1.404934969922196242e+00 -6.374734650226350219e-01 -9.867702324011842219e-01
9.601407762377545119e-02 -1.884632979064801081e-02 2.662773044784018731e-02
2.781916229138015756e-02 -7.463725544728417802e-03 3.286501985221669531e-02
7.319659231288597190e-02 3.557756558424356869e-02 8.832541498055088147e-02
-4.815310891907674529e-02 -4.707328202903320047e-02 4.867146420380617788e-02
2.004071195190976207e-02 1.206551522049193387e-04 5.679943112349995771e-02
-4.307654370595298543e-02 -8.827351860417304019e-02 -1.144585316884746962e-01
-3.169971190340951234e-02 1.032960740508777481e-01 1.363681254463462202e-02
-1.665100989038243579e-02 1.084363986676848968e-01 3.408579621585855479e-02
-1.593832529948098209e-01 3.254347961322031843e-03 -2.060989513621278024e-02
-6.949588442200120564e-02 -2.070020067111217124e-02 8.312426034027815824e-02
-1.024850882717447675e-01 -9.409382751903477837e-03 -9.781197535019026112e-02
-6.732802095112438989e-02 -1.464767935999995371e-02 -7.113813298368611149e-02
-4.690991081353746914e-03 1.833878051283878152e-01 1.302811075261644802e-01
6.159199294267122399e-02 5.282545665117923533e-02 -2.973186924473717602e-02
3.927824037636748478e-02 -4.210813796473813347e-02 -1.311390952333175153e-01
1.155386803201915225e+00 -9.776749885336190049e-01 -5.829317175320449795e-01
4.178660684437145861e-02 5.078604189449316061e-03 -4.647445867725536611e-02
-4.729711527591625927e-03 -6.119494821755368241e-02 -1.216392286928827046e-02
9.567216777394098315e-02 3.655197306226957987e-02 1.152461989795429825e-01
9.605839826286304700e-03 4.699191607710743318e-02 -7.022716514189003556e-02
4.430569891522629256e+00 3.760102949003263362e+00 -1.593418584100187108e+00
