1.250762772471480488e+00
1.720425265469114784e+00
1.525801488582299692e+00
2.224840049739384096e+00
1.535084992538048532e+00
2.602712956905130604e+00
3.144378101821657001e+00
1.707082222623098167e+00
1.298472742253364842e-01
2.215764721005216042e+00
2.079140084448433790e+00
7.288676456384059199e-02
1.822184770057811987e+00
1.890864555197365293e+00
-3.400873336339392816e-01
1.843979020081689235e+00
2.615211037397639604e+00
1.793159156255553777e+00
9.351848476951343248e-01
-4.029357919610665473e-01
8.672564338335493339e-01
2.381518876938485629e+00
1.355540275684158802e+00
1.791867882773372500e+00
2.386810713919828686e+00
1.516161995439999188e+00
2.314061002871148354e+00
-5.650669321579526727e-01
1.120780967194753064e+00
1.740122240665388009e+00
7.933609276580063652e-01
3.596083359049991657e+00
9.415960768736583164e-01
1.588172999889652992e+00
3.145343903907019456e+00
1.092227456550879605e+00
1.373197447971550522e+00
-7.384601213864611102e-01
2.523628243540474880e+00
3.034177026947565192e+00
1.604765378765936168e+00
1.844969539943959846e+00
1.486370591560158605e+00
2.709402844231457053e+00
1.447101474590976489e+00
1.318819386642096081e+00
2.434816330254149896e+00
2.941683195401629369e+00
3.518159600586340252e-01
2.382783951381683085e+00
1.046830196492113174e+00
1.897366985524058469e+00
1.988133334462187429e+00
1.678296538874046728e+00
6.542508599284948545e-01
-3.528799735233761892e-01
1.153813650391328771e+00
1.474878640435205224e+00
2.336868375613000204e+00
9.758579647760138309e-01
1.361069122038884638e+00
-1.359891936449344030e+00
1.221368755826906849e+00
1.338397751365793864e+00
-1.310498370108327926e+00
1.173136127594179179e+00
1.211063508118001897e+00
1.973620295502761524e+00
1.839576252533067890e+00
2.192851025453941727e+00
1.372824094817891805e+00
2.000969740746450398e+00
1.068947649146398948e+00
1.097635080207433722e+00
1.329988312609611922e+00
-9.770837253680494383e-01
-2.830777059469586840e-02
1.868673167135661561e+00
1.482179611457641766e+00
2.131165656639278261e+00
