2.044037841899869257e+00
3.091853122797246112e+00
2.239705795161486268e+00
2.710116747211588795e+00
2.790417747893735534e+00
1.528686017002136799e+00
2.352352690506732458e+00
2.008773394402530776e+00
4.323242156104988076e+00
3.836227682670708461e+00
2.170419093451853243e+00
2.671875700661739739e+00
1.575548267005372871e+00
2.044956427376574126e+00
2.749133999705438480e+00
1.915288809573486351e+00
2.209732515267078590e+00
2.434377693396891029e+00
3.077494878847705451e+00
1.813428146581302025e+00
2.254372141239463723e+00
2.420562371911692434e+00
2.902901880159331149e+00
2.316951833877128664e+00
2.337662969084132403e+00
1.487385242196093138e+00
1.625336175406832950e+00
3.781994630781349453e+00
2.694409403174758744e+00
1.744434298964341767e+00
2.545604556759428760e+00
2.251247700519743766e+00
4.050898363968412852e+00
2.792728774208266262e+00
2.884727033968173426e+00
2.505612416116222096e+00
2.468070941499946880e+00
2.487595147842367460e+00
2.428136440146118069e+00
2.862938443098575370e+00
2.319416883209856284e+00
1.813089493376843775e+00
1.661059783723296768e+00
1.803753841179658757e+00
1.497663080909491073e+00
2.193103358685658311e+00
2.368536328241636291e+00
2.636233344838833759e+00
2.632863211526782710e+00
2.668769450657279219e+00
2.607014166403325284e+00
2.486213950768286551e+00
2.776049358323825267e+00
2.570691294058950138e+00
2.847399446955987568e+00
2.016012087285409926e+00
1.982696291493522889e+00
2.200042282565175977e+00
2.104299604082656927e+00
2.480963327002071672e+00
2.689849544107278945e+00
2.900192207416826040e+00
2.328299593701570025e+00
1.653259065062989919e+00
2.241300872724968141e+00
2.343727235601611891e+00
1.657493398710884192e+00
2.415037070924890283e+00
2.428448101977798590e+00
2.222430383626270434e+00
3.001673983769603371e+00
3.672931868640222142e+00
2.894596433150960824e+00
2.245603205451889295e+00
1.757903653832001201e+00
3.204174753165731637e+00
1.808513188021481310e+00
2.743506501276061993e+00
2.520381438133602714e+00
2.519050000363499908e+00
