2.223966781360523226e-01
-2.834095186537291880e-02
2.898834375534832031e+00
1.103196910307644441e+00
2.822928361201496372e+00
-1.316150462783682418e+00
2.669171588898420211e+00
1.026498896125912053e+00
1.525292020408900218e+00
4.130802928231587512e-02
1.154327793043730344e+00
3.303177646850211868e+00
2.201878845650458327e+00
-1.641935253006818474e-01
1.306127792312418823e+00
1.043774642414293297e+00
1.457257202985773548e+00
1.429597682302566675e+00
1.376086648656458244e+00
1.795385852926927761e+00
2.735802878752292333e+00
7.652173684588472469e-01
1.009538593505292958e+00
2.725027329668587295e-01
1.691820843815338815e+00
3.190734791948766080e+00
-3.576852893001440492e+00
-1.532309609146570439e+00
1.006639238255265356e+00
-2.221512834668638359e+00
-2.398867047387367002e+00
1.128241818564911680e+00
1.414318149268828817e+00
1.623125820955173104e+00
1.964384248278445266e+00
-5.850783067616680544e-01
8.300450562648781228e-01
9.303002877890332867e-01
5.793068341528239129e-01
-3.825870118722725088e-01
-8.686736464998565665e-01
1.597303549097597974e+00
-6.029464380855529410e-02
8.780878305916666182e-01
-7.999102981654064581e-04
1.296986487537306720e+00
-1.887953425020951093e+00
-1.983097978418233154e-01
7.451875969123796795e-01
-2.539963335865154548e+00
1.067139001371977702e+00
-6.006686248860234612e-01
7.800292490664403333e-01
4.189857949764363987e-02
2.100226470738246753e+00
2.270731129343215748e+00
1.743085970777122906e+00
-3.254136583741094491e+00
4.418816957127266742e-01
1.046812939015577593e+00
-3.409069030998963523e-01
1.653121934979836283e+00
9.975818202305395399e-01
1.004645091751181107e+00
-3.284515332986422287e+00
-1.931695406235251378e+00
1.346784242787849362e+00
6.740821800505634176e-01
-2.458860642285853437e+00
1.247707079020274668e+00
1.512997130998539497e+00
1.590197097614299615e+00
5.894386695902880113e-01
6.264279798830917345e-01
-5.416385811641259013e-02
1.256719969379102464e+00
-3.421047618219301700e+00
6.010433827305743382e-01
-1.726285712914801485e+00
2.093921733004835417e+00
8.590584295242823520e-01
