9.823258598047148737e-01
7.806428315372061777e-02
-1.015673170021332394e+00
-1.138643903188746087e+00
-2.169765147896695889e-01
-8.930336452294080907e-01
-1.500585518407535623e-01
-1.075117557918840561e+00
7.235851121513829642e-02
9.499491243806243990e-01
-1.648569934251406868e-02
1.907927822083245739e-01
-2.411984381494459151e-01
1.225723811049897194e-01
1.939525189106274805e-01
6.393422746930861322e-01
7.211883271396897221e-01
-1.013541802746899645e+00
3.324532716483619144e-01
5.498886475600968105e-01
6.092417513177394994e-01
-6.030611609365611470e-01
-6.597275292412647651e-01
9.689689762286440855e-01
8.880393120969864995e-02
-3.888393016228954280e-01
1.637833040971527820e+00
-1.070218465915508288e+00
-3.279622890282853920e-01
-2.177720891786424140e+00
-1.705320322805682576e+00
-1.870485902723226790e+00
4.508130530919350343e-01
8.406224853198605018e-01
5.168298869437637499e-01
-2.902274301557512537e-01
-7.323317063783327807e-01
-2.892727561631087130e-01
-9.491669859921349206e-02
4.219331698271605036e-01
-2.657687348106271483e-02
-6.225518521608249811e-01
-1.477345523195057408e+00
9.150125905621816491e-01
-8.090244796355922086e-02
1.260012722093756810e-01
-4.952166897461344752e-01
6.179373782359155465e-01
-1.502000001367937987e-01
1.701553111065351676e+00
1.676114243846802965e-01
1.336248878135821300e-02
-1.665695290471789214e+00
8.667573903642050714e-01
2.170044972637997782e-01
-1.596251122909595255e+00
-1.657189580963351894e-01
-2.513371689376237006e-01
7.491659167988667933e-01
9.142148643561496257e-01
-5.486016578685177780e-01
8.556127419633244857e-01
2.279954592609083619e-01
5.027500672176731245e-01
3.293239365011201708e-02
9.406092543414412699e-01
6.696704890477382932e-01
1.133933548382623169e+00
1.915153713232689847e-01
-7.079178714094020997e-01
2.563332312756757547e-01
-1.019950814013615759e+00
-6.022718824559539774e-01
4.911670579550377752e-02
-8.573426428554005441e-02
6.662021474490761319e-01
-4.911523001916871523e-01
-7.323831343849046549e-01
-1.604112138959055689e-01
3.434434545437111130e-01
