2.686380815228082142e+00
1.695085585634807046e+00
6.628830923364038841e-02
3.308887370719694854e+00
1.168410666953293653e+00
-5.525042713247095838e-01
8.054214763100975283e-01
4.423125375059658637e+00
-4.598885020510107835e-01
3.688606571301451975e+00
1.733152101620289098e+00
1.108830837911619627e+00
8.154859562298938380e-01
8.854735365390246082e-01
2.190413385393390922e+00
1.539131400417037776e+00
8.159383302806134663e-01
-4.280319857286470075e-02
3.878393776950751271e+00
1.636480718939319567e+00
1.430907077543107198e+00
2.103515642415340725e+00
1.308516256189209193e+00
4.160011223265178693e+00
6.368502999055678515e-01
-9.855653102356917161e-01
-5.731094453838992964e-01
2.639739377935940823e+00
1.347469709742511235e+00
9.865005297227951164e-01
4.942872122625845410e-01
1.941564743379772029e+00
1.863477455882609268e+00
1.771592394623346278e+00
4.260326880709886410e+00
7.868416953859563856e-02
1.884540650199840073e+00
4.493073099894230316e-01
-6.263888977321936391e-01
1.954600665546472327e-01
1.542225108978831472e+00
1.117596090089698180e+00
1.328435150168542522e+00
1.402248186165504062e+00
1.516544710275123498e+00
1.897235259572078059e+00
1.204763481519446344e+00
1.311955338556177963e+00
1.519359645098067979e+00
2.295387766868431725e-02
1.577197120115962914e+00
1.553621463359119659e+00
3.773839008397823935e+00
1.770546785080265306e-01
2.503992257067597649e+00
3.043399300017324727e+00
3.760971598957111084e+00
-1.175224247789563359e+00
4.464904098451702996e-01
9.794343371175497914e-01
1.448217558526158744e+00
1.140768971228786510e+00
3.496122110950857564e+00
2.474076993865193863e+00
1.832187652864939231e+00
1.206490498798390876e+00
1.423474544213694903e+00
1.983995772025315407e+00
1.017568669552850524e+00
8.873176172119445759e-01
1.434482233944320839e+00
-3.468224326775505295e-01
2.335522219372046848e+00
5.965196733184807698e-01
3.348842017266002280e+00
2.116060729450839339e+00
8.308312082593048986e-01
1.175654399171839337e+00
3.927207915521983228e+00
3.667894453988557402e+00
1.243388820411156059e+00
7.645805583954213835e-01
5.117582122381514331e-01
3.461818397917533208e+00
1.457473037033766294e+00
-7.995554745580096823e-02
-5.374059853119743657e-01
2.461054114478643751e+00
1.245364830941294354e+00
-5.964233555768794215e-01
2.944326079791742323e+00
1.452579766919486759e-01
1.144969035455931206e+00
3.908360538622787761e+00
-7.296388556503313055e-03
1.855567337954622698e+00
5.189129858286287700e-01
1.853719273462689054e+00
8.630799869213306996e-01
2.472207455140621235e+00
1.054576709554132963e+00
1.942854519552026149e+00
1.755136391750259817e+00
1.093116003383204138e+00
4.419620592622376165e+00
3.120090835401648999e+00
1.938887507070004013e+00
2.603236816287802124e+00
1.515090926585005437e+00
1.052595296887594012e+00
7.942628074359335821e-01
1.345446818219583784e+00
8.115580925981776828e-01
9.816208168254964006e-01
4.498855035586408313e+00
1.413145781577501703e+00
6.478278356971389762e-01
1.260545736665616756e+00
4.693372612669764798e+00
1.868021026231641901e+00
4.115772551392565148e+00
1.505248509297488546e+00
-1.455075760829065423e+00
9.576730813518526952e-01
4.286884442503700932e+00
2.520400359432395376e+00
1.100675054229595551e+00
1.483041722492050019e+00
3.304497515810599140e+00
4.512460053856520048e+00
2.891266404734530227e+00
1.044306588373617561e+00
1.631674782505687205e+00
-6.918049719946792742e-01
9.344656403278907009e-01
1.936983011335958516e+00
1.175058938805270126e+00
-5.966484828652320882e-01
-1.077666691735047338e-01
1.578850853490454842e+00
1.118856366969007032e+00
1.289743050108387967e+00
3.579112792422798339e+00
8.709527906231231409e-01
3.942692593417906455e+00
1.613485016446132958e+00
6.521701214693977899e-01
2.032970596177811728e+00
2.042408119806105926e+00
1.964844318641660870e-01
1.011038642819499733e+00
-8.318370826110571548e-01
1.703262114440002195e+00
1.617343424293708365e+00
3.200172022253020998e+00
7.369296361253152572e-01
3.754408292795786695e-01
6.550588299973807427e-01
2.050911643412909324e+00
3.887882595924774809e-01
2.187569951875962815e+00
1.306711243364936159e+00
3.093222462190278410e+00
5.023081237738035165e-01
-6.852014005728099266e-02
1.287942908354397620e+00
1.829688001131879904e+00
7.449901759421777570e-01
5.610995673576593123e-01
2.130648330783313504e+00
3.551043929076394434e+00
2.058835195227816772e+00
8.857216224832149543e-01
7.238672822734654178e-01
2.477252515503912900e+00
2.290188386781425223e+00
1.993516175729575846e+00
1.303700209100878915e+00
1.514608354139243662e+00
5.411408547035075900e-01
-1.372968749697094371e-01
1.987346140335825240e+00
4.140157848926629969e-01
1.443769631555419819e+00
2.345992189914078541e+00
1.949752753058860977e+00
3.953609902434598755e+00
1.063551194675060874e+00
4.034364246310979674e-01
3.910266696378880802e+00
2.061827705708572100e+00
1.262604686916448227e+00
9.989210273704193233e-01
1.146830963195519582e+00
2.597803047043821145e+00
4.532880358001878385e-01
6.945215176341517083e-01
-2.765349995097533542e-01
3.001715153488586196e+00
1.194754792055473969e+00
-2.252140389279317090e-01
-8.583860793866063821e-01
3.246078755608338806e+00
-2.935980265755298579e-01
-5.014118976340581346e-01
1.548112403801954251e+00
2.139158383525405771e+00
1.753703957093577737e+00
2.468651834036918125e+00
1.335507876222558066e+00
-8.404591500869788012e-01
