7.524345740785531866e-01 1.087030821501414168e+00
8.625707126347098574e-01 5.805001828965705712e-02
9.028727826930412759e-01 1.168820253315585728e-01
1.476651411938538550e+00 7.112822494242966309e-01
6.570645100407264128e-01 8.929727596318948191e-01
6.246321417512480378e-01 1.422109679806609739e+00
6.579995910355951327e-01 7.405780345367108941e-01
6.432428055676031944e-03 1.207755773089655094e+00
1.838582583627630163e+00 3.726831298236762402e-01
1.202623849402988832e+00 1.146611601365020577e-01
1.396739678893509362e+00 1.240131311755759302e+00
1.150059798432541802e+00 1.118427067938130737e+00
2.103120767251011954e-04 9.647618655945839894e-01
1.558237462611386182e+00 1.076799206338611148e+00
3.019178334089424709e+00 1.452359847195642706e+00
2.417514977495995553e-03 7.362634184651387637e-01
9.647317862707704625e-03 3.834374834001568200e-01
1.463919523320500682e+00 4.480579292878182351e-01
1.723766184797686174e+00 5.921040045340421054e-01
2.067909045477889507e-01 7.770416849500413337e-01
7.032859595492679805e-01 1.495523943334732542e-01
2.892422956875313478e-01 6.453745991346402366e-01
1.603936912385233393e+00 8.706433785559934968e-01
1.235216293628478068e+00 1.128677164572336578e+00
9.840363631101061159e-01 1.281842870491055386e+00
3.569359935570706743e-01 1.613452102068153593e+00
1.426457111446221941e-02 1.538667958328349128e+00
2.235625699896797158e+00 -0.000000000000000000e+00
4.053588978421417965e-01 1.748706922448208245e-01
7.489547868676640352e-01 1.223263157827015668e+00
4.068053465155296866e-01 1.353614563965677364e+00
8.577303332057584218e-01 9.659906229375094799e-01
1.358287885097720027e+00 -0.000000000000000000e+00
8.657415397665958467e-01 9.806258353956361917e-01
1.242310007215316592e+00 8.716481142763782275e-01
1.106565112120080796e+00 8.588902647272138591e-01
1.078918732034400252e+00 1.143442057138915446e+00
1.640797544442234246e+00 5.531151946417183218e-01
1.114632149806105366e+00 1.541664951405832706e+00
1.707859546246851989e+00 1.004354133398779103e+00
1.876725632063086735e+00 1.201014320554345982e+00
1.085511655165983524e-01 1.534225952598875509e+00
9.874699451028703390e-01 1.568176020194552489e+00
1.447574397082458837e-02 1.875530653864388109e+00
5.018888402654344758e-03 7.077755508618034375e-01
2.714771044722424365e-01 1.354543749204602854e+00
1.480289527914378622e+00 1.543929863637860445e+00
8.034107459735965184e-01 6.019247260725034687e-01
6.396172541703880610e-01 1.066656026797228929e+00
6.880689650958841108e-01 1.236055317495808437e+00
1.998681088969996855e+00 1.147900862419056534e+00
3.840962223815457821e-01 8.833174308192087709e-01
1.089498652309021098e+00 1.094029607002462878e+00
1.181282712357533349e+00 7.234825693393639456e-01
1.168682776976100124e+00 8.561307737146699459e-01
3.137434175641126352e-04 1.025259756068146455e+00
1.973102473978987303e+00 1.536144575888735320e+00
5.235324389425269898e-01 9.542636865126865597e-01
1.663830450609565581e+00 2.149329954923716812e+00
1.956667353347015359e+00 1.040585811974582997e+00
1.413365314179323873e+00 4.977477103043757012e-01
1.687144348778440772e+00 9.428521248684367251e-01
1.138726184904206074e+00 2.132235832000290987e+00
5.381510327025151863e-01 8.118599073406762567e-01
1.007872207651256735e+00 1.023779906939700224e+00
8.271342678984592300e-01 8.293725146232536760e-01
1.442433126486055039e+00 2.602700596863568361e+00
1.416636795212496136e-01 9.690441040202165679e-01
8.419697521910783911e-01 5.466028906597694866e-03
1.180225236016862578e+00 3.745247315067741778e-01
7.095729163609606482e-01 5.502203871320890949e-01
1.425989691265867165e+00 2.220757070015549634e-03
8.099018408033547001e-01 1.574254335156001661e+00
1.717451060837204002e+00 1.645935932919458944e+00
8.111519640148798782e-01 1.636941868597967087e+00
8.997081039561699578e-01 4.067399612662025987e-01
1.076499673250934874e+00 1.491255620372026858e+00
1.842095505588079662e+00 7.605767067204386445e-01
8.765528170441577727e-01 4.599829434439789977e-01
1.360252639916840200e+00 8.546427619013068355e-01
