1.615565080409969156e-01 3.064280107866179659e-01 4.487642203857284962e-01
5.666096931667196079e-01 2.063846377236896925e-03 1.211840953029914347e+00
1.109079909049061285e+00 1.469477191528587356e+00 9.810195897929306907e-01
1.340624674728398968e+00 6.425257680986553588e-01 2.213316062455454938e-02
1.806916711794784580e-01 1.682782309805144413e-02 7.276497770191017178e-01
4.596777996736675087e-01 2.822219879777427276e-01 1.392373659087290827e+00
2.820650890835117441e-01 1.021318285126482373e+00 3.334832730972733250e-01
1.093958546630965367e+00 5.539953983643087776e-01 4.172709410270902808e-01
1.080996548919648470e+00 2.631707628762923728e-04 9.257469117520434887e-01
1.878442416746807231e-01 1.197311416113715277e+00 9.556067726288111075e-01
6.195600748268673685e-01 1.048368870469536640e+00 1.741115048800957466e-01
1.097354835977634169e+00 6.925572764029876982e-01 2.911139593176470530e-01
8.353108493056039530e-01 6.037223858795676135e-01 7.032600568014369946e-01
6.989389538646457734e-01 5.931286571203889801e-01 1.821200174877753430e-01
9.194652230912382374e-01 2.478829632023335228e-01 1.312382088107682199e+00
6.654625333424251110e-01 1.658324228628291097e+00 8.895952417770492948e-01
9.881073796648137675e-01 5.599137723703772052e-01 7.931294320935912134e-01
2.276355072909430899e-01 3.818814283502335316e-01 6.827650830710638719e-01
1.035024769171314779e-01 6.167959360943927605e-01 2.101627397854773371e-01
3.517522079432799237e-02 5.913826564989401735e-01 1.131757668189862232e+00
1.550444005956178595e+00 7.176573186798473891e-01 8.014929242858030989e-01
5.085173746219820989e-01 1.649892654641485379e+00 5.764548518351085837e-01
4.800950359051685545e-01 7.832515770807545463e-01 5.892042751442614357e-01
8.336861072806017736e-01 1.482681449622223237e-02 6.969748413642746776e-01
2.345080407999911298e-01 8.145302382138246422e-01 5.615592264930784339e-01
1.612376746023300722e+00 4.832082916214227031e-01 1.521274757676884581e+00
6.418289092520486072e-01 6.742978237011912901e-01 5.500847706726424979e-01
1.490062424102894800e+00 2.775096432510400501e-01 8.127164378605049588e-01
8.734777725141884552e-01 7.601794398178075562e-01 2.850127502065710750e-02
7.472047744577157979e-02 1.070733231531705298e+00 1.026072912065043363e+00
3.256583307464898658e-01 1.136929588248041023e+00 8.662433334661242545e-01
1.068430221015278070e+00 9.074078490434940303e-01 9.657848270815226899e-01
7.331937140046725920e-01 6.485692085971269671e-01 7.231031593379644296e-01
8.339184777127442993e-01 1.030317724057789874e+00 1.203195211411045573e+00
6.502151411288433769e-01 8.859050650821794770e-01 5.412283372565550588e-01
5.876890309702145210e-01 1.375469338817230325e+00 5.899331487589337675e-01
9.526312998557865397e-01 1.129751340131756487e+00 8.919719424390720741e-01
8.851901265732894583e-03 1.195676049740490798e+00 1.017941629270540993e+00
1.414194726118020773e+00 5.758526652152177183e-01 9.950255546265650286e-02
1.636750518136608282e-02 5.683629181019473897e-01 3.600486628820797064e-01
1.480420862259067549e-01 2.570794166542110792e-01 3.041562542045496767e-02
5.669438238078668979e-01 5.572963117686643431e-01 1.270758204826585747e+00
6.529164632400429324e-01 4.301961468334321581e-01 5.592297944150786959e-01
9.439318160238704403e-01 1.190933151979650884e+00 9.321512028144225415e-01
3.952314438198462759e-02 1.265081522687503401e+00 2.602638286707102400e-01
4.953396829090807585e-01 1.137750358230556591e+00 3.433309940523977984e-03
1.364559780930420185e+00 7.086034092384646543e-01 3.491440219113439158e-01
1.194890948889991256e+00 8.703436105104626064e-01 1.072619215851361441e+00
5.235369035271738580e-01 1.157183431841350751e+00 1.294070887383578894e+00
6.655122195026911269e-01 2.238224798299287777e+00 8.985808295469878137e-01
7.958362526851645580e-01 1.200734485658505379e+00 6.512868241504075062e-01
9.531700103167252136e-01 1.072368411742640415e+00 3.352006865108573264e-01
4.687784561344138234e-02 1.083499652655177226e+00 1.607817100993276682e+00
1.450399831050177779e+00 9.585839874926747051e-01 1.271281244828327939e+00
7.412126084947552318e-01 1.173111234329010655e+00 6.170112753630390134e-01
1.763447611962340178e-01 1.103456274720489017e+00 1.002775554675359393e+00
3.459219106302325875e-01 1.129728879318284696e+00 1.434485095541565780e+00
9.027033955812314714e-01 1.101077578227054765e+00 1.137528522335040870e+00
5.104287663524369190e-02 8.827137819354847759e-01 1.399459298893829917e+00
5.294145093059094975e-01 1.214984839631137348e+00 1.659704852290178057e+00
1.014713024665469643e+00 9.047659590092161919e-01 1.775088751131234308e-02
1.296031724946701713e+00 5.765828911987636030e-01 3.004667572558285954e-02
1.321544405502939057e+00 1.457790860058136850e+00 3.507646236581776211e-01
1.227343315049854278e+00 8.955916313136171869e-01 6.351839482751662214e-01
1.062416879085955612e+00 2.972807055064482507e-01 1.690418489121797263e+00
3.499495389699149861e-01 1.448188060863783599e+00 1.316117128603545572e+00
1.972450794730574497e+00 2.071906941627482679e-01 9.820803505612692996e-01
1.371223105853939472e+00 1.970018915426733630e-01 1.074354456351544806e+00
7.631284627325273240e-01 7.573204620629873096e-01 5.159174430439584791e-01
1.123298633504231647e+00 6.390633708291826309e-01 1.562889381683172374e+00
6.170703845662549591e-01 9.355656738052197108e-01 1.149071132936203998e+00
4.163573026827260271e-01 1.162532513433360171e+00 1.231924620474416976e+00
4.302476553710207208e-01 1.226572784541026140e+00 1.582852080056939892e+00
1.022866652978818153e-01 7.859937860999736126e-01 1.404308774318451913e+00
7.970757608930086890e-01 9.121680122999719087e-01 5.150968534971936963e-01
8.333265571267330918e-01 1.307980449899961206e+00 5.118835192991316729e-01
1.370186533336539281e+00 9.115612572761409016e-01 1.417069397790809093e+00
2.307603805655149623e-02 8.049939667657894926e-01 1.212564184163279490e+00
1.067723145827791376e+00 1.714360011750701185e+00 2.193358956722963604e-01
1.178466910648690469e+00 9.867500503919787169e-01 8.423457447643563079e-01
5.632395877963504160e-01 8.093143112399797667e-01 3.528580334424030740e-01
