1.389225666157525740e+00 -1.091210633333496299e-01
1.445316862971412375e+00 1.360830437488479427e+00
2.219543576983291633e-01 1.182179921991808602e-01
6.495474419930481469e-01 1.509054952555895168e+00
2.750460934824065506e-01 1.125132143929192363e+00
1.146510959234118276e+00 -1.576434778642565038e-01
-2.919883262692408721e-01 5.589930074622664335e-01
-1.714577103564196847e-01 8.435515435310840804e-01
8.783031332787226697e-01 7.530013828955361976e-01
8.243472694407393275e-01 3.445115325667567063e+00
1.747694034216565440e+00 5.076165039107128907e-01
-3.491182297756665470e-02 3.221757534027972492e-01
8.799420118768946919e-01 1.024855646174347878e+00
3.341255448680444107e-02 6.153573594039004474e-02
7.808315898774148556e-01 1.036518503279793224e+00
1.603670895269895258e+00 -7.218856036421062994e-01
-1.817219981872934820e-01 -2.105289545485755920e-01
1.706923681259847614e+00 9.077411594559753327e-01
2.444364861076117890e-01 4.173253414750959789e-01
1.638894511464404236e+00 -1.575780812620786175e-01
1.681688797049418316e+00 -3.786865292993163989e-01
1.914359845648035685e-01 2.208443238922003227e-01
2.366825100151945683e-03 1.919411780105940712e+00
3.936905148995292869e+00 1.501911157571116096e-01
1.028219506550740681e+00 6.705419030442720807e-01
-1.107278849708512175e-01 -1.363873259939854532e-01
1.434849238458542287e+00 1.563546860444840148e+00
6.174969159429125609e-01 1.980786672877197674e+00
-2.584229730145881643e-01 1.096114478025090877e+00
7.620324292775449981e-01 -1.205510090265589085e+00
2.604218038000778446e+00 8.133104094513338156e-02
1.354003449373176515e+00 2.291803028135427134e+00
2.177319912151626458e+00 2.836098952481413971e-01
3.293994478488870836e-01 -9.919289745539064951e-01
2.469949068602542042e+00 1.564368338902121791e-01
8.212396859227045764e-01 2.401146557895518452e+00
1.134181840730711599e+00 -1.220090797702772650e-01
6.794732696759828716e-01 -1.028260410541911973e+00
2.048712871595974594e+00 -5.837279129823578216e-01
2.205783005400258345e-01 9.889488058504636303e-01
1.647557498294974332e+00 2.409597005087714752e-02
1.247234131622586700e-01 1.844688376829607179e+00
-1.199694724499689343e-02 9.068231390666477154e-02
6.980676684653247532e-01 1.238639593476098012e-02
-1.096089339191872236e+00 1.073364064719297462e+00
7.709610285247290307e-01 8.221787066973615943e-01
1.537488823566410812e+00 -3.299553390939419795e-01
6.983432699057716686e-01 6.542620826542075996e-01
3.846334691653002125e+00 1.119016125910101467e+00
4.844330798845915553e-01 1.754677043485284749e+00
7.241446334888551606e-02 1.258703020049935575e-02
1.484355274573301124e-02 -1.227705815970878550e-01
-1.516992649672747329e-01 9.887762187409918635e-01
1.825951322715044567e+00 8.487052776073682470e-01
2.198291957073504221e+00 1.270903018838863918e+00
-3.036049920197460006e-01 1.109052483292189750e+00
4.622479630596875583e-03 1.374303255530737733e+00
7.291216161328131218e-01 2.112935674290342458e+00
5.711225818075444938e-01 4.152009178127793465e-01
6.590541036470004554e-01 2.707815512438941363e-01
1.820436931278277326e+00 1.339718560042599260e-01
2.390696068722885759e+00 -6.882245316063855256e-01
4.151937776755978970e-01 1.474693330451201989e+00
5.205090044002234073e-01 8.733864523664159815e-03
3.395746455649634843e+00 9.365677786439053909e-01
2.537556725651703982e+00 4.920772222598296941e-01
2.155612274866800071e+00 3.329402129057192905e-01
7.890092989591081241e-02 4.681649644247115605e-01
8.592638258571320131e-01 1.801805161591926607e+00
1.634118914367395314e+00 3.636567866074216782e-02
1.692863827447870895e+00 5.688795127011161412e-01
-3.267192887478626018e-01 4.849296355664860503e-01
4.379594889769515553e-02 2.900215096640057943e+00
1.054922684959039625e+00 1.533206673737079528e+00
3.499727184020953175e-01 -1.283739966865902860e+00
5.763424265822123527e-01 2.250767952128354565e+00
1.250009198853096803e+00 1.893799183891258453e+00
1.454566139206031616e+00 -6.788565035699944961e-01
1.100938598688216752e+00 -1.480236020397523555e+00
1.770332073910299231e+00 6.428230613387690973e-01
2.250327537919421805e-01 5.907826823006772088e-01
3.684871923731108945e-02 -2.067184604275828785e-01
6.958772358356645205e-01 1.260326136947654552e-01
-6.932615187031535564e-01 1.178021535116711815e+00
1.687965426923137280e-01 6.329029894321901439e-01
4.085521944901576719e-01 2.326226363600055080e+00
3.178754181213808483e+00 1.382974484129895210e+00
9.670697520340175712e-01 3.022775297599218369e+00
1.791558134320580642e+00 -1.247233199227179012e-01
2.961831004352436736e+00 4.560904328687064302e-01
1.341381720629111429e+00 -4.562355224209765359e-01
8.885541059895705196e-01 9.753505139851623706e-01
5.313241019448669000e-01 1.628753522633828110e+00
-1.088986544607317919e+00 1.670823431924380209e+00
-1.427381463731541622e+00 9.824716216072860719e-01
2.671048507277480333e+00 1.769150368430369102e+00
9.997510738700048430e-03 -7.218440913599967201e-01
3.973932543645998905e+00 2.780661416580277656e+00
-8.885860434068730829e-01 1.460094965896154617e+00
-3.434422030554183936e-01 1.898558571502148684e+00
1.352190677840437338e+00 1.032551870383764392e+00
-9.684450255529383766e-02 -1.599893223982750551e-02
2.360639703346418816e+00 8.405141514790288593e-01
-1.904272016316992389e-01 1.814728174399046878e+00
-3.450695788715522905e-02 1.459983787275688227e-01
2.289107163012667201e-01 1.223206771884505883e+00
1.775099240990533511e+00 -1.653572796154388624e-01
2.780272851144541257e-01 1.038857268726426586e+00
4.060749717258748115e-01 1.208852456437070844e+00
1.989756901282806245e+00 1.875521949943082856e+00
2.176540441790029146e+00 5.355874688923336624e-01
6.535422432468197818e-02 1.123954459269433936e-01
-1.066602803287554357e-01 8.801046780277542447e-02
2.829700865293252487e+00 5.902243829868846214e-01
1.278050187922138425e+00 -4.420034284791958257e-01
5.227204000994101207e-01 1.107566005783250790e-01
-6.260046716431884040e-01 1.328020552923549147e+00
1.524172421132825583e+00 -6.803526372700344216e-02
1.249319430938283348e+00 -1.411075636826409907e+00
1.323589918747972272e+00 -4.250280302036806013e-02
7.155685840727913360e-01 4.091455766350426404e-01
-2.219691996586543037e-01 1.604139251893045293e+00
2.015239565683388356e+00 1.750021083690732837e+00
2.221872469057283528e+00 3.237377234934202708e+00
1.065677014095506969e+00 7.170198039110252664e-01
1.237651507114338356e+00 1.917923145256639650e+00
-6.455941431291553623e-02 1.906480960006510239e+00
3.514142807075129049e+00 6.456480580632565358e-01
2.932610601190898114e-01 -3.632251751145890162e-01
-4.356554669621688913e-01 1.189708540711775786e+00
-5.594597670965997249e-01 2.251848743410242548e+00
-1.927594682728745595e-02 2.001006804976485309e+00
1.648199166310400754e+00 -4.914330440162404945e-01
1.102810098426004304e+00 -3.815961321764219788e-02
3.594866747486159309e+00 7.807521966939854341e-01
2.566838303396730761e-02 -3.011674980385146694e-01
2.017131526049041224e+00 -2.755451839665847835e-01
2.296912919643566475e+00 2.625852875351670224e-01
-5.597173341190906370e-01 1.053029093802384519e+00
2.785748341317439536e+00 -1.633242698535639914e-01
-4.053090458975467936e-01 1.478846958588907246e+00
1.526436795026156146e+00 2.044496394033098741e-01
1.552705492213990013e+00 -4.198240457407470538e-01
9.058142852202957229e-01 2.977080418899818337e+00
-2.888017921156640355e-01 1.385400993038357065e+00
1.066014904051768797e+00 -1.260572819413988244e+00
1.297910229725501408e+00 -7.411295179603297756e-01
1.853105457630307429e-01 1.707614780527080489e+00
3.926533338524486327e-02 1.904959318586127770e+00
1.761749339798973635e+00 3.289401516345707432e-01
1.750044058168192640e+00 5.784023618831339864e-01
1.184007349346257870e-01 8.893916468589703195e-01
-7.749899563904225630e-01 -1.616808892913674522e-01
2.681663947872812592e+00 -1.806409274965373457e-01
7.236890503541806297e-01 7.736432573173934735e-01
2.339778992766972932e-01 5.493692493486924261e-02
1.617291742802519083e+00 2.082705432253316169e-01
-7.202401109667790069e-02 1.382522863170003280e+00
