1.771234198929946713e+00
3.895386214110836853e+00
2.240542221145393587e+00
2.479667102145215019e+00
1.612910010303856501e+00
3.058765721620885891e+00
2.444982357942703910e+00
3.721580849677538883e+00
3.267245292576215210e+00
1.616887959567652189e+00
3.057944190559531705e+00
3.100293091932416978e+00
3.493793581696208683e+00
2.245083703747983161e+00
2.169145798368722566e+00
2.107544212962197960e+00
2.056862197602507436e+00
3.435019104736711792e+00
2.772762373599933827e+00
2.857432403694548206e+00
1.613348437643255862e+00
3.856716406298586808e+00
3.330335081380178419e+00
3.683143502785426460e+00
2.398821200407810661e+00
2.892832959724851882e+00
1.417538205735267898e+00
2.374455698316991104e+00
2.234171331595759202e+00
1.376048956120818900e+00
1.234364321585302848e+00
1.730922575460349888e+00
3.608358265726649083e+00
2.557081650727275779e+00
2.511836736936374770e+00
1.661233788018596558e+00
3.011741490557766188e+00
2.543774764205285699e+00
2.067554563033266124e+00
1.561071705002928134e+00
2.469174592503665000e+00
2.397145448148430891e+00
1.239553676579151498e+00
1.813572809783931206e+00
1.808863443002070692e+00
3.123250599446239839e+00
3.270106279009952654e+00
1.881872806992099800e+00
3.269444952709536167e+00
2.693321680740966784e+00
3.438514117628634459e+00
3.091636611503515653e+00
2.058817183786274096e+00
2.845831474171749420e+00
3.788090627980313485e+00
3.121574026082132747e+00
1.685954409640998630e+00
3.054760582424883797e+00
1.812781817438026577e+00
2.083161936060882180e+00
3.033209408868853263e+00
2.172460045424693398e+00
2.307877134709309441e+00
2.810115939824844311e+00
2.642097574819166184e+00
3.353850142047650973e+00
2.854272288043014250e+00
2.048535676266969308e+00
2.630779857246207776e+00
2.296734101211782342e+00
2.463188376536258328e+00
1.276641849732397471e+00
1.916541483623664721e+00
2.643783381403455035e+00
3.294411336631354104e+00
2.959997327291860714e+00
3.439457179246676599e+00
2.200847928086473004e+00
3.178163740852906205e+00
