6.982439072042148295e-03 1.712234297490724311e+00 4.213706053754929237e-01
3.660537883880672916e-01 5.388807288139367824e-01 9.660080692873056485e-01
1.714907311255539746e+00 1.485442472979744410e+00 6.223818993903940111e-01
1.802101465014721571e+00 1.158150226014155286e-02 2.663153037511493681e-01
1.206396499937161693e+00 3.641992218903000733e-01 1.004590720650554880e+00
7.843014110425391427e-01 1.426835453021051858e+00 1.456478099972376095e+00
1.474978014862644793e+00 -0.000000000000000000e+00 -0.000000000000000000e+00
2.335253739963344621e+00 1.509941529534866711e-01 -0.000000000000000000e+00
8.590537417512470429e-04 2.223286287042851139e+00 1.591378771574877837e-01
1.000575469531226558e+00 8.584869219802857554e-01 2.101722578525507590e+00
2.571039365636971219e-01 4.239632001465182265e-02 7.952375891824338128e-01
6.144235156167082712e-02 6.188212813828362080e-01 6.442085881262439064e-03
7.005695059646968037e-01 1.023944196180496702e+00 3.463731859790727952e-01
4.802707753403882146e-02 1.113104781111704300e+00 7.365072579318314092e-03
8.607882559921123944e-01 2.530769413086710884e-01 2.548257946943731089e-01
4.170790011196705560e-01 2.316165352706498481e+00 2.501728397893507871e+00
1.302431498058624904e+00 1.224982118898256256e-01 2.691285134799234480e-01
1.047788908725243662e+00 3.110545484521035631e-01 1.285835394336544812e+00
8.150851686132856017e-03 3.160152601496020799e-03 5.558655292471140763e-01
1.367747258638617680e+00 1.526162447937717825e+00 1.024106560834998729e-02
-0.000000000000000000e+00 8.555520572971698767e-01 2.757717352881495110e+00
3.001668348625827903e-02 1.732528199801432800e+00 5.734477342990296211e-01
9.354663527201106943e-01 2.357561595441554914e-01 1.130985706088639908e+00
2.975319079746135617e-02 6.687129551527525896e-03 2.023652404145085182e+00
7.624331036039954101e-01 1.969109994392106877e+00 2.408818351406242009e+00
2.794838196136685049e+00 6.787807217886230315e-01 1.489646602995718050e+00
1.409325960445351189e+00 2.145591676743605625e+00 1.839368777711666847e-01
2.532685377078432332e+00 3.600332955396591816e-01 2.482683702384874902e+00
1.308175548167669344e+00 2.995492890337079661e+00 1.349638989992256288e+00
8.244368805148151180e-01 7.648636033664490963e-01 1.081083397217419591e-02
1.965474127607850230e+00 3.000817675235052828e+00 1.390699568148068721e+00
4.258751543892776051e-04 -0.000000000000000000e+00 2.276424246368590865e+00
1.709324851229449882e+00 5.884902745435974802e-01 1.371882624751129098e+00
1.743003905831078448e+00 1.613461852703788058e+00 1.064589288352684848e+00
1.011329623353382168e+00 5.319884348690808729e-01 3.121638253818102005e+00
1.862467410071885210e-01 1.612256559111684417e+00 1.476527219176242856e+00
1.221973569335380594e+00 1.013239666667482997e+00 1.505247545495166595e+00
5.588139853126863899e-02 9.772821038865553422e-01 4.577486445614369764e-02
1.444770058999060580e-01 -0.000000000000000000e+00 5.017175146180797955e-03
6.078679304621787960e-01 1.275863470792354230e-03 6.734695113525599464e-01
2.197571445640836979e-02 1.034037273919064415e+00 3.976333081479555172e-03
1.081253381007023062e+00 7.111572797564699212e-03 1.728354911585164189e+00
9.644775722786333993e-01 3.310488656054201506e+00 -0.000000000000000000e+00
1.509679533866550516e+00 4.334641298139986776e-01 2.832811760406525690e-03
1.177474257006686065e+00 3.172286504653332173e-01 1.585296978858126427e-02
1.550077936613354331e-03 2.022443660419971923e-01 1.643656271842576511e-01
2.934735378329673445e-05 2.112286845932298096e+00 2.008507112187654098e+00
2.614809360223865342e-01 2.673925136233365585e+00 9.268787977029199210e-01
2.425803380596893658e-03 1.791383148273183235e+00 2.511547451904291517e+00
5.852885224044395152e-01 3.876683044551382132e-04 1.031124769054223345e+00
2.761617574423532062e+00 1.257556161449213894e+00 1.445420216866954433e-01
7.440718274226488793e-01 1.172395117277581944e+00 1.865419654995989163e+00
3.597198040264919516e-01 2.145997961915718122e+00 8.961268721783927083e-01
1.700155223069046206e+00 1.208814054088892549e-03 4.194026239450810434e-01
5.424514682120971099e-01 1.025504500373091571e-01 2.824074668300842472e-02
1.098769593310755299e+00 1.903828380249291241e+00 3.313092577315550624e-01
1.525339033663623889e+00 5.078272548629688687e-01 7.786603710237768872e-02
4.946711667472430407e-01 1.452443157421795528e-01 3.144561645380982151e-01
2.946834046597579526e+00 1.255950828613842329e+00 2.301217296207360707e-01
1.575090680862091919e+00 1.023349872454962011e-03 3.686720917904249273e-01
1.632071796380009765e+00 1.256667526914713839e+00 2.022940356960704289e+00
2.109036824006248201e-01 8.648360102476989608e-01 6.872558391877633607e-03
1.382369160498679417e+00 3.751224138489807070e-01 3.547964951086927110e-01
1.586127931236351651e+00 4.373574391484140109e-03 4.460905068880330893e-01
2.946025288183181878e+00 4.214315021342209737e-04 6.921619740999520598e-01
8.247257981695489404e-01 6.849991645215504077e-01 2.184530394240048468e-01
1.079693161547101276e-03 3.477236718845768126e-01 7.542012940249905872e-01
1.057361807368026839e-02 9.460631013566591641e-01 4.318331247946123330e-01
1.714735174310595411e+00 2.709980271188249024e+00 1.225879684557315812e-05
1.093904785265099155e+00 6.289827275011966590e-02 1.566998541432675029e+00
1.024874056867321137e+00 1.313516588814404695e+00 3.587765848981924743e-01
6.780601353985302691e-03 4.829479748253693860e-01 2.291196726755067026e+00
1.141062414099731193e+00 1.793883188488591962e+00 2.512255040402064488e+00
2.058232356971970933e+00 2.295705880283269856e-02 1.365350483848132734e+00
6.522315872311226226e-01 7.333014780402363764e-01 5.935681886346704239e-01
2.144850722518830466e+00 1.477223776907810260e+00 1.024914387346772537e+00
4.894198663265429405e-01 4.351923400521436058e-03 2.305231872327009768e+00
3.038743099881593968e-01 1.333736773298364042e+00 3.145836040527502089e-04
1.727368950126447755e+00 2.334953260315236978e+00 9.411218990845992005e-01
1.982918176977838121e+00 3.307892347423504464e-01 7.361196773844490560e-01
4.760696040951041264e-01 5.815484455499304595e-01 5.482030856154339604e-01
