6.289584230914043728e-01
4.583188533006242182e-01
-1.293399607643162530e-01
-5.782572270557195804e-01
4.768336926573853995e-01
-2.319675543944594853e-01
-7.552453564564230726e-02
-7.651493686581338771e-01
-5.807617121536594595e-01
-3.369625603318282536e-01
2.532501371710024207e-01
4.332305934533875469e-01
-6.281944703033609523e-01
-3.161062486954446249e-01
4.619198674706451180e-01
5.138745684299330652e-01
9.327740300787380756e-02
-4.406310483195712280e-01
5.583563449171236037e-01
4.968501392329844890e-01
3.991923659640946309e-01
-9.832501388517589369e-01
-5.889026243887054424e-01
6.711737507308046524e-01
3.020281437339510933e-01
1.960397836284571704e-01
8.220019094886625854e-01
-6.178721328549708902e-01
-2.357834339622860709e-01
-3.389867838894271568e-01
-3.571682339767602299e-01
-9.035243347389217972e-01
3.162687616882833286e-01
6.016787396728152659e-01
-9.403929474555612622e-02
-6.595470740400217746e-01
-3.985006491022933250e-01
2.603928152216375413e-01
-4.697700023509530087e-01
6.432100259383565222e-01
2.144042186563966945e-01
3.226548896526909571e-02
-2.667015203227440234e-01
7.196672967255562936e-01
2.551964797367625160e-01
3.927772768037031126e-01
2.375075081859583381e-01
-9.194423696260931034e-02
7.036901121358905831e-02
6.013903236487084802e-01
-1.726750967679631654e-01
1.068453156944908743e-02
-9.660439866695206268e-01
1.387509747644492634e-02
-4.094555734961669580e-01
-8.598733007862450206e-01
-1.620066391831387065e-01
2.319769243621424559e-01
3.197965128383830069e-01
6.064952143519456579e-02
-4.157340140001037354e-01
4.893683383683535282e-01
3.811758333602309756e-01
7.477109187745685226e-01
-3.288192147323046322e-02
5.266677277506901511e-01
3.207859856965615819e-01
-1.657775304554452156e-01
2.292910355193585603e-01
-2.453595579581529518e-01
9.646814366086779724e-02
-2.266321601178962752e-01
-7.652102124370664393e-01
-2.365660986784687558e-01
5.888238411973613085e-01
1.391463793930623749e-01
-5.347046571001989879e-01
-4.510649931218818631e-01
7.472904279501640934e-01
3.787899527079328643e-01
