9.374548295950340532e-03 5.987811507558071962e-03 1.760263464270535871e-01
8.726373120670684325e-03 9.594957678454406683e-03 1.214819782401772352e+00
5.132778376002884446e-01 9.281084045917660230e-01 2.538635562481994068e+00
2.203311941912690752e+00 4.777685642090391260e-01 1.438047652644196539e-01
7.867513195773931378e-03 5.418860573439815420e-01 6.966962598088026759e-01
1.151414398477542105e-03 1.324206179687382523e+00 2.847805214145743974e-02
1.011630390480057762e-01 7.479630876161605935e-01 7.617660370964283167e-01
1.417176116978989375e+00 1.486348958139618696e-02 1.286982272119290061e+00
2.780212318790520332e-01 3.401398827007511283e-01 1.472246089385222723e+00
2.901374323101726382e-01 1.246999541599893568e+00 7.172084859489683550e-01
1.059431849852955493e-01 9.348407777045970590e-01 9.575049239778822552e-02
2.356107286450286747e-03 1.360884587929571121e-01 2.534470140691865749e-03
1.501394846857531551e+00 1.495079626090361158e+00 1.550691989927923675e+00
4.118765699964979654e-01 4.141969528144129331e-01 7.138557905654024927e-01
1.209986422349259350e+00 6.934608127062226179e-01 -0.000000000000000000e+00
2.147904048601057166e-03 4.118810051052353427e-01 1.187223107332366911e+00
5.801963911101104543e-01 7.366439115019822736e-01 2.893341313391114937e-04
1.275293623828588352e+00 -0.000000000000000000e+00 1.368743105707620256e+00
5.009972348395695940e-01 7.778817459656139910e-01 3.697590038321019266e-03
1.759285854675983973e+00 3.410566320623432124e-01 1.909874185130422841e+00
8.072781460936994113e-01 7.573353186332050166e-03 2.001832867589051990e+00
1.211608622720221629e+00 5.532704682160158316e-02 3.843763471622935191e-02
4.041539130629839827e-01 7.061316041482013778e-03 2.962449320302063538e-01
1.599006324403514645e+00 6.112000972970074164e-01 9.950412738650392663e-01
2.141723220298335020e-03 1.194841519875559754e+00 1.642418025567036755e-01
1.176610866771935715e+00 1.779349680258596411e+00 5.648259334890996797e-02
1.400981982106264789e+00 1.484385520622548693e+00 2.737713244060395179e-01
2.531145601594408934e+00 1.083853748249605092e-01 1.729133149672032577e+00
5.957933778628811128e-01 9.056568208326850611e-01 5.129737157383787993e-01
1.073742769504516081e+00 2.938656840854597663e-01 1.707875752640146405e-01
3.459658907994179189e-01 2.275477495604671940e+00 1.253662732212821762e+00
1.124830853701932476e+00 1.234936772195410412e-02 6.778677730404548685e-01
8.163089782269048258e-03 9.060471789146832267e-01 2.312309736766106905e-01
5.288820473168114322e-01 5.377529919864435515e-01 7.178465890514517111e-01
4.216168603483171906e-01 3.693795871531841968e-01 2.232545717835639820e+00
4.981460953443010362e-03 2.664415842364250331e+00 1.267973902584850876e+00
1.834921623711547045e-01 6.711793317841162620e-01 9.495787988303957539e-01
9.368594410304985631e-01 7.189886633450416620e-02 1.168578090909769829e+00
6.840395136040622326e-01 6.482576999863152167e-01 1.647629526918956144e-02
2.987996933654796412e-03 2.229388478409832786e+00 1.213403824652031782e-02
1.008331748139882841e-02 1.277968948034587271e+00 7.565717186407197037e-01
2.219040309897200469e+00 2.501303131273641123e-01 1.798435660707953687e+00
8.957082590536772360e-01 1.837846225487826390e-01 1.713287422298132631e-03
6.202803618924528362e-01 1.759804264707202082e-01 4.628092444570339747e-01
2.086335362021111361e+00 5.334389194083648533e-01 1.560015988183037328e+00
1.956920235217203929e+00 7.451051531976256026e-01 6.298102038998107562e-03
2.431919500099360310e+00 1.375824265213249076e+00 6.786212516597054378e-01
9.986546086558228258e-03 1.638206427058717107e+00 5.025147414025153345e-03
2.548580167068398072e+00 5.203148018394753056e-03 2.167594879135279484e+00
9.035984016883004122e-01 1.188532466310569635e+00 -0.000000000000000000e+00
2.754160320654960303e-01 7.474596133408948836e-03 1.950937163470981783e+00
8.666538312470559724e-01 8.112619140896630901e-03 4.958198846287950601e-01
1.503708417581446133e+00 4.473975833155700021e-01 1.113038597196754687e+00
1.937861464362231056e-01 2.108553759706301545e+00 1.039188817301569916e-02
5.325482810305021131e-01 6.513139932858583725e-01 9.363900643054183792e-01
1.106555409484832664e+00 6.006038396707070737e-01 1.234856867380882850e+00
9.569053154270260597e-01 3.438708915787921372e-01 1.405568932369846147e+00
1.615609374150581035e+00 1.818003496537307084e-01 8.005039850150584835e-01
5.085200938459241149e-01 1.583045568584236173e+00 1.003241312871507029e-02
1.421741052930494353e+00 3.561291621227809512e-01 1.870934970931039221e+00
1.565694034011001490e-01 9.291416642432255291e-01 5.399122823272595184e-01
2.024764018777954755e-01 2.085320926680998443e+00 9.378256228610276288e-03
2.738873358375664147e-01 6.372682073592208889e-03 2.908144647947596417e-01
2.010462266944134768e+00 1.125270758179245822e+00 1.440039564044403697e+00
9.822996105484060880e-01 3.125428417890056300e-03 1.855634562835082768e+00
1.819478545455552654e+00 3.776622184031393492e-01 1.796267606850320053e+00
1.047133161457502348e+00 8.463943349625369095e-01 5.394278540462363880e-01
-0.000000000000000000e+00 5.673679075912873015e-01 3.093619978312540097e-01
6.632857668570594223e-01 8.491314685021529307e-01 9.786589853312863130e-03
7.948438048469692596e-01 1.685677074424807298e+00 2.038198125264258476e+00
1.696141519145495824e+00 8.959312784831521270e-01 1.887206310776417872e+00
1.609120686886513288e-02 2.234396086168895929e-02 3.683045732552812646e-01
1.031156963623088618e+00 2.154275313941806491e+00 4.939122211748446234e-01
1.140504167285620651e+00 1.036669820038291556e+00 6.611347273898242616e-01
1.877082404341724686e+00 1.112556519710515834e+00 9.458386286085865985e-03
1.874745272234382698e-01 6.267957314463094010e-01 5.769742631967582636e-01
6.256720749201557519e-01 3.319668100293582391e-01 8.984754191099245668e-01
5.864464083888311884e-03 3.659237700431192675e-01 1.901528210386290274e+00
3.922342250048317158e+00 1.128700348729360370e-01 7.992097316669055651e-03
7.113352241696891953e-01 2.459417476222056642e+00 1.675474343028892532e+00
1.808681897654061510e+00 3.081377144040448133e-03 3.813341938907049422e-01
