-5.045780868365953298e-01
-9.063863747857098252e-01
-2.498298974034686981e-01
-7.641867918915057345e-01
8.539382047568774281e-01
5.814391352926786549e-01
7.157802216667235040e-01
-1.137041906819544534e+00
-1.418422078738377667e+00
8.224714302319278136e-01
3.863868973357977854e-01
1.565815193003719408e+00
-9.109168258222312131e-01
-1.099418201005884166e+00
-5.774000112940762541e-01
-2.401627762500400665e-01
-9.208252158475029869e-01
-3.268443740400795439e-01
6.021523182503458749e-01
2.734844566394754040e-01
-9.879531874066855845e-01
4.240489037778693571e-01
4.473649999570185054e-01
-5.296192249864090096e-01
-1.764786065952531372e-03
-1.201470040254702054e+00
1.960465209905219330e+00
8.816405487607630043e-02
-1.340773697287393207e-01
-1.071125749497654350e-01
7.929026959465049762e-01
-2.016020593285477655e-02
-3.454309930556753727e-01
3.202609245688737283e-01
6.861764733865730603e-01
-1.288750702363218092e+00
-1.993619456891552733e-01
1.543733769899945374e+00
-7.819543099060183300e-01
3.311985902142055571e-01
1.329475251099662136e+00
1.598273595292107219e+00
1.253136621819551877e+00
1.225903465353689187e-01
1.691537275228790493e-01
-8.575019296847123940e-01
-1.074657245776616810e+00
-1.052127368265783458e+00
-2.280472346408259632e-01
-6.035459631166800731e-02
4.952717419868322701e-01
-4.221886967467546742e-02
-1.131128837731057851e-01
-4.809885354691289527e-01
-1.730314372366897224e+00
4.953807365305042398e-01
-2.960786849926375086e-01
-1.453653089242947505e-01
4.739071905521224370e-01
-2.522501525485128515e-01
8.741355396913515208e-02
1.013658120227918902e+00
2.974684496716887283e-01
9.364718549355700583e-01
1.045334132316750875e+00
-6.767378024403466474e-01
7.623361310023611948e-01
-2.522629644789571302e-01
-7.744441404669017981e-01
-9.805588679867505153e-01
2.791029951138868648e-01
6.130616228763257070e-01
-9.129807465913879483e-01
7.397996393284483885e-01
-1.429135404894600614e-01
-4.553618378123271415e-01
-2.550280650638702892e-02
-2.372739425469220509e-01
5.014877004361767421e-01
1.959829052054938570e-01
-2.466541614675473171e-01
