2.440045459001989325e+00 3.487256931947794736e-01
9.482985974849409416e-01 5.627186145010382168e-01
1.166677620312384756e+00 4.565498615995933207e-02
9.660367575206708218e-03 1.047972217495195535e+00
2.460730988600915714e-01 8.180275636044439524e-01
8.459748867948569950e-01 3.842683762763678956e-01
9.638352348251886248e-01 6.709507218813733909e-01
1.090928094772408485e+00 1.184766508689067743e+00
8.463688960928962557e-02 3.878481018371137123e-01
2.280642525219178207e+00 8.075201761932467859e-01
7.870311122673995241e-01 4.741657340130461112e-02
2.192698982666371754e-01 4.709788906612565884e-01
1.592225681589715336e+00 1.353595780536621440e+00
1.683549214074227598e-02 8.659400129540373303e-01
8.749747069975040148e-01 3.685973768832844777e-01
1.179746088127205939e+00 9.202123328218889675e-01
1.358681945835582994e+00 5.280895214426089002e-01
1.108473700162819098e+00 9.377715272086659670e-01
4.604147250613159215e-01 1.116954522035154662e+00
1.396264668813323340e+00 1.012777007211800306e+00
9.907344585286943506e-01 9.018173975793218888e-01
9.777808380157526624e-01 1.040257756610012629e+00
1.057006158592110445e+00 1.425499353836934269e+00
3.660520393705116726e-01 1.728091401381650183e+00
5.700879686087101383e-01 1.401084684538765446e+00
1.093277770959918405e+00 1.594070287851135082e-01
1.223189242670945198e+00 1.649365890033870796e+00
1.278752103060644352e+00 3.062322743505767053e-01
9.425436826942589219e-01 1.258911575726691379e-02
6.325676542974810745e-01 6.910102599865954875e-01
7.327908210527870336e-01 1.440717416554512020e+00
1.550617791217999253e+00 2.440364207960502851e-01
1.706872609815352826e+00 7.506556226604566007e-01
5.801700936879411463e-01 1.367207458248522467e-01
4.438270735114204224e-01 -0.000000000000000000e+00
1.174697883962804168e+00 1.385348186452777686e+00
7.177668120759672643e-01 7.379677030963470719e-01
4.372025143253148727e-01 1.514415223477684869e+00
1.172490321406064684e+00 4.245280815251923912e-01
4.290882452464843122e-01 4.465450126089060556e-01
5.514246046280537605e-01 6.623101678965166439e-01
1.022638881630110630e+00 6.564560936723350393e-01
1.338091177032392776e-01 6.133729569253253411e-01
1.206630891366814229e+00 1.018511341889908106e+00
8.411426786832529867e-01 4.205785966030780587e-01
6.582360370698255858e-01 9.062149926263094457e-01
9.177172391581916999e-01 1.629527525103850127e+00
5.217360885217336985e-01 6.604002635975632085e-01
3.993263157471191871e-01 1.451031557098772407e+00
1.129483534675414375e-01 2.201637254006395816e-02
1.067503616378994380e+00 1.828117383307420241e+00
5.169324661662847570e-02 2.710569259034427692e-01
1.228491624755532863e+00 1.869146767888196559e+00
1.241073765231785808e+00 1.300621338887844258e+00
1.288414527930049625e+00 4.105356050466075213e-01
1.275380524498083368e+00 1.182401670743616018e+00
2.770833523939872922e-01 1.411769351726627209e+00
1.258090755732936605e+00 4.958580290364165144e-01
8.292852640588014301e-01 7.094084284999686574e-01
8.738155498884294659e-01 1.153284339560097793e+00
4.854623758717250270e-01 6.505595710655416586e-02
3.560765531110597626e-02 1.588935171886211695e+00
1.491663648692436415e-02 7.775840634246590222e-01
1.219329996240936742e+00 1.435336336730107243e-01
1.239249907112196070e+00 1.168688027409245045e+00
2.415611625407502849e+00 1.955436152568577057e-01
8.802017589679390630e-01 2.590874980198721450e-02
5.905882331072157543e-01 1.083576903133230296e+00
1.460343592465545459e+00 4.498508062118302675e-01
1.311627493399932787e+00 1.521832599292281651e+00
1.913676696830681090e+00 4.369142488588356743e-01
5.232988459626266575e-01 1.071787961672659439e-01
1.448448115681566284e+00 1.179382664501922973e+00
1.417695620794472866e+00 5.779523494324635413e-01
7.466775221048963518e-01 4.763937557843213599e-01
3.683200043451342887e-01 2.028258769596884281e-02
1.234030317296767931e+00 1.235580275850333365e+00
5.327461509771145298e-01 4.671016801761899706e-01
6.006161844201802769e-01 2.086810654299867451e+00
3.721160137390460698e-01 5.206327378930860617e-01
6.224844484661576915e-01 2.485329003371053169e-01
