1.318764795172505224e-15 5.838682316796014043e-16
3.404219838942063723e-15 1.506657580139690260e-15
2.522207478383629209e-15 1.116327561275094832e-15
-1.434436334211472549e-15 -6.350654909122670577e-16
-3.044908556706727266e-15 -1.347664711420464787e-15
6.737070842051758863e-16 2.979168752423475738e-16
2.541707533524416437e-15 1.125052528801092497e-15
3.333943098537615303e-15 1.475853552987272539e-15
1.560399349162830527e-16 7.075917327882264145e-17
2.404208352742756929e-15 1.063839507657599062e-15
-7.807904943076338644e-15 -3.456035647157284154e-15
2.636031672277262811e-15 1.166758460629129324e-15
2.778093433902256780e-16 1.225972120153950982e-16
6.370057590996434324e-15 2.818930144570961241e-15
-3.994480606970068946e-15 -1.767854762977153220e-15
-1.288419023187380574e-14 -5.708565930702560638e-15
-7.702711995825919738e-16 -3.409053087444667899e-16
1.025993261683805594e-15 4.537726372854001470e-16
8.159719587946453528e-16 3.612869669333902057e-16
4.410155051981843382e-15 1.952205912283172676e-15
-6.076987157109259332e-15 -2.690042497416232604e-15
2.865573185058631098e-14 1.267817919337906893e-14
2.263964998201095888e-15 1.001895996586955330e-15
3.593745937225593800e-14 1.590332222482579213e-14
-1.508431109978883906e-15 -6.677202079072670865e-16
3.387685057803439029e-15 1.499473163943182875e-15
4.836286811202586821e-16 2.139704186968729569e-16
5.042238955955873662e-14 2.231699857315813740e-14
1.067581837753664682e-15 4.725311084938337961e-16
-1.285088619520286381e-15 -5.689822941738179957e-16
-2.392745085553010286e-14 -1.059518691730923240e-14
3.439245114004709694e-15 1.522264906761853693e-15
-6.968783569132899631e-15 -3.089474474526447658e-15
-4.622487851739572690e-14 -2.046107532528698131e-14
7.613237833304137817e-16 3.364425941206328133e-16
6.239781404722938974e-15 2.761017958432385883e-15
-1.378109067870818854e-15 -6.103354845923345302e-16
2.885334386172543412e-15 1.277228687338592244e-15
3.850005454499996734e-15 1.704363674035248829e-15
3.327484964687212587e-16 1.471775260900237998e-16
-6.279789312099945082e-14 -2.779928049480464321e-14
-5.497991265768135119e-14 -2.433741746332386052e-14
-5.164826539106779684e-15 -2.286083575768093364e-15
3.138925503194216065e-15 1.389155629870312129e-15
2.622597565868446816e-15 1.160801661221947658e-15
2.568715163390936884e-15 1.136933480748463419e-15
4.062945072080463440e-16 1.795659335689992619e-16
6.969816709272698371e-16 3.081879636373098948e-16
6.912260151059966368e-15 3.059823327887469823e-15
4.833000382858225457e-15 2.138437620021075336e-15
1.597419999579613294e-15 7.065491478711616875e-16
1.554227643038956519e-15 6.877901270680125272e-16
-5.477385323054495005e-14 -2.424680141691279523e-14
-7.892464060474562037e-14 -3.493618614872453904e-14
-1.074186224859358818e-15 -4.756704369396126550e-16
1.532742501093626348e-15 6.786071983896998197e-16
1.634311478898290917e-15 7.232148297621099120e-16
5.565645544934429920e-15 2.462756516357799266e-15
-1.007507045801505770e-14 -4.461119578887688255e-15
2.122720478132778682e-15 9.394177782272289720e-16
-1.380986997768977145e-16 -6.105532412030462488e-17
-7.541602965317683965e-14 -3.338291501769772624e-14
6.759938997142131017e-16 2.989158386837410025e-16
-4.164686689920161793e-15 -1.847023043707291691e-15
1.019740915248373510e-16 4.488051856129927051e-17
-2.097774131464221502e-15 -9.285320337394879864e-16
-9.701117137972606444e-16 -4.294624648807855462e-16
2.015361031089371597e-14 8.919990027922547439e-15
1.854894259094928913e-15 8.208975934901633451e-16
1.469555565050475039e-15 6.501607872306802779e-16
-9.799605625206117027e-16 -4.340256566807288689e-16
2.319075112524305889e-15 1.026923934959423768e-15
1.859278653795939942e-14 8.223681488786462213e-15
-7.339262545882479369e-15 -3.249517630331807153e-15
-3.347271616011608761e-16 -1.480793353258745731e-16
-5.459417849738957511e-15 -2.416439647505850134e-15
9.470886165347078539e-15 4.191935890119896587e-15
6.415644999760306039e-17 2.841187556858472054e-17
-8.399454477524728645e-16 -3.719039785358997109e-16
-5.125820472076900261e-14 -2.268980889675464398e-14
-1.360248810422659231e-15 -6.019355573493991428e-16
1.595562841921088625e-15 7.059444781761860991e-16
3.697696255015248679e-14 1.636384008603183446e-14
-5.043803837163977258e-14 -2.232368492175071802e-14
-1.253718951469188650e-14 -5.550751893706767636e-15
-2.086589708040385324e-14 -9.239078889495007974e-15
1.574194702468337084e-15 6.949414251848490897e-16
-3.140434005309058369e-14 -1.390115635464048485e-14
1.114869784017235851e-15 4.930970246427047888e-16
-1.387680761128085334e-14 -6.145641169958259787e-15
3.187900177621476257e-15 1.410786676119506630e-15
-1.313924246385799136e-15 -5.819474562193601339e-16
5.614444065982408553e-15 2.485042842584534460e-15
-1.360861191610333293e-15 -6.021655822314010340e-16
2.459212816404701505e-16 1.088009427115599502e-16
2.368209615305168030e-15 1.048195172510173381e-15
-1.473187475350161791e-15 -6.522253945122931457e-16
-5.402590492587873981e-15 -2.395945576796141046e-15
1.086592490288747425e-14 4.809369050871383313e-15
-7.473519876635311837e-15 -3.314182271449596729e-15
3.350186843890801899e-15 1.482684067167049148e-15
-8.493452560698764830e-16 -3.760955329814881101e-16
-7.831403469805191962e-15 -3.465949667184455150e-15
1.300523997719478409e-15 5.757298280854389419e-16
3.215265082744455589e-14 1.423073246744128110e-14
-1.840124764500456140e-15 -8.144129603714109136e-16
-2.614553587762117869e-16 -1.156581866667219816e-16
-3.327572211805290027e-14 -1.473163954864000437e-14
-5.406323134842774584e-15 -2.393439888810595874e-15
-4.057132181029328705e-15 -1.795969468094829493e-15
3.626945687152296032e-15 1.605468282288423904e-15
8.198558886203303822e-15 3.628296210052750440e-15
3.231151002675527342e-15 1.430221631380648676e-15
3.539930139036612189e-15 1.567318760322906823e-15
-7.745817732908981706e-16 -3.432237717614225631e-16
3.463210736585267255e-15 1.532591647337254268e-15
7.948143018293624305e-16 3.516277580060494546e-16
2.448334032862824495e-15 1.083833381724680567e-15
1.359025075578525163e-15 6.014020369160067633e-16
-3.115017888181727466e-14 -1.378982753122013741e-14
1.428660802493104054e-15 6.322832168715365100e-16
-7.702414888251318194e-15 -3.410511610498894156e-15
-3.350063064281926512e-14 -1.483112887785388208e-14
-6.623009475925722207e-14 -2.931470565541998582e-14
2.226367107394564455e-15 9.852251802099023949e-16
5.194387513462626095e-15 2.299265841424962788e-15
-1.621217461592066543e-14 -7.181323899494970258e-15
4.876357813088735157e-14 2.157902044778270375e-14
-1.682539925678010502e-15 -7.452534878456334833e-16
-2.187521491932246118e-17 -9.809052572950171578e-18
-9.478040583194314325e-16 -4.193309593316736162e-16
4.892441235580672675e-16 2.166214377873209356e-16
1.228929685359186998e-15 5.437735769229219250e-16
4.976615080655392360e-14 2.202709807250259069e-14
1.089384612169297204e-15 4.820314693254259070e-16
-1.023762343447990782e-15 -4.533101809280533719e-16
6.044801198822475129e-16 2.674101207374341938e-16
-5.323864309101048534e-14 -2.356639649747670488e-14
4.519479540627022059e-15 1.999508432990458796e-15
1.973350898369755677e-15 8.732743606797273163e-16
3.040493163511409268e-15 1.345318356157476513e-15
-3.340193547060084716e-15 -1.478318435995558846e-15
-5.951766204099246876e-14 -2.634486465457992865e-14
-1.899367067928531404e-15 -8.406139885552863877e-16
2.028028828960382849e-15 8.975762209199220324e-16
1.974577954488392744e-15 8.738470299690156462e-16
1.667152286416637070e-15 7.382580714042961067e-16
9.464163778859532402e-15 4.187880111697774315e-15
3.276829008611305415e-14 1.450402448355828583e-14
1.989421013376849767e-15 8.804974369620644852e-16
2.140598522116694048e-14 9.470956434006387313e-15
1.980294031544856823e-15 8.765389410312533415e-16
-8.666302777146709751e-15 -3.836041915289795508e-15
1.464835830343005395e-14 6.479784186431706602e-15
8.161103132837223693e-16 3.610204195336233823e-16
4.480965388219691571e-15 1.983012441403110413e-15
-3.540844570017263561e-15 -1.567392969038269371e-15
5.013077053909495782e-16 2.219324189197515738e-16
-1.574768443410337431e-16 -6.956014728318617860e-17
4.256960606028784610e-14 1.883956386879274905e-14
-2.277429948992837439e-16 -1.006568474603332691e-16
5.458972941774818608e-15 2.416462131163174059e-15
1.984671187744627094e-15 8.781210413626258373e-16
-7.824107711416738043e-16 -3.468857318476927235e-16
1.660118106027364313e-15 7.349165491923768748e-16
-2.432302545514185491e-15 -1.076839841132831663e-15
1.587549767310033393e-15 7.026599774407793905e-16
-2.660174438306146804e-14 -1.177710098731254282e-14
5.063605587068867855e-16 2.241709331860489413e-16
-5.837276870984681657e-16 -2.583826675080123939e-16
1.864513679123433270e-15 8.251065357871226931e-16
-3.727525104408518543e-14 -1.649972828260433978e-14
-5.707349657887157552e-16 -2.528836895759284987e-16
-2.281078684823644841e-15 -1.009810259603988953e-15
2.601803640867956764e-15 1.151825541811548502e-15
2.708405756990884298e-15 1.198691690823616589e-15
3.402803752561745434e-15 1.503999646851225062e-15
