0.000000000000000000e+00 4.342716471757735452e-01 2.230562899260654930e-01 0.000000000000000000e+00 4.293389459505141392e-01 3.850757149711176996e-01 3.798853616588224180e-01 3.961722138034802776e-01 0.000000000000000000e+00 3.574541652025317040e-01
1.903168054897548811e-01 1.858368924083835250e-01 8.075798335577447085e-02 2.798456409511310139e-01 -0.000000000000000000e+00 3.847176061127068336e-01 -0.000000000000000000e+00 1.217706283557270369e-04 4.229629895471039291e-01 7.193770822908716056e-01
1.953566858375158257e-05 7.401757802648951667e-01 1.421593434459904326e-02 5.388423738285141873e-01 4.424885363495117616e-03 1.479847936781694129e-01 3.115752237698573013e-01 -0.000000000000000000e+00 2.063696161441550825e-01 -0.000000000000000000e+00
-0.000000000000000000e+00 -0.000000000000000000e+00 -0.000000000000000000e+00 3.102222799174272350e-01 -0.000000000000000000e+00 -0.000000000000000000e+00 8.094361646787608944e-01 2.502099339722743121e-01 -0.000000000000000000e+00 4.312426478150805376e-01
6.390102188143568229e-01 3.611600228964657044e-01 1.404426840881111971e-01 -0.000000000000000000e+00 4.945368085585209045e-02 3.138464114751357004e-01 -0.000000000000000000e+00 6.483535686276192811e-02 5.799623871880356107e-01 -0.000000000000000000e+00
7.672131196851148527e-01 -0.000000000000000000e+00 -0.000000000000000000e+00 9.559625536234302168e-02 -0.000000000000000000e+00 -0.000000000000000000e+00 2.810767479919291101e-01 4.778085470004756474e-01 -0.000000000000000000e+00 3.081237399086724227e-01
0.000000000000000000e+00 7.462800090886687054e-02 1.083850939668494079e-01 0.000000000000000000e+00 9.546965126561933468e-02 3.232254288324634683e-02 6.639548925519325184e-01 1.319604923004559227e-01 7.171286903201973262e-01 9.499698610594734492e-04
4.456554300673155056e-01 6.850513253976855954e-03 0.000000000000000000e+00 0.000000000000000000e+00 4.228638661657790228e-07 8.262111492848695491e-06 0.000000000000000000e+00 7.583031533496478183e-01 4.757316845357394408e-01 0.000000000000000000e+00
5.272605129361853660e-01 -0.000000000000000000e+00 -0.000000000000000000e+00 3.055253447108501551e-04 1.637269516621228105e-01 -0.000000000000000000e+00 4.347815507920696487e-01 7.114446319002112329e-01 -0.000000000000000000e+00 1.132379432541430388e-03
-0.000000000000000000e+00 8.713822853594654569e-03 4.716921666183451940e-03 -0.000000000000000000e+00 -0.000000000000000000e+00 9.911918338615421931e-02 6.981402485162722105e-01 -0.000000000000000000e+00 7.089974617921920297e-01 -0.000000000000000000e+00
3.898997348210620495e-01 9.006189304936130791e-01 -0.000000000000000000e+00 2.625897929172623258e-03 1.565182950843226062e-01 -0.000000000000000000e+00 7.848696965391903368e-02 3.033258721712528763e-02 3.187729272715030611e-05 7.265394358234947281e-02
4.199823202623399476e-01 2.928461911419685815e-01 2.749059951958107151e-01 1.186639228132092420e-04 4.324833511171369271e-01 -0.000000000000000000e+00 5.690568859454070427e-01 9.046785258095514648e-02 3.784582116151992692e-01 -0.000000000000000000e+00
9.991824320154016892e-01 4.042854872224530688e-02 -0.000000000000000000e+00 -0.000000000000000000e+00 -0.000000000000000000e+00 -0.000000000000000000e+00 -0.000000000000000000e+00 -0.000000000000000000e+00 -0.000000000000000000e+00 -0.000000000000000000e+00
1.546271269045899812e-04 2.263538323429818352e-02 5.931509591526493109e-04 2.961501529793570640e-06 1.132253145861598087e-01 3.949081791067171054e-01 8.103370956468953779e-01 3.698547795103528935e-01 1.930700776287014031e-01 2.252308045801037914e-05
0.000000000000000000e+00 2.917918998532932975e-02 1.527883550889700404e-01 6.237645326919084576e-01 1.458727190141395902e-01 1.756490019875975028e-01 3.480066507487398764e-01 6.399587316147876681e-01 2.845629205411481788e-02 5.590269610674155482e-02
6.406435444506060062e-01 -0.000000000000000000e+00 1.285805080183578808e-01 5.882551848059157651e-01 -0.000000000000000000e+00 1.306494487066396926e-01 2.866666293110025077e-01 2.230040591637048181e-02 -0.000000000000000000e+00 3.567273420254573613e-01
7.424754451960651619e-03 -0.000000000000000000e+00 5.808963564408590186e-01 3.060897278290717338e-01 -0.000000000000000000e+00 7.428364507815321538e-01 -0.000000000000000000e+00 1.304123129761646793e-01 1.030877810370352829e-04 -0.000000000000000000e+00
4.892965901378377169e-01 6.665177552179477605e-01 4.418126667505378746e-01 2.464808437549209641e-01 2.240165198856188256e-01 -0.000000000000000000e+00 1.576582717982561235e-02 9.979843451189612802e-02 -0.000000000000000000e+00 -0.000000000000000000e+00
8.265404994901031933e-06 3.543440041123998574e-01 3.482649228199415407e-04 0.000000000000000000e+00 2.174464605728540778e-01 5.685412663498359276e-01 7.098718640285176518e-01 0.000000000000000000e+00 0.000000000000000000e+00 8.541170476732507855e-05
1.158175112823701530e-01 6.300138718774122015e-01 1.767101606964306126e-01 3.817906811792317565e-05 0.000000000000000000e+00 0.000000000000000000e+00 1.828342948761381703e-01 8.598098330534239934e-04 5.888302916713261670e-01 4.222465061144348164e-01
-0.000000000000000000e+00 -0.000000000000000000e+00 1.284868435887520643e-01 4.082652239893395096e-01 4.662150064912861103e-01 1.895088489737320747e-01 -0.000000000000000000e+00 2.775064484592007497e-02 5.342796461705729971e-01 5.266077887640839839e-01
-0.000000000000000000e+00 -0.000000000000000000e+00 -0.000000000000000000e+00 -0.000000000000000000e+00 -0.000000000000000000e+00 -0.000000000000000000e+00 9.329057669549537524e-01 -0.000000000000000000e+00 3.601205770046884136e-01 -0.000000000000000000e+00
7.046026799109047500e-01 4.655627266923338947e-01 2.996835752882660853e-02 5.346852424784086510e-01 -0.000000000000000000e+00 -0.000000000000000000e+00 -0.000000000000000000e+00 -0.000000000000000000e+00 -0.000000000000000000e+00 -0.000000000000000000e+00
6.039297511999420776e-01 1.913678701474365029e-01 1.155159098919620320e-01 6.133718608977433151e-01 2.785520670697637091e-01 1.744686711751668728e-01 3.178741617686469678e-01 0.000000000000000000e+00 1.683839354079120967e-03 9.161800722009397257e-04
6.186080974665495447e-01 4.018281511734472788e-01 0.000000000000000000e+00 1.792361964565861165e-01 4.009269295498811385e-03 4.129335726000703602e-03 6.512959651168838491e-05 0.000000000000000000e+00 4.927617738326089958e-01 4.253060649776530533e-01
-0.000000000000000000e+00 5.083625970291226759e-01 -0.000000000000000000e+00 5.211460274875381327e-01 7.241375266512738162e-02 1.220814430914456961e-01 -0.000000000000000000e+00 3.145846183783038708e-01 5.578735560893985923e-01 1.990986462770987231e-01
2.647195334729449123e-01 1.490976581043843875e-03 0.000000000000000000e+00 8.260951687527678944e-02 2.916170535479115783e-02 3.819003610048176678e-01 6.960106426676650193e-02 5.794846405021469860e-01 5.693276421158506295e-01 3.340928040400775734e-01
7.017627917274820576e-03 -0.000000000000000000e+00 -0.000000000000000000e+00 -0.000000000000000000e+00 -0.000000000000000000e+00 4.810891523845351458e-01 8.766435879856444569e-01 -0.000000000000000000e+00 -0.000000000000000000e+00 -0.000000000000000000e+00
0.000000000000000000e+00 7.925603550458136526e-02 2.800987905329500594e-01 7.393180148654025677e-05 1.385720838958857670e-01 9.405328915515606680e-02 6.051243583682394123e-01 7.115515631519695461e-01 1.213827959861990546e-01 0.000000000000000000e+00
4.729809110705621326e-08 -0.000000000000000000e+00 -0.000000000000000000e+00 4.671807727101739971e-01 1.609449419844889966e-05 -0.000000000000000000e+00 6.644778646077196260e-01 4.921148329092631668e-01 2.007360172190792158e-01 2.402901067854525952e-01
1.418101721611858268e-01 3.111159124951209942e-01 1.055901110092940381e-01 3.807331089567158461e-02 0.000000000000000000e+00 0.000000000000000000e+00 2.610242039430838434e-01 4.657527307245156178e-01 7.651396436579182003e-01 0.000000000000000000e+00
-0.000000000000000000e+00 -0.000000000000000000e+00 3.364123805623038810e-01 -0.000000000000000000e+00 -0.000000000000000000e+00 -0.000000000000000000e+00 9.417147711512247055e-01 -0.000000000000000000e+00 -0.000000000000000000e+00 -0.000000000000000000e+00
-0.000000000000000000e+00 3.877677906532134983e-02 -0.000000000000000000e+00 2.126035824784304126e-02 4.408469747911500369e-01 3.566673171529390757e-02 -0.000000000000000000e+00 1.531303609177342429e-01 3.477547133938354018e-01 8.111990751451266801e-01
0.000000000000000000e+00 0.000000000000000000e+00 0.000000000000000000e+00 3.066229708462427928e-01 8.345188136262872147e-01 1.855164182842940490e-01 1.813876034872441700e-01 1.213469273180704244e-01 1.502886534522981151e-03 3.570932145306696670e-01
3.149858723253714521e-01 4.440728984486755904e-01 3.687068953070664623e-01 4.720476215607364787e-03 2.302979889067615499e-02 2.306309125776530994e-03 7.530292193678580492e-01 5.000288460970676863e-03 1.615216713681076740e-04 1.542291056025796086e-03
8.488728331714604503e-01 4.815913568418824786e-01 1.240880516750882956e-01 6.959293016675387709e-03 2.198075364541272197e-02 7.207758670580525877e-03 1.762799725030085862e-01 -0.000000000000000000e+00 2.070429349931916102e-02 -0.000000000000000000e+00
8.919028402340201112e-01 -0.000000000000000000e+00 -0.000000000000000000e+00 -0.000000000000000000e+00 -0.000000000000000000e+00 9.885295254999477976e-02 4.138791698702339872e-01 -0.000000000000000000e+00 1.531060093600602467e-01 -0.000000000000000000e+00
4.553676694740127484e-02 -0.000000000000000000e+00 5.084955580747252402e-01 1.087207386382416097e-01 2.873519204934549820e-01 2.163604771152901618e-01 6.681212710564302659e-01 3.895759953556096056e-01 -0.000000000000000000e+00 -0.000000000000000000e+00
-0.000000000000000000e+00 6.887047335604471465e-01 -0.000000000000000000e+00 -0.000000000000000000e+00 4.675579890479290013e-01 -0.000000000000000000e+00 -0.000000000000000000e+00 -0.000000000000000000e+00 5.541437691149200262e-01 -0.000000000000000000e+00
0.000000000000000000e+00 4.334551599786370252e-02 5.224742759345499810e-01 7.739950511960586350e-06 4.649007299434941842e-01 2.697452651052835160e-01 4.109895458724813905e-02 0.000000000000000000e+00 6.592097362393563031e-01 0.000000000000000000e+00
3.166980693264955763e-04 6.506257886276328728e-01 0.000000000000000000e+00 0.000000000000000000e+00 3.420276122963722409e-01 1.681552313892873340e-04 0.000000000000000000e+00 6.780140610825593495e-01 0.000000000000000000e+00 0.000000000000000000e+00
0.000000000000000000e+00 1.258974407480111879e-03 6.175669286119078727e-01 4.782745933246549397e-01 0.000000000000000000e+00 0.000000000000000000e+00 4.277973822217190913e-01 4.548101986682758224e-01 0.000000000000000000e+00 0.000000000000000000e+00
7.324455855003275673e-01 1.687992063142043913e-07 1.150539107129535665e-01 -0.000000000000000000e+00 4.698096573491611361e-02 -0.000000000000000000e+00 6.096127693407712433e-01 2.764979606181565130e-01 -0.000000000000000000e+00 -0.000000000000000000e+00
2.779977345522099963e-01 2.906390673279543591e-01 6.938272726943762450e-04 5.564443943404165371e-02 4.793822851724233169e-01 6.392380891632252864e-04 4.090196391251425534e-01 2.723854310106016419e-01 5.490893246350262435e-01 2.497031206910543810e-01
2.235526785229502433e-01 1.670492042967792190e-01 5.322893440911403706e-01 9.124345722459484276e-02 0.000000000000000000e+00 3.421718989104842457e-02 0.000000000000000000e+00 7.861144634463941294e-01 0.000000000000000000e+00 1.063704997924809909e-01
5.462314742315533822e-01 5.297190314527977506e-01 2.255225893458682185e-01 0.000000000000000000e+00 0.000000000000000000e+00 1.787939433645530374e-01 3.268501557042201022e-01 0.000000000000000000e+00 4.461489192267910353e-02 4.789360071254575302e-01
6.951385558936884903e-07 -0.000000000000000000e+00 8.832096607958798973e-02 7.006162084297119508e-01 2.287997486716300544e-01 -0.000000000000000000e+00 3.329788879362299836e-01 -0.000000000000000000e+00 5.770356993266918533e-01 7.170684998635587504e-02
6.012055441866643868e-01 3.605692129418490710e-01 2.057252059711366654e-01 8.877445214599836358e-06 2.700849178391128147e-01 -0.000000000000000000e+00 2.941122778019587998e-03 4.608068766473175093e-01 4.253485456119778241e-01 -0.000000000000000000e+00
0.000000000000000000e+00 0.000000000000000000e+00 4.024041408472563419e-01 4.585816246180949296e-01 0.000000000000000000e+00 0.000000000000000000e+00 0.000000000000000000e+00 4.892573722836927042e-01 6.036073015112263240e-01 1.551104452317829951e-01
7.174511205552216442e-01 0.000000000000000000e+00 1.283977086065457018e-01 1.957067331867239773e-02 6.682071750881888317e-01 1.308289324359180328e-01 0.000000000000000000e+00 6.912212657926548875e-02 0.000000000000000000e+00 0.000000000000000000e+00
5.783946340251663321e-01 -0.000000000000000000e+00 3.086346694754967257e-01 3.422373273302052321e-01 7.079926925237912949e-02 -0.000000000000000000e+00 6.693768470628872480e-01 -0.000000000000000000e+00 -0.000000000000000000e+00 -0.000000000000000000e+00
4.941392016362008421e-01 -0.000000000000000000e+00 3.604880703277043574e-01 3.367998902771842107e-01 -0.000000000000000000e+00 1.713394206964052378e-06 6.022268793763859707e-01 1.074743875390240513e-03 3.869912985407674699e-01 -0.000000000000000000e+00
6.812023633733744754e-01 4.238005148734853567e-01 -0.000000000000000000e+00 -0.000000000000000000e+00 -0.000000000000000000e+00 -0.000000000000000000e+00 5.966960069383727694e-01 -0.000000000000000000e+00 1.761644207265221362e-02 -0.000000000000000000e+00
5.795018934849404113e-01 5.420437322211936193e-01 4.581363408602754372e-01 2.476410042682955781e-01 2.058400327252604411e-01 2.382877565526578256e-01 -0.000000000000000000e+00 -0.000000000000000000e+00 -0.000000000000000000e+00 -0.000000000000000000e+00
6.547024683509020115e-02 6.031766812803018851e-01 1.805500235243325813e-01 1.300394191699121571e-01 0.000000000000000000e+00 4.357360040490487751e-01 6.264000061256969065e-01 1.183822230922472810e-02 0.000000000000000000e+00 0.000000000000000000e+00
-0.000000000000000000e+00 6.305777720223326721e-01 -0.000000000000000000e+00 -0.000000000000000000e+00 2.638099318222907053e-02 -0.000000000000000000e+00 7.756775854890162192e-01 -0.000000000000000000e+00 -0.000000000000000000e+00 -0.000000000000000000e+00
3.853495720325044172e-01 7.564973649525784660e-01 -0.000000000000000000e+00 1.979350206464840778e-01 1.158394837300328467e-01 -0.000000000000000000e+00 3.823570635906188286e-01 -0.000000000000000000e+00 2.835903060532317665e-01 -0.000000000000000000e+00
-0.000000000000000000e+00 5.760344480687246138e-01 6.062120531209687080e-01 3.197470523554837851e-01 8.971619357585489118e-03 8.686898798292870538e-02 4.035590459240758210e-01 -0.000000000000000000e+00 -0.000000000000000000e+00 1.672317829384502297e-01
3.726477308263822508e-01 -0.000000000000000000e+00 2.681047383873358869e-04 1.577270499481701145e-04 2.201244320847543512e-01 4.205560610571456442e-02 8.713054986437915480e-05 -0.000000000000000000e+00 9.005054816466656620e-01 4.773881221280168371e-05
7.907423749878165209e-01 9.731589827451080088e-02 -0.000000000000000000e+00 -0.000000000000000000e+00 1.684557595756045190e-01 5.803912447974570732e-01 -0.000000000000000000e+00 -0.000000000000000000e+00 4.977184938983665943e-03 -0.000000000000000000e+00
6.137434243838834069e-01 -0.000000000000000000e+00 8.348574892226963418e-02 2.088600056907388980e-01 -0.000000000000000000e+00 -0.000000000000000000e+00 4.096195107691982806e-01 5.423307747602965634e-01 3.328901078740486019e-01 -0.000000000000000000e+00
9.663409437114338363e-02 0.000000000000000000e+00 5.798709321049043686e-01 3.804212439710436683e-02 1.423494667071485142e-01 0.000000000000000000e+00 2.089599934646403298e-02 9.518050700041949530e-02 0.000000000000000000e+00 7.894333463332163792e-01
5.942292892398565174e-01 1.502596475231707807e-01 0.000000000000000000e+00 1.995064562677938413e-01 3.924489448782791934e-01 4.506871284622190194e-02 0.000000000000000000e+00 6.213839057405268207e-01 2.684669600548464895e-03 2.057625696410029237e-01
0.000000000000000000e+00 7.540917395416618131e-03 5.147396526873138090e-01 3.174124885777599991e-01 2.523387863405403553e-01 5.693897341883931151e-01 3.736852933035618163e-01 8.535947083926905682e-03 3.265615459543854682e-01 0.000000000000000000e+00
4.930650320847078383e-02 1.153588760288836307e-01 -0.000000000000000000e+00 4.152730127375591773e-01 -0.000000000000000000e+00 2.527826785169595136e-01 8.648181547564599558e-01 -0.000000000000000000e+00 -0.000000000000000000e+00 -0.000000000000000000e+00
4.843687048173639931e-01 2.952354684992035058e-02 -0.000000000000000000e+00 4.432293638412671544e-01 -0.000000000000000000e+00 3.076663831917539338e-01 2.455586831679629767e-01 2.392297186075400053e-02 6.422873735297041087e-01 -0.000000000000000000e+00
2.158924922586917261e-01 7.206592158334401699e-01 1.220410657468818105e-01 6.227618854699037421e-01 0.000000000000000000e+00 0.000000000000000000e+00 0.000000000000000000e+00 1.607755339760001956e-01 0.000000000000000000e+00 7.392946890604343291e-02
3.016743459304868091e-01 1.781133601902721575e-01 -0.000000000000000000e+00 2.702772001576972394e-01 3.899965981549602390e-02 -0.000000000000000000e+00 8.005496832801809459e-01 7.633341187293446461e-02 3.285022133448569637e-01 2.192651185157003524e-01
-0.000000000000000000e+00 5.875104805138521291e-01 2.808265121791745367e-01 1.906011529283758166e-01 1.894305437794098490e-01 4.024472360276309946e-01 -0.000000000000000000e+00 -0.000000000000000000e+00 5.846292818044559469e-01 -0.000000000000000000e+00
0.000000000000000000e+00 4.559274921079877751e-01 0.000000000000000000e+00 0.000000000000000000e+00 0.000000000000000000e+00 0.000000000000000000e+00 5.432562130147691182e-01 1.364251010825004440e-01 1.878306508017870205e-02 6.914030642265016624e-01
-0.000000000000000000e+00 7.226888269725014746e-01 -0.000000000000000000e+00 1.798719223999780681e-01 3.056499022738907723e-01 1.406383357246819010e-01 5.433713223632262723e-01 8.706623643903879466e-05 1.921289801241290174e-01 1.072239529128481567e-05
5.691213152634924111e-01 4.360486213072141681e-01 -0.000000000000000000e+00 3.694050015427527978e-01 2.137452480537463395e-01 -0.000000000000000000e+00 5.461204416385505578e-01 -0.000000000000000000e+00 -0.000000000000000000e+00 7.461839828745807368e-02
-0.000000000000000000e+00 8.681940673088048843e-01 4.212738307931270798e-01 -0.000000000000000000e+00 -0.000000000000000000e+00 -0.000000000000000000e+00 2.622354304411935177e-01 -0.000000000000000000e+00 -0.000000000000000000e+00 -0.000000000000000000e+00
-0.000000000000000000e+00 3.082881657619204741e-01 7.972645075388430647e-02 4.980302654767146397e-01 8.913242434000152870e-02 -0.000000000000000000e+00 7.898926541662016909e-01 -0.000000000000000000e+00 1.367222015478078145e-01 -0.000000000000000000e+00
3.699830927769778843e-01 2.613276336508583153e-01 4.810138386762854990e-02 8.293243327505975260e-02 4.058803956620727904e-01 7.324456506399860123e-01 1.740436907377561626e-01 2.303655153865289407e-01 7.874121688568113753e-05 3.246286249529974077e-02
0.000000000000000000e+00 5.488322996784982255e-01 6.633515351165290841e-02 0.000000000000000000e+00 0.000000000000000000e+00 5.547862786859995010e-01 5.829983558187906700e-02 3.480652145425922606e-01 5.119049470521673806e-01 0.000000000000000000e+00
5.758976771686719065e-01 1.520725295905281729e-02 -0.000000000000000000e+00 -0.000000000000000000e+00 2.226798636347400440e-02 3.237068642990346135e-01 7.502190397998241833e-01 -0.000000000000000000e+00 -0.000000000000000000e+00 -0.000000000000000000e+00
8.155614391727364909e-01 5.170632131300280099e-01 -0.000000000000000000e+00 -0.000000000000000000e+00 2.484786210506689241e-01 7.591803107894647129e-02 -0.000000000000000000e+00 -0.000000000000000000e+00 -0.000000000000000000e+00 -0.000000000000000000e+00
-0.000000000000000000e+00 -0.000000000000000000e+00 3.753334451468457456e-01 1.220919434858152089e-03 1.878757100826384530e-01 6.883853818199570096e-01 2.533979935755460433e-01 -0.000000000000000000e+00 -0.000000000000000000e+00 5.345475234432921496e-01
7.612427004271706821e-01 0.000000000000000000e+00 2.724394761487066163e-01 0.000000000000000000e+00 2.688438090428448835e-01 0.000000000000000000e+00 0.000000000000000000e+00 0.000000000000000000e+00 4.056698187957051838e-01 3.308191157411575212e-01
