4.136300725090828467e-01 -9.244849711995629937e-02 4.427149451087137311e-01
-6.436170974530833200e-02 -2.232422973904286956e-02 -1.379766708775380379e-01
-8.631611923273653899e-04 9.813097861038753145e-01 -2.594492928193611880e-01
-4.467860650074629431e-02 -4.279233451600897853e-01 -8.355376243019297933e-01
-2.757116922078622911e-01 -8.131105943332453956e-01 3.545914233180414432e-01
-6.341279863662451222e-01 -5.287283632982472392e-01 -4.412401126109574134e-01
1.064250531884654155e-01 4.408907130552270903e-01 1.664755337474944363e-01
-2.558704792217807514e-02 -2.391450867377549472e-02 -3.894746252184991264e-02
-6.002995841286381390e-02 -1.335243693013679067e-01 -3.474001732139281873e-01
3.169116894778639115e-01 3.488562451617154281e-01 4.631701592586481286e-01
1.210796320912949975e+00 9.472158523594640389e-01 1.583589332253022884e-03
-6.021554223762946023e-01 1.764945770130976754e-01 1.596801322598278006e-01
6.191383117437589956e-01 2.758567526992384278e-01 3.063206526807937258e-01
8.910712520212573651e-01 -1.193202760340125734e-01 2.155767482438779581e-01
4.510490918945531114e-01 5.269516562725459208e-01 1.916599923910483338e-01
1.747127855810789165e-01 3.297898860025892664e-02 2.681119805106618514e+00
-2.381373700269914795e-02 2.709434066861014789e-02 1.401569987508353987e-01
-6.647791171871533233e-01 -1.280153095205571745e-01 -6.388605188288250247e-02
2.842399250477624095e-01 -1.958947165528432122e-01 -3.790867969431114259e-01
1.802437135178356131e+00 -3.148918614686785356e-01 6.881620268548973574e-01
-1.760641092847736455e-01 -5.257720022054814674e-02 4.113744343658880254e-02
1.158447816423732402e+00 -5.235309015163267521e-01 -4.693356914323119078e-01
5.326661993181203147e-01 -2.970246888362200743e-01 3.843430033622134423e-01
1.277406237597710881e+00 1.077337647713598967e+00 -2.999313135224711546e-01
-5.979211863658372428e-01 5.922405705914117746e-01 -7.554682002141186459e-01
3.580444812080867401e-01 4.229006475401643206e-01 8.378681278655429887e-01
5.687762309572653718e-01 7.662909294278793526e-01 1.130952184488015488e-01
9.992623932678360577e-01 -1.513187423250162977e+00 9.279531027408510768e-01
-2.180812130298763474e-01 9.741241251656808375e-02 2.788931098077466753e-01
-2.472573248148042524e-01 6.476308993858688468e-02 -1.909341796532310342e-01
2.006068506877487945e+00 -1.340282333641904300e+00 4.300387040983214559e-01
-6.722524700053938984e-02 5.941184897822701094e-01 4.655929219250171114e-01
-6.363661695445373967e-01 -2.459201544348905699e-01 3.338312287944667833e+00
-1.715332095303076176e+00 -7.265931834652974430e-01 4.310857979161304421e-01
6.996790736360730678e-01 1.626651487234609655e-03 8.815007899226572352e-01
-6.314300890557050794e-01 9.860304777594962322e-02 9.015540273282858230e-01
1.343324730967687675e-01 9.158170967963445708e-02 4.957158330709072191e-01
1.355262530270770760e-01 -6.662890419430046451e-01 3.906048287621556314e-01
-6.512686226318489258e-01 3.049840884346561865e-01 -7.139878887536978969e-01
1.606859274394689951e-01 4.237893686155544959e-01 -5.517646132485757304e-01
-4.188619030794905607e-01 3.191376003141394024e-01 1.543147354208525446e+00
2.543699898492586819e-01 -1.005497330005882706e+00 9.921202508053451607e-01
-4.694583542681116106e-02 -9.434197923950329856e-02 -2.667358852192668883e-01
1.319586904536809380e+00 1.985103172253434300e-01 4.406423269834137679e-01
4.171002904406573113e-03 -1.057477573800734288e-01 -8.526693960240455672e-02
6.827051916372306462e-01 -2.815866655234081639e-01 5.773379020767818171e-01
4.294835221729260133e-01 7.160351212963947942e-01 5.549585595537425142e-01
1.068399358654036763e-01 4.658357938562400491e-02 6.050026821390038778e-01
-4.765644313542146543e-02 -1.327997157456059840e+00 1.531013882445996677e+00
1.122699852799568521e-01 2.319483354454255908e-01 -7.777995859478264995e-01
-1.091268534844992699e-01 -3.910710426481437407e-01 -7.021727097092161918e-01
3.364822379413324321e-02 -8.051896055775883965e-02 3.198265858284060070e-01
-1.806373411127720485e-01 1.973689554876991159e-01 7.203668387869723022e-02
-1.288741888514762124e+00 6.871566545254310654e-01 -4.861536695581455958e-01
8.581833918458374455e-02 6.652140938182971031e-01 -9.349437967317474341e-01
1.344546035552047769e-01 2.182434685246603407e-03 -6.639488556813629705e-01
3.794645989808163034e-01 -7.163672103681444359e-01 -5.629506244197314546e-03
-7.544423595357792056e-01 1.155978857100076640e+00 -2.068956063013876800e+00
6.618606826326046966e-02 3.125707083214220861e-01 2.035559733501981008e-02
3.912863347732937758e-01 -3.442855278458437085e-01 -4.635446613158473728e-01
-2.135240385151448636e-02 -1.678252729831427315e-01 1.043027747644687669e-01
-2.509566716075488202e+00 -4.776509079127562729e-01 7.762819293862569525e-01
-1.596021442352939246e-02 -1.441426001825138192e-01 9.263458640405179689e-02
-1.536599495540993843e+00 2.220261572313478204e+00 1.152824475555727979e+00
1.160612994233948814e-01 6.962330404027319286e-01 1.886609676670549518e-01
-1.034459711648900160e-01 -1.584195278998446754e-01 -2.511470570512887995e-02
2.670575451903602904e-01 -5.031198062661300652e-01 -1.008126688277567323e-01
-6.821651383704564475e-01 -1.050793442917513865e+00 5.247340807777850502e-01
9.291544032534976294e-01 8.307706646101332970e-02 -7.473949826855427747e-02
-3.251695153003466565e-01 3.890023261715014891e-01 3.974197783000449347e-02
-4.277851356004917782e-02 -4.551807263440768581e-02 1.018143454623460786e-01
-2.569709397595633660e-01 5.119467521640198582e-01 5.230955782719252101e-01
-1.117767788279858010e+00 -6.711322853904115593e-02 1.307689442744427444e+00
-1.151094427087421712e+00 1.074320730275535762e+00 6.579400655889855454e-01
6.379156642188066328e-01 5.435529496618065615e-01 9.799544164953871705e-01
-6.176933555434249712e-01 7.348420620766751288e-01 -6.609839220832863793e-02
-2.246933432877939452e-01 4.649875308153288977e-01 -1.034003931191884162e-01
3.119095397803575143e-01 3.168617588193566037e-02 4.205646937716225886e-01
5.964302654026634176e-01 -3.219195557859463319e-01 -7.516145807130193424e-01
-7.606178246764302431e-01 -5.012138513029892328e-01 -3.977440787041532089e-02
4.496267483859183595e-02 2.221996421974272162e-01 -3.893869876219222537e-01
5.798605136384608061e-01 -8.631976048974601134e-01 2.411655934204190166e-01
1.424503045992681294e+00 8.024276839960231555e-01 -2.514525910116880980e-01
-1.281348696786478225e+00 -2.160616106186190322e-02 5.921651116435332485e-01
-3.188270355781549492e-01 2.133360991164048315e+00 1.507264968217080892e+00
8.470697240010092166e-01 -1.002172328536322654e+00 1.070460193017872541e+00
-7.186024127695149755e-01 4.715928055912358419e-01 5.680262840206569130e-01
5.094988341279785837e-01 -2.076037983449464885e+00 -1.387329987508379325e+00
8.992314014835526281e-01 -4.382694816876773203e-01 -2.514222366172603335e-02
5.629782906827004441e-01 -5.928545504592964699e-01 1.070658564174714611e+00
4.693859597546553575e-01 9.784444614070096635e-02 1.547131185257067720e+00
-1.058066659011653865e+00 -2.674393452913552752e-02 -5.043420949508633511e-01
7.657004222718825082e-01 6.159441291235263627e-01 4.492037678471697687e-02
-5.435809164668512494e-01 9.394497676544419362e-02 4.266591423696712293e-01
1.055785263114131017e-03 1.060806295459273629e+00 3.423257764047940577e-01
7.087893476002572468e-01 -2.263889501832098416e-01 6.603940027007600966e-01
2.493030342924034415e-01 4.110557613255582110e-01 -1.566227095110665421e-02
1.361030777279348625e+00 1.594262128648902932e+00 8.281625764875780726e-01
1.033026198386477912e+00 -1.231447500497152570e+00 -1.469367285224407293e+00
2.722907912566831512e-01 1.729765508763965842e+00 1.394961689924967052e+00
5.694886192148730375e-01 -4.867625980024978261e-02 3.033898189280351820e-01
3.962394545823902936e-01 4.044001273928564122e-01 4.955574053284075298e-01
-4.428539317316542712e-01 1.062607976589241998e+00 1.451715849950367399e-01
-3.525200896125052497e-02 -1.333724962295187721e-01 -7.028197764266527758e-02
2.297876112201529875e+00 9.142172548599079018e-01 5.561216250995334454e-01
-2.381707752719066373e-01 -6.782984812185613999e-01 -2.414314516422652601e-01
-2.499480574927805121e-01 8.126952436082355291e-01 -8.397607667472648529e-01
6.558524641247266418e-01 2.367263362617590960e+00 9.156257208723851404e-01
-4.963760780565193986e-01 2.411061921905377145e-02 1.163467157850694322e+00
-4.448164169145371605e-01 2.782566781753444962e-01 -3.971878518331533048e-01
3.944266754402677572e-03 4.579245394714214212e-01 -4.523853569748047532e-01
-7.324055253372031837e-02 -2.059729739975478813e-01 4.424963886217830877e-01
-2.396738154025090939e-01 6.671596508860817565e-01 -3.796510133539805071e-02
1.239222684826700061e+00 9.362865805352101889e-01 7.344431702613231361e-02
-3.743315918293324551e-01 6.513209356597752242e-01 -1.920865062848191862e-01
1.217861601824888340e-01 6.727361968880500587e-02 -1.373132463184367491e-01
-8.883724101853765487e-02 3.685260771788299861e-02 -1.427648956916198753e-01
1.084403047819020027e-01 -9.524574149823673841e-02 -8.294269877774065325e-01
8.579754611652777863e-01 5.851117146148817616e-01 8.880536010811019842e-01
-1.768418191780828097e-01 4.828181705590797179e-01 -9.992570824956657771e-02
5.181168592279593588e-01 2.469569755008592105e-01 -1.461055854466367654e-01
-2.029554314313223584e-01 6.889744278668521460e-01 1.764675624559998601e+00
-1.769894254518545207e+00 1.786032991216668586e+00 1.870353030378387293e+00
-1.412009759379201812e+00 1.103262505350762979e+00 1.500413556115326674e+00
1.426554471642837330e+00 -4.175895443963622417e-02 1.027451047707574477e-01
-1.384690915419875372e-02 4.526869651606465345e-02 4.935122189757864541e-01
1.377951978960566093e+00 8.912053235784429539e-01 1.078068020674199268e+00
5.802289815430310416e-01 -5.647405325831814649e-01 1.431938890654415486e+00
8.363730220363627121e-02 -4.743865697313523477e-02 -1.447867173098354332e+00
-1.142092755325290865e+00 3.185059798353250260e-01 2.080786869499838890e-02
-4.443793935930600569e-01 3.940179385887551677e-01 3.417493628553346929e-01
-1.818679506710660088e-01 4.174134389207418416e-01 -8.552443545541126291e-01
8.668308835361737685e-01 7.429067078671716673e-02 1.769707719661156309e-01
1.946262915992913234e+00 1.746708821050358296e+00 -1.181449548581023468e+00
5.139210934355337851e-02 1.935148885310121747e-01 -3.798451800096254438e-02
-2.160844028289423957e-01 5.263026272772579617e-01 3.866070035334071564e-01
6.623899471956637419e-02 1.475266874105832793e-01 7.170609314988804495e-02
1.026255205560790973e-01 1.366214654653413518e+00 8.516725919491567875e-01
-8.127186688708446516e-01 5.202019847988543361e-02 7.015195781747126658e-01
1.144784630461421066e-01 -8.682017928683327668e-02 -1.779139580485214478e-01
1.885191009538600138e-01 3.033365854105155024e-01 6.403811365974031444e-01
-2.321864538842721148e-01 -5.154873753518059987e-01 -3.990070580832967839e-01
-1.974611211864174098e+00 -7.802614738006926620e-01 1.459424863873865164e+00
2.683617276341929703e-01 1.171750065299404231e-01 1.375139846380421804e-01
5.726990188959903971e-01 -5.094403614733719055e-01 -1.610889481340803051e-02
-2.306557858006814676e+00 3.680654800760497225e-01 1.012171743689763037e+00
-6.349405820763647235e-01 2.373247463925443335e-01 9.135437772682195035e-02
9.412090604750935618e-01 -9.567378465100303542e-01 7.526207966902460633e-01
2.709463027748655328e-01 -5.959526348710232346e-01 -3.300273497235577114e-02
4.485615101795720205e-01 -1.460681990073164627e-01 8.116116939289344480e-04
1.526253080298726861e+00 1.943552729715319893e+00 -6.444131871138553125e-01
2.237627846686799094e-01 6.064554692044205053e-01 -1.300906646515188891e-01
-1.360961497511165297e-01 -7.798505738216024996e-01 4.847645104840158647e-01
1.577106560502367971e+00 -1.487838042280065443e+00 1.803427846904236187e+00
8.270078611963618265e-01 2.310573248274933600e-01 3.949926874355596529e-01
-1.266302478904838269e-01 -2.108121376826596963e-02 2.454774353013379484e-01
-2.952623168481015581e-01 8.637050595909896433e-01 3.753157893992207228e-01
4.046259709802652593e-01 8.973499574081676977e-01 2.027467346851025698e-01
-5.502305818416611816e-01 4.582081653692601231e-01 3.884260219032280026e-01
2.285127193656842248e+00 -1.340949297333135504e-01 -4.956294928708033232e-01
9.722402820740634333e-01 2.898263647522142938e-01 -2.883412775268854866e-01
-6.562895931758417900e-01 2.429420016385949455e-01 -1.106510345206448864e+00
-4.037876202464233399e-01 1.304545694011646773e-01 6.011998374046516602e-01
-5.974245376211095859e-01 7.512250761921009934e-01 -2.301643853105840021e-01
8.495198813642488300e-01 -6.523743820722469611e-01 4.278249360731333634e-02
2.733106337784502737e-01 4.256403829782657439e-02 5.610937742352661850e-01
-7.038957226570253800e-01 -2.754722690320202672e-01 -6.812941542670765127e-01
1.580778512668235436e+00 -7.199199827642489558e-01 1.343757150084199603e+00
5.053607295539646049e-01 -8.449993425588415707e-01 -3.393696066034491143e-01
-1.497927011017627097e-01 4.603281426898483963e-01 -5.789406278193000022e-01
5.230421715416555539e-01 8.300546172309748727e-03 2.646923050763425600e-01
-1.020492060532439460e+00 -5.440332530163445590e-02 -1.279866061791034293e-01
1.799375922455587473e-01 7.251103087820863768e-01 2.085726130079900431e-01
2.703993775568510061e-01 -2.714962902868128802e-01 -3.693497804013590180e-01
6.532740320867849171e-01 6.581202537633019656e-01 -5.618195725141627017e-01
-7.774987955704818487e-01 -5.017792475841269528e-01 -5.915997398886820718e-02
1.361139079530054641e+00 -5.969391769251533031e-01 1.562401166253234885e+00
