-9.866234160601358716e-02
-5.724588944187177786e-01
-4.001508993506631140e-01
-1.278321458774320130e+00
6.899561161698072320e-01
2.204566879028565518e-01
-1.335057490079567533e-01
-5.352829198428183527e-02
-2.192836556110306645e-01
7.573155001405240672e-02
1.555556017371993172e-01
5.312120460495464158e-01
-6.743606071388078549e-01
4.388901978439511964e-02
-3.068766695762023544e-01
3.270639785523324905e-01
1.946441230878739881e-01
1.578331932130121740e-01
2.619705360526337623e-01
8.236406771550865147e-02
9.312330170209190405e-02
-5.649208152308465847e-01
6.444128618062910929e-02
-4.338051898651839600e-01
-1.947857304540855650e-01
6.566099970882922909e-02
-4.203347646395926285e-01
-5.200372241217923186e-01
1.324224036425335760e-01
-7.083194689415602818e-01
-2.184675475007756829e-01
-6.740883642296398026e-01
1.412317625896157280e-01
-2.562885646546500529e-01
3.807216490081252180e-01
-4.091893655865221913e-01
-3.724645402450879050e-01
-5.142397146990961010e-02
-5.888243041500262898e-01
-4.123828848081267928e-01
-8.632857401006867049e-01
-6.152387524199457447e-01
6.602061265201192297e-01
2.532985978377542621e-02
-1.901024594026728409e-01
-8.811847110621211510e-01
-1.992570343727316784e-01
-6.061243849240884884e-01
3.548741109223214618e-01
-4.071315338378168058e-01
-3.306661321441807799e-01
3.313363684145806398e-01
1.274059375074847733e-01
5.788392743782908717e-02
-2.058932671438677420e-01
3.093794333272620878e-01
-1.219190745846782664e-01
-4.376434028525071351e-01
3.308138066566576607e-01
2.462039391168041602e-01
6.872710158792161295e-01
4.798117362180952528e-01
1.690941376907039440e-01
-4.957434417835905605e-02
6.621020624158751033e-01
3.900667825443702302e-02
3.055831139562935062e-01
9.104181476863359990e-02
-2.544229198573453310e-01
-2.393868266304955972e-01
1.188707249496666063e-01
3.378879669014339115e-01
4.953458619714392053e-01
-1.881749729841580565e-01
1.365095891115710169e-01
-1.804576837627300534e-01
5.667917694655444372e-02
-4.533352798741120404e-01
1.885957316216253440e-02
-1.380238037447612531e-01
-1.162866820948918641e-02
