4.686533506536733618e-01 -3.895661186974804235e-01
1.204712709436738249e-01 -1.232556101735418075e+00
-1.172451262005679180e-02 -1.042291933844617796e-01
-4.560727892757379583e-20 1.135843684476266739e-19
1.261572364600736404e-20 -5.568691852103926064e-20
1.523085808227946879e-19 -1.052931481600762710e-19
1.301311297720066983e-20 -1.740503833262155176e-19
1.794035551781612468e-19 7.297346272424232143e-20
1.913874449727313021e-01 -4.373121722944421363e-01
-1.255156991469552397e+00 -2.178653542489616068e+00
-4.667443725682248013e-20 -4.523517999138447969e-20
-2.560787484312413570e-02 -8.565168016051835642e-02
-4.421319255023058657e-20 -1.798710988392267434e-19
-6.285727186176008397e-20 5.002659693310857931e-20
2.039523258703755048e-20 1.598153169591473410e-19
-9.906563521456530146e-21 -1.268879648329016410e-19
-4.263515028201733670e-02 1.752344696682748464e-03
-2.396358377931898186e-21 -8.281026183273210330e-20
6.407178157019390916e-20 -6.678242093287815367e-20
1.533990710939213020e+00 -7.410158960012453999e-01
6.186011087880488590e-01 -5.214076621227906605e-01
1.200170865981237678e-01 -3.661662940537067645e-01
-9.350591133292303070e-01 -9.304652996044544544e-01
2.020845275643319727e+00 -1.044933411586298266e+00
7.205696251295576600e-20 -1.219456681423293657e-19
2.398850262106251227e-02 3.523656804233540885e-02
-4.900803651473672599e-20 -5.234360288954958645e-20
-2.886912835337079620e-20 1.204623754432202080e-19
-3.233309556807121843e-01 -4.104575333492581635e-01
-2.793862614200884994e-20 8.477500712439912107e-20
-1.010016143670638879e-19 4.064329785357575574e-22
-8.670806419373247587e-02 -1.050604341055821678e+00
1.221897826279479293e+00 -7.091207966828315667e-01
8.536661987515301586e-01 3.847202656846038238e-01
1.205374205330574267e+00 -5.398535173929978059e-01
-2.001023630230443341e-20 1.195461463806353102e-19
4.773062702753106956e-01 -2.004912090256890655e-01
8.237346729663168583e-20 -2.617770467473853354e-20
-1.015748355048222614e-19 -8.193073999574518568e-21
-2.035403873132501651e-01 -5.241712561310362117e-01
1.569505003559467537e+00 -6.675760620512284360e-01
-1.701931680978610029e-01 -5.536521825047009404e-01
7.381251764874747712e-21 -1.737007968094449045e-20
-1.623465601542157469e-20 -2.643995996707410586e-20
-8.994374053855649365e-01 -1.263011266522128806e-01
2.122023034222858540e-01 -3.100527868936823195e-01
1.105851765672011267e+00 -1.766288210613243259e-01
-4.573360494557184191e-20 -1.328093875772328521e-19
1.824408378655937080e+00 -1.741914176790214652e+00
-7.993587811991581527e-02 -3.879070230030111643e-01
1.488993192980411166e-19 -4.642246957283191645e-20
1.357572582084752739e-02 2.360099011560110385e-02
-3.413279432942472602e-01 -4.036873490147063759e-01
1.827228569311139804e-19 1.894147246843714919e-21
1.896115464061407882e-19 9.494854167269123950e-21
6.061989118007869021e-02 -6.290388638401318566e-01
-2.504812550127704096e-01 -4.007195569872720187e-01
-7.922757696399939098e-01 -1.658955252613504960e+00
-2.765310009113748616e-19 -4.601678681172888148e-21
-6.025239131610771876e-02 -2.389740236108488236e-01
1.533913649328081608e+00 -8.157377923366454509e-01
1.660625455403144320e-19 3.058396270009695231e-20
-1.195232371725486040e-19 -3.569267328650484388e-20
2.948238278130649870e-01 -1.529172599563694834e-01
2.074790230296901683e+00 -1.722459009202397917e+00
1.726116275695546598e+00 -1.182759168775120662e+00
6.077896840365388705e-20 3.211471271310645262e-20
-3.858316920065178457e-01 -4.320478053751819481e-01
-3.935223293989117965e-01 -1.318568034751241180e+00
1.037763896134860753e+00 -3.632989596453186643e-01
6.317160242216870447e-01 -3.555123669082091986e-01
-3.686784571738241367e-01 -4.496435326249568765e-01
-1.476758019118316501e+00 -1.501705718288105063e+00
-1.704933435884885828e-01 -6.618531631476074484e-01
4.011110123087054600e-20 -1.785769235813345521e-19
-1.830796502637679624e-01 -7.825204011985303909e-01
4.396521256014886657e-20 -1.296179563536651097e-19
5.524609845951683473e-01 -1.668841882812246713e-01
5.560845753147315440e-01 -1.118358175969875606e-01
2.029152417419169974e-19 -1.489782086444040319e-20
1.645904790113352680e-20 1.939057400494143119e-20
1.391715706466552238e-01 1.348552455890806301e-01
5.457899532324100855e-01 -5.575792883814135736e-01
-1.247049268844266701e+00 -4.917949170713088458e-01
-1.045628702350352573e-01 -5.143474879122332810e-01
-4.203984799250645721e-01 -6.868652740856295846e-01
1.218975514057302645e+00 -1.379047715621916304e+00
-1.076976036955200167e+00 -2.108178692410650701e+00
6.649085994748328288e-01 -3.491598415333715955e-01
1.534618751741221754e+00 -1.092782450158088059e+00
2.856708793670404093e-20 9.607302523971830546e-20
-2.885788942869259952e-21 -2.580513275647823359e-20
-6.311291138335393958e-02 -5.674824018907930201e-01
-6.643457210232798227e-01 -1.769373204135470667e-01
-8.560133722813776380e-01 -8.827343041038647475e-02
9.344025491588061616e-01 -1.984998873418519993e+00
1.987515136319399078e-01 5.184101840281075263e-02
5.763686787747385921e-20 1.960529191229018193e-19
-1.324442211512858680e+00 -5.300220279914699129e-01
-5.788449922717476452e-20 -1.714701551139550544e-20
1.016359004498107593e-01 -5.161889696133450389e-01
1.251799865571034398e-01 -3.990888341219642546e-03
1.450677641549103614e+00 -1.477747032974078500e+00
-3.630667850638878980e-01 -3.588742640937163109e-01
1.388810851599392863e-20 -1.593902583747878348e-19
-2.375815187686814989e-01 -2.036619411997160900e-01
7.370372444724240463e-20 -1.007541134339795974e-19
3.903710879589181171e-02 -3.100479543995338649e-01
-1.561677608380258875e-01 -5.350191548535038200e-01
1.316042451835267579e-01 -2.177241138907715534e+00
1.081703600369747553e+00 -1.027657159668817766e+00
3.414814022305815572e-02 6.155779487930108929e-02
-1.023805706082104167e-01 -1.007983119449491483e-01
1.812768115087632248e+00 -1.046818118118045815e+00
1.547789118740970915e+00 -1.640838952986544141e-01
2.694714083116009351e-01 -2.691325778287912418e-01
2.082866059308182844e-19 2.816298828997139160e-20
1.241022403418844400e+00 -4.805445998409134112e-01
1.049200684903809574e-19 -2.655114672361658490e-19
-3.064093690104026004e-20 -2.112569616980485229e-19
2.546967730782715433e-01 -2.581780745545431688e-01
-8.343079858388939840e-01 -7.642886245772807507e-01
4.884993793022882058e-01 -2.075076817468042290e+00
7.080720536106475593e-20 -6.355813011303483329e-21
2.028595855471096998e-01 -6.344685678759072189e-01
-1.899810185777869864e-01 -7.985585013176874636e-01
6.288611520165458597e-20 -4.923116621848276690e-20
-8.532723003211971830e-20 1.111966677347350110e-19
2.183875064995477368e-03 7.922620725379972417e-02
1.876488267504405799e-20 -7.022555393770865624e-20
-1.075450069348287364e-19 -1.704942440687942941e-20
-4.918325639535169880e-01 -5.446794389240331435e-01
-1.019185471691161384e-19 -9.585464094548292961e-20
1.295170680686564268e-01 -1.197152594188730934e-01
2.091563595413338028e+00 -1.473221394745995783e+00
1.231259328142139566e-19 -8.522325736151353971e-20
-1.719096313717593660e-20 2.087241791898670256e-19
1.920297039830912711e+00 -1.074875189172870726e+00
-1.930797395059432597e-01 -6.092682538934942604e-01
1.788791183531936706e-19 -2.820493482789133926e-20
-1.296555223144284286e+00 -7.106697220456708042e-01
-8.143150737153072172e-20 -1.933495880886431250e-19
-2.236797869991334517e-19 -9.194616175167814622e-20
-9.456807955802272181e-01 -2.080931337500949940e+00
2.410794102570397701e-19 -9.836650096653175893e-21
6.730740894911588779e-01 4.363526465209134619e-03
1.563689251005443870e+00 -6.629516919581517065e-02
-1.492314541298037089e-01 -3.294790292884312577e-01
-9.990709166118445506e-01 -1.201053151511462191e+00
6.498204826844690016e-20 -9.903993233406847187e-20
1.274846858093187763e+00 -8.397448104417778447e-01
-4.409926670449241803e-01 -5.414599111472393478e-01
3.992694828288902847e-02 1.432322762673626515e-01
1.806845812163231590e+00 -4.966830031092581144e-01
6.204955845436068707e-01 -5.481016062420100976e-01
1.933559706224667329e-01 -4.583896784960281995e-02
