3.019974804552763015e-01
-4.689939843281582532e-01
-4.817068212232250568e-01
-1.778380127942341904e+00
6.082818923350190587e-01
7.125423150825097585e-01
-8.241104905244327206e-02
5.535061494762032880e-02
-3.601708459869835122e-01
-1.724572795837474859e-01
9.463377426741595988e-01
4.689750405638365982e-01
-1.308679556507875485e+00
1.474235086076808587e-01
-2.698647648066349047e-01
-1.578609913640265094e-02
1.890179148763380113e-01
8.226562570953583897e-01
8.631654455162861284e-02
-1.460286752462860438e-01
8.870456944565695556e-01
-1.191902372373974534e-01
2.424500763493550315e-01
-1.082084126567693927e+00
5.345582237428402328e-01
-7.170266755604987659e-04
-3.265238329484168034e-01
-4.830919348189287033e-01
4.164038303222772353e-02
-1.205135283258663259e+00
7.878358774590847602e-02
-8.109217534436558017e-01
6.716564224137454575e-01
-2.066191242274524262e-02
9.031372874580156918e-01
-4.858197534200756618e-01
1.157112703463810538e-01
5.604835042045148708e-01
-1.008604708388614934e+00
-4.520744480134850640e-01
-1.728489518654326318e+00
-8.005898725000733240e-02
9.611699504960626861e-01
9.124402427238559321e-01
-1.150234829713205897e+00
-1.116185945939660362e+00
-6.990566143998437620e-02
-7.067211903962876685e-01
4.157184835287053293e-01
2.064129931252164929e-01
-5.492709733565688257e-01
8.211409659493467128e-01
8.075631778928733517e-01
1.864737639961680238e-01
-6.745130962850127698e-01
6.300534096145183893e-01
-8.521220206801802602e-03
-2.450724788421669853e-01
2.446015266747212369e-01
6.126589193389950228e-02
5.638544530148635880e-01
7.050221912395251422e-01
2.613175695883290239e-01
-3.805903116633302941e-01
7.529845349878812322e-02
2.453374265764367013e-01
7.356026335226590884e-01
-1.868628403816391392e-01
4.654980149566649850e-01
-1.585668155257926454e-02
-1.533474668575491306e-01
4.904198036827187579e-01
7.706135645148895486e-02
-3.714158766665918709e-01
7.107368748212588017e-01
-1.030959400889194383e-01
6.588179521654163873e-01
-1.035072175467242728e+00
5.200851398618964172e-01
-7.199414455132831236e-02
8.525742290198408124e-01
