8.548465192355870698e-03 2.918296779870764579e-02
5.725166758373275919e-03 -0.000000000000000000e+00
2.039675215879780679e-01 7.455652421136091945e-01
6.581029516787055555e-02 3.011885881175722091e-01
8.204325982865641248e-04 -0.000000000000000000e+00
4.572312125179453534e-04 6.042630966455587278e-05
9.219861391830124209e-01 2.881217933732327929e-01
5.120415191225189400e-01 -0.000000000000000000e+00
5.292889997502565613e-01 1.673509239062228870e-01
6.554180630990504020e-02 9.917525580906950688e-01
4.035319645384384812e-01 1.010574963069537979e+00
1.646263153779707958e-02 4.458151077329783329e-02
-0.000000000000000000e+00 -0.000000000000000000e+00
6.296799128682925017e-01 2.635781125411272297e-01
3.579225088572947355e-02 1.180765556473864775e-01
2.821243081852691913e-03 7.487130052838794070e-01
7.978687405307181013e-01 2.693609705705139745e-03
2.263748301432737808e-01 9.292138377985600418e-04
2.766502332722868465e-03 1.561401573313103393e-04
8.220889425940944295e-02 8.604502673752610908e-01
5.528768870129338042e-01 1.652019668224797011e-01
2.017181399944279515e-04 7.051494487679670353e-01
1.122580830270393211e-03 -0.000000000000000000e+00
7.634293399542420033e-01 3.246707662497850255e-01
5.051923830641805724e-01 6.839902589840510805e-01
4.741052595571137451e-01 2.796145316452071650e-01
2.892212568302814368e-01 2.080987974186504497e-01
4.764316194428663831e-01 -0.000000000000000000e+00
3.493868456015196324e-03 1.051898938921160376e+00
1.381838148970417415e-02 5.113618705273240694e-01
1.062541814665011741e-01 1.224180600173102318e-01
2.626289613084639707e-01 8.696590754828208425e-01
3.037629739767899184e-01 2.547338643869435319e-03
4.348108223352186719e-01 3.306126285456125746e-01
3.816687796731224862e-03 8.047064978393970724e-01
3.471365623145149324e-03 1.181968847672163703e+00
7.865360179245356465e-03 1.870070082319376936e-01
9.180060700092089465e-02 7.955268477856048959e-01
6.461932695953273575e-02 1.884966786500708591e-01
3.708753355915476169e-01 6.651421379878534879e-01
9.066202629826039180e-03 1.596775723148076143e-01
1.484227396402232543e-05 1.529288301847092912e-01
5.566676589037516942e-01 3.363242123400850270e-01
3.685897510339010696e-01 1.060474510657876790e+00
3.822298647250358793e-03 4.709368764133486929e-01
3.946712861807253336e-01 1.141407977308758648e+00
-0.000000000000000000e+00 -0.000000000000000000e+00
1.863801443166107075e-01 8.488810587643248473e-01
1.126105383102663782e-01 8.752304963916166525e-01
-0.000000000000000000e+00 1.460232628807835997e-01
5.508546402248450935e-01 3.907639139061956368e-01
5.019481216898493692e-01 4.989657940420594295e-01
3.310552594596059134e-02 7.958050620686022425e-01
1.357428582782611512e-02 1.047949555178562253e+00
3.220184209515120598e-03 4.674310954910918525e-01
5.035790476904664775e-02 7.694622503169119554e-01
7.420990014685463108e-05 -0.000000000000000000e+00
5.755513675307228905e-01 9.538667017056110531e-01
-0.000000000000000000e+00 -0.000000000000000000e+00
1.045372642941674313e+00 6.281530299538033713e-03
8.350262791253068029e-01 4.173148052291357490e-02
4.503859001426556495e-04 8.563778428045404345e-01
3.080449340389235235e-01 7.126068149850079969e-01
4.494703195976328391e-01 7.559960278157161762e-01
-0.000000000000000000e+00 5.740895812797705000e-01
1.712708737717590635e-01 7.181517902029317391e-01
