-5.677013043266226910e-01
-7.435586712459172354e-01
2.630376787071190825e-01
-2.600128654454787469e-01
1.630355693254308342e-03
5.323031807966305262e-02
3.734191802728325515e-01
-8.938241530822468306e-01
-9.262228808736068242e-01
8.088245135726982449e-01
6.108717170958757325e-01
1.073864306434446636e+00
-8.872085949596653087e-01
-6.446100134938376192e-01
-5.402987196329744890e-01
-8.057923735561586809e-02
-6.853430189974016873e-01
-3.587053222040601508e-01
-6.171677799700558964e-02
3.753146198584161319e-01
-7.387830340871333057e-01
3.571289161254447286e-01
-2.956768477161998421e-01
-4.101188069540406128e-02
3.539606038616523453e-01
-8.992026267532182704e-01
1.510167657410701025e+00
-1.460400393655378881e-01
3.720793729223662027e-01
-3.384753362924002723e-02
3.481915053823164130e-01
3.823262025749238902e-01
-5.022835287931575188e-01
1.792114589289521276e-01
6.941061921176157057e-01
-6.511512906881450347e-01
-2.259497773600047943e-01
1.040243166000808017e+00
-4.450298191064298026e-01
4.781743019452376342e-01
8.627580516763285745e-01
1.225423335161148541e+00
7.866968650207397662e-01
3.109969401100515785e-01
1.188664620485824358e-01
2.537408674873192771e-02
-1.198291324439522576e+00
-4.016948468734812816e-01
1.503371610632535105e-01
-2.736419391534358758e-01
5.213869854523897063e-01
2.035253141406709598e-01
1.816590150270621928e-01
8.745345299369203240e-02
-1.174682977354397639e+00
4.792778509902081985e-01
-7.486129062799643519e-01
4.182146505883889143e-01
-5.337583073465438366e-01
-3.014992853019698438e-01
-1.131671236101346595e-01
6.920703135151253793e-01
3.928088772512774440e-01
7.641017097185343054e-01
7.334930376566668464e-01
-1.124320738929169561e-01
