-6.944678670438202417e-01
-9.333561249282990024e-01
2.865686991788126692e-01
-3.454966725275376294e-01
7.351251885873888621e-03
7.563160477960728656e-02
4.555423150299400814e-01
-1.186010672878261341e+00
-1.163941282517808151e+00
1.049875619801338811e+00
7.434294650442673236e-01
1.215906643658038355e+00
-1.089959448843949907e+00
-7.840240515071094096e-01
-6.725959007239452614e-01
-1.408660008755209525e-01
-7.980231106388402385e-01
-4.449074876948037605e-01
-4.635209867482292800e-02
4.438675458485227820e-01
-8.898938704567497249e-01
4.761446449123301616e-01
-3.125817948069120056e-01
-6.929390906320043175e-02
4.153579987704051346e-01
-1.032094708174287057e+00
1.660968502443309625e+00
-1.452312216312070803e-01
3.985768457129700293e-01
-3.369942889616822645e-02
4.137491741060163042e-01
4.383953239214630204e-01
-6.119788513633104277e-01
2.361044391566671230e-01
8.461665454432852895e-01
-7.247726202570522469e-01
-2.845797879409402986e-01
1.227579737129083970e+00
-5.552707948161231810e-01
6.050504051935909899e-01
9.532144491851103352e-01
1.330528168165971303e+00
9.739288609048988299e-01
3.429208560025449604e-01
1.539331838264026697e-01
2.596037163633614295e-02
-1.545020559271677252e+00
-4.665643980652586786e-01
1.502451254495695832e-01
-3.171584558260455711e-01
6.698601786603126662e-01
2.172611370310857937e-01
1.858703994749899002e-01
6.371459441409807467e-02
-1.290602991515116926e+00
5.728611740349172088e-01
-8.702080830631194752e-01
4.609102162043728357e-01
-5.935332800293376954e-01
-3.870552119037448668e-01
-1.508088269014198901e-01
8.699591285430440246e-01
4.635083335670441285e-01
9.481293944803037554e-01
8.585516623984551510e-01
-1.605943313908252956e-01
