-4.773351722251400475e-01
-8.047838542383153326e-01
1.536981878472758467e-01
-6.185431532907427199e-01
5.555824153827713108e-01
3.199087073710295548e-01
5.736565500827534025e-01
-1.574882752778511641e+00
-1.404955270999616479e+00
9.458357847051404033e-01
6.693509925458258625e-01
1.333765257858486430e+00
-8.337965315310018610e-01
-1.061961249725454248e+00
-4.819356900031379065e-01
-3.553029875183689179e-01
-9.825736424146560566e-01
-4.662306614766820734e-01
3.827493383213952383e-01
3.182531310418866277e-01
-1.145138146595547912e+00
4.367784675037405528e-01
1.627870516736869624e-02
-1.577589203616377722e-01
1.373836843969988286e-01
-1.205742380589923668e+00
1.965490604527677876e+00
-1.663236239798316501e-02
-2.473904110213855090e-02
8.471021688817871598e-02
6.801010104214345597e-01
2.816298885685324938e-01
-5.341988321392037165e-01
4.453015021661801409e-01
8.362950394297098411e-01
-1.162852495310957357e+00
-3.157167326924774642e-01
1.411239042258287002e+00
-8.538308446451083888e-01
5.633289055635806175e-01
1.435655853332953757e+00
1.604608086062624617e+00
1.095671446667795479e+00
3.015767445251507986e-02
1.099026384303111031e-01
-3.387100223152689216e-01
-1.524453314721483377e+00
-8.753456389080828126e-01
-7.191142914513544426e-02
4.832615000598596000e-02
6.777664013818440747e-01
4.690511403189592116e-02
-1.946969701691000643e-01
-3.206548756602000672e-01
-1.619454663476807443e+00
5.664665042522238902e-01
-3.904143877886354086e-01
2.996043461668121966e-01
-1.890341752108973539e-01
-4.049586467597436901e-01
-4.284450638468854933e-02
1.191213135123673883e+00
5.855215295271684051e-01
1.002075057090452859e+00
1.265177065726060146e+00
-4.308478260463123322e-01
