-1.069157408423991457e-01
6.486284920889240357e-02
9.522963567741252189e-02
1.181386006779279602e-01
3.594540231541665937e-02
3.813181501352073122e-01
6.742290247815855286e-01
1.042138519656574669e-01
-4.417893787086636381e-01
2.339930348953077333e-01
2.072224028795108253e-01
-5.322722500333307849e-01
2.263198792375393231e-01
3.159975106867060624e-01
-5.817215669396066380e-01
1.893240422826752423e-01
5.081594702713886358e-01
3.013730584370086230e-01
-2.351917272947429138e-01
-8.739933235168850789e-01
-6.702907088396906077e-02
5.057451153557509516e-01
2.965448324314034698e-02
1.899382135373502978e-01
3.783703404566233219e-01
-1.202717047654947302e-01
3.428313488469144077e-01
-7.592997090897948276e-01
-1.706785934467496268e-01
1.920708491430173359e-01
-2.161337969917508373e-01
8.479584881593333900e-01
-1.904164614944532097e-01
1.820060778649690014e-01
3.749660546186390220e-01
-4.772382872748486687e-02
-7.848127807475460682e-02
-9.090431755778789480e-01
6.362166386092611425e-01
5.388685201179456152e-01
6.695927846080718115e-02
2.965624061396843758e-01
1.453453279944255661e-03
5.454702787264394948e-01
-1.035084099384458167e-01
-3.055709854730084135e-02
4.479582718162509747e-01
5.672984053095356805e-01
-3.548569807675124310e-01
6.361971613608886633e-01
-3.260531619978793150e-02
1.870853762021962297e-01
2.113376775418796261e-01
4.803172396932378629e-02
-3.514076328441184116e-01
-7.681328938384907046e-01
-1.913977385396136571e-02
4.359393764279580197e-02
3.385018434744465066e-01
-2.147731425447051978e-01
-1.116695045219800037e-01
-1.275255316447547971e+00
-1.012516593067076393e-01
-4.139421046194148579e-02
-1.270584120391249572e+00
-1.100914905283655598e-01
-1.848401270084494841e-01
1.688570331767953736e-01
1.642649289337649587e-01
1.894292341354299192e-01
3.109190515141292428e-03
4.189487190355846158e-01
-2.836870563352130725e-01
2.987418648411996683e-02
-3.840726426834449592e-02
-1.080784888875184091e+00
-2.569300932388718928e-01
1.766939139511692070e-01
-5.219737522423318482e-03
2.331160561328741165e-01
