8.552887278691596179e-03 -5.200599100590950208e-01
-7.437228219015212805e-01 1.580652843944795993e+00
-2.833078877951680785e-02 1.296962752359210550e-03
7.448357844124479099e-01 5.480539151151475608e-01
4.394477605680032206e-01 -2.253968232980504971e-01
9.966765808537437765e-01 -1.712104125646482788e-01
7.611472719955459931e-01 1.863926340837489259e-01
8.821214501160273835e-01 2.117170886095123272e-01
2.707451755626760215e-01 1.021491587067183238e+00
-1.330828257635162104e-01 3.290107061817752476e-01
-1.965997030190268224e-01 -6.678168263751882439e-01
2.616564418828055127e-01 -5.144610288842755841e-01
-6.472980107866465049e-01 2.693417003992583658e-01
7.621737257205165976e-03 -4.718029673288736126e-01
-6.029610935182901921e-01 -7.385824932128295939e-02
-5.605128854328704779e-01 6.527341061303006953e-01
1.576806262373993350e+00 1.489949191008589580e+00
-3.612637686128425049e-03 -1.248408881045933172e-01
9.021106885192856084e-02 -2.222409987161622358e-01
-7.530760335534811278e-02 -1.246397099930682956e-01
-6.321772832566661948e-02 8.456867026150823863e-01
4.887876687063993919e-02 -3.701823206133387778e-01
8.991419810474445828e-01 5.551635032296587946e-01
-3.630568713954301363e-01 3.047453733480332688e-02
1.500588348806620176e-01 3.542594672040591530e-01
1.352387509163091028e-01 -3.306582501310130762e-01
-4.801354534867058321e-01 -1.425761319738360067e+00
5.919853136525579096e-01 7.234450086304651251e-01
1.245673526739464465e-01 -3.432637266560965156e-02
5.229602511498875339e-01 4.441198454247361482e-01
-5.850239514667359142e-01 3.819734996745470235e-01
-7.965588062123544200e-01 -9.630205178310838332e-02
1.737976049106194631e-01 3.565220723577078865e-01
4.745342317711818692e-01 4.745450839993309855e-01
-1.049651139467450700e-01 6.070791747476858013e-01
2.209837778547992793e-01 6.808464745130430318e-01
7.201020089633156651e-01 -5.916533603913149975e-01
1.423707919604251526e-01 2.303868342529949986e-01
1.559506434198839164e+00 7.632531779102027514e-01
-2.859640545604240636e-01 3.259605199479566284e+00
1.294421395570309219e+00 -1.567363235669560484e-01
-3.383637771250111448e-01 -3.288616885162871650e-01
1.457482330563493855e+00 1.908507901727650058e+00
8.939715589195968981e-01 3.258220981132810001e-01
5.466091626042959284e-01 2.077863056972057143e-01
1.599268569597555034e-01 4.195685157227925788e-01
1.145658347452598591e-01 -1.911072874035313340e-02
8.193894455386999676e-01 4.984008706777622866e-01
3.307488391589145094e-01 -8.703638908631644577e-01
-4.250665181220174005e-01 -4.876656445189281319e-01
2.790437300588500591e+00 1.178776721225704149e-01
8.638977374677760945e-01 2.167114067936543709e+00
-2.353171966576277085e-01 -8.979186222616566959e-02
6.024195680967580069e-01 2.254371208677175831e-01
-1.869758411385528951e-01 -6.558571738354638248e-01
-1.053267982711566964e+00 1.958002023158611937e+00
-4.021322376216692196e-01 -6.710480745193280194e-01
1.434395968796486898e-01 -3.483164465090242135e-01
1.316693014358969682e+00 7.706172403185511666e-01
-1.577659503900203652e-01 6.499770078042353683e-02
1.646129678946842256e+00 2.237772160672993671e+00
2.046976445409834644e-01 1.037820901588235145e+00
1.862157804068547140e-01 8.715899581435329058e-01
-4.658943153035028373e-01 5.868806152716600222e-01
-1.930756923249458412e-01 1.824228855697267726e-01
8.811006709028041950e-01 -8.722086310352793193e-02
-2.795440276311597083e-01 1.834924877433937174e-01
3.309881291804463443e-01 5.460321498201365920e-01
5.000674188751307314e-01 -6.500171354840119653e-01
9.729946744250892454e-01 1.515773557319642251e+00
1.012598896873194709e+00 1.408813290484986144e-02
-4.081556300117005209e-01 9.413600428304974566e-01
-4.913714606714928435e-01 -1.349360936486034834e-01
1.856913966156417573e+00 1.131364932646354404e+00
5.531255970753295309e-02 5.770164626740691416e-01
5.120044191809675072e-01 2.124951680593921699e-01
6.627989808443479625e-02 -1.954060186249086672e-01
-1.677294924461080194e-01 2.484309961276095491e-01
1.949402078317619691e-01 8.786275975530256910e-02
5.429170268328279425e-01 -1.900223207082541235e-02
2.481289006914097137e-02 2.923232163403630818e-02
5.128756689457854012e-01 -3.140529686262961140e-01
-5.699310797666000683e-01 -1.101259325542745943e-01
-9.166561270659352445e-01 -4.565911377773954061e-01
2.202531047898666383e+00 1.462990897217894659e+00
-1.662972506780331927e-01 4.027114538904085633e-02
7.054828255587275443e-01 -1.393128726078176616e-01
1.406781652697740650e-02 5.183396969889205591e-02
4.584095064158214550e-01 5.690536085594220111e-02
1.762123906027339704e-01 4.989070056627434302e-01
1.889438979623869974e+00 3.261750539501063750e-01
-3.492136563393816173e-01 1.750015435209962167e+00
-3.686336261053102525e-01 -3.526813228942061729e-01
3.257059218228759018e-02 5.076302356758136680e-01
-2.399458492700287382e-01 9.575604281898215664e-01
3.909993757630735867e-01 7.240361259451749687e-01
-4.886231388050400470e-01 4.370031345443021187e-01
-1.764683692994795799e-02 5.036303837826268115e-01
4.718895710007755540e-01 -4.035955351856069795e-01
-3.270562274690715131e-04 -1.015915890731190459e-03
-3.548458434999601785e-01 1.166746152166331374e+00
-2.123000881981888521e-01 2.375455171234246501e-02
1.447575713655332885e+00 7.318047003278290719e-01
1.632406289170143410e+00 -3.212265092213049122e-01
1.645605695861761752e+00 1.069141820815332045e+00
4.389133917331718426e-01 -6.578978886888811051e-01
3.631947540386398776e-01 1.034477256546050938e+00
3.081226827875537810e-01 1.168240789991924211e-01
1.096337792251179222e+00 8.240412818027957886e-01
1.343583504152423384e-02 1.280486817940552857e+00
1.870599024854575632e-01 5.492367516125180593e-01
-6.508089084303196881e-01 6.655238131979396288e-01
4.402939265732000451e-02 2.256466728454353116e-02
1.886473988220090936e+00 9.821698392075259854e-01
3.334361005088989915e-01 2.931947607821256963e-01
8.126317572789951704e-01 1.191503229111448459e+00
2.744599979452824745e-01 -5.386767583264402415e-01
1.754983222208255089e-01 1.996407405866028606e+00
3.943661588116794681e-01 -9.653477159309384881e-01
4.882682789209571439e-01 -2.393295032153566759e-01
-2.282562196280460698e-01 -5.517368372299856771e-01
2.513322542386031144e-01 1.167570220426646710e+00
6.222087162397575977e-01 1.017383722967335064e-01
4.755245077337678095e-01 4.222972526021976925e-01
-7.480937831777030311e-01 1.201619579153419659e+00
6.507004611020456020e-01 3.821444818582228065e-01
9.480416923747631008e-02 -7.421860414636793912e-02
-4.783498620113950106e-01 1.028451627310218885e+00
2.284432413112905957e-01 4.463534219713633650e-02
3.214761868837968661e-01 5.444832285988607801e-01
-6.856606026013433164e-01 1.260537465932995982e-01
9.092283377077013951e-01 -1.783514861784700978e+00
3.684378774304115645e-01 1.239651691684582779e+00
6.457329188620801741e-01 5.452366854253253292e-01
1.712979842913107675e-01 1.544411403736215271e-01
1.856189398082541131e-01 -1.284786085113048260e-01
-3.492542743300644514e-03 1.616178289597152151e+00
-2.328677053729870661e-01 3.178694262675604842e-01
-1.268165265298792699e+00 6.389880794594789970e-01
2.906264983736195795e+00 -3.990028939077958636e-01
-6.688017271235263683e-02 1.955688975992331269e+00
-1.227623417096466718e-01 -2.914849740996326988e-01
-3.065481891841195794e-01 1.682845844345384756e-01
-5.938047785073153895e-01 -1.590697919107628699e-01
1.662458608707892138e-01 4.495379009686255589e-01
1.809692493468739061e+00 4.427846158635170837e-01
1.073085019551109687e+00 1.729434773168740724e+00
9.445142362247817003e-01 1.555119862313788737e+00
-3.237938115203338740e-01 -6.691798685197530849e-01
-8.193981420226784107e-02 8.280921317171793250e-01
4.263318261231520134e-01 8.686065378865052145e-01
5.280716486623358019e-01 -9.279579024681670063e-01
-3.288698362820315774e-02 2.875788509034818308e+00
-1.264802964114520450e-02 -1.615297307280692818e-01
4.562025688765782849e-01 5.624111911615718995e-01
1.612313969905551536e+00 7.854001113846634796e-01
-3.188851945077516570e-01 -5.920353031224597773e-01
1.176135037584819631e+00 2.463554292687187175e+00
-9.165577734744899674e-01 -3.100760820185751721e-01
-7.627535192976694911e-02 8.382822651048302820e-01
4.776623217366256502e-01 3.413391049002481581e-02
-1.292489055512130447e-01 3.181419947297042250e-01
1.178943623514062816e-01 7.986282837522311606e-01
-5.129064421638345195e-01 9.011631402431121707e-01
4.226204364674877867e-02 2.702012167531521736e-01
-6.465575168772390580e-01 -5.003752490236828415e-02
-3.000878948571450988e-01 6.619244808915259251e-03
8.492545204067579734e-01 -3.123357817976354367e-01
-4.724195492580526845e-01 5.056789699036197128e-01
1.137209981837098427e+00 1.519550924883967147e+00
6.591003334980732875e-01 1.298141416847220231e-01
8.283307786269621387e-01 7.474738043341673244e-01
-1.885656158027691764e-01 3.523728391635793100e-01
7.743277019203822498e-01 1.022454234205361773e-01
-3.622351914163172704e-01 -4.825462753110108527e-01
3.113028846614770417e-01 -1.039045830181295482e+00
-1.671603325692292419e-01 -1.199811795832231853e-01
1.881074255222369596e+00 1.171670899662421217e+00
-7.750646884182321728e-01 -1.645876444266651806e-01
-2.057231522633149179e-01 -2.052486094466256794e-01
6.003263909342593241e-01 6.368552174930848520e-02
1.932399553165863038e-01 -1.225357434216040459e-01
-1.174242338268385977e+00 5.254444514647477887e-02
-4.037711481648405543e-01 5.723452205891602640e-01
-1.453625293833226972e-01 -8.534177699779033066e-02
-3.753819798548831410e-01 4.614415047707040030e-01
-7.264120648933368729e-01 -2.427826038836451150e-01
-1.230307586141146381e-01 -9.254298104664819835e-01
-5.979822134079431084e-01 1.516438518360001320e+00
1.606243730522826541e+00 1.672714792636169401e+00
4.176272866047411325e-01 3.157937820614977187e-01
-2.198635763486098127e-03 4.973864159451008571e-01
-5.450182074068200544e-01 4.495374483421347711e-01
2.219841472560240558e-01 6.154708300425800749e-01
5.670682763801478121e-02 2.956264312159513196e-03
-5.846854184545547950e-01 2.265137713026035837e-01
1.604327152612630147e-01 7.594433526417457836e-01
6.359279761235011597e-01 4.884284317526040309e-01
-2.527273669595027639e-01 8.583256097735474377e-01
5.484743178883554338e-01 -2.640731423351100338e-01
-1.465851200180876779e+00 1.003934802364313983e+00
-4.756210504753442536e-01 1.941999019512750113e+00
2.711312293552936015e-01 -8.169801524647185564e-01
-6.207794650823705851e-02 1.847195979963359713e-01
-1.169286280592806815e+00 2.035957482861313839e+00
6.884922663112483243e-02 -1.405292414103184728e-01
6.042986827857633747e-01 7.151023449879551075e-01
-8.964223115820224574e-01 4.325860079116369827e-01
7.391182305717174106e-02 -5.947573332592180906e-01
-4.120002469802538370e-01 2.129682583913761640e+00
-1.013503710870651942e+00 7.119138853953198287e-02
1.529219374247796637e+00 1.200492861714167747e-01
-5.854862924738284402e-01 4.028348980489523251e-02
-5.962578030087615222e-01 6.465300543712156900e-01
6.089926771565656177e-02 8.927011294516430384e-01
-2.724952834933466184e-01 6.726320329906781970e-01
-3.951906930813680469e-02 1.714065900663973130e+00
