-1.067113399528725859e+00
-9.860270280558671718e-01
7.865213682477425472e-01
-4.112957681537492416e-01
-8.967800115864282828e-01
-1.680382495490493344e+00
-5.473856209011123131e-01
-2.427469524739834128e+00
-3.234400094554173433e-01
8.587253022469998331e-01
4.526824746913422626e-01
-9.011405123561372355e-01
-1.247923441495094377e+00
-7.334378974611048020e-03
-3.425261876591297328e-01
-1.700889266257533394e-01
1.098321513034776209e-01
-5.745571351221681056e-01
-1.402047794094344546e+00
9.933665040965904136e-02
-1.033333557573699268e+00
-1.586248527849562495e-01
-1.896193329100247960e+00
2.666885996633264200e-01
3.166922858658628992e-01
-3.530494030440093495e-02
-3.232403015117369938e-01
-1.518457812137771201e+00
3.845672266926085658e-01
4.609721213509727633e-01
-5.923178494682350692e-01
6.045461653138720637e-01
-1.324509657164985255e+00
6.833227668822432210e-02
1.889537035804662868e-01
9.859279277017837240e-01
-2.929902384002035509e-01
5.824459270341902223e-02
-4.108915176604234776e-01
-4.023744862028540148e-02
-5.023412364011258235e-01
-4.172195444489962823e-01
-2.711858537373709743e-01
2.382131327768225171e-01
-4.415162453933361708e-01
1.908026144140196056e-01
-1.073876848702549403e+00
3.266922687333457254e-01
5.892427550637371336e-01
-3.957983902831912343e-02
-8.163791097094681357e-03
6.656451040247045592e-01
-2.810488791815799470e-01
8.817350162957524606e-01
1.327626634264134908e-01
5.956045245738251781e-01
-1.192551515873863988e+00
7.372332337393036061e-01
-2.195127784200822774e+00
-4.536498743948316759e-01
-5.343596119894577362e-02
9.752395355393405074e-01
6.992063958474988850e-01
6.618397392432495696e-01
5.961831243843043193e-01
4.750655728682526835e-01
