1.900571884153870461e-01 8.103511624106869426e-01
8.391022962450012113e-01 2.419669098563334286e-01
1.745032124583482780e+00 1.252467299049392802e+00
8.109694743756913349e-01 1.082785194963769237e+00
2.592899033823524713e-01 1.052688658808182076e+00
1.286958590272845981e+00 1.516094609636636559e+00
7.981337580157398248e-01 1.671326946423633109e+00
1.087352629234573209e+00 6.848103799464939634e-01
1.178850439728471589e+00 6.321836191304277541e-01
6.715025734224158160e-01 1.830937155862668364e+00
1.418009496420597371e+00 1.066565288063890282e+00
1.262491627325271537e+00 1.069823885647452455e+00
1.301702734610585388e+00 1.845208969132229759e+00
2.137460190831391937e+00 9.606220879773341714e-01
8.971801449428513653e-01 6.349188068108385652e-01
4.692130089485642142e-01 2.193930959052669216e+00
1.749186548968722388e+00 2.599664458633451081e-01
8.731153227651241577e-01 1.481834196432691098e+00
1.518530859016898882e+00 7.320078471006934151e-02
5.672632810231745815e-01 9.856279787399138126e-01
1.373158228067128839e+00 1.231097228032895091e-01
1.443435301718955177e+00 3.740628044338161762e-01
7.852878457687453295e-01 7.164034961148032510e-01
1.896033642209690451e-01 1.421824679173240291e+00
1.281170055215395731e+00 1.242900676409492755e+00
2.992276333087976470e-01 1.983452191442424684e-01
4.101141183409356267e-02 1.067016311064412193e+00
3.356709859144173524e-01 1.223954251694307160e+00
7.361535963989028764e-01 8.054580554639495515e-01
6.390580203052464991e-01 1.691341766326308838e+00
6.756912847011514733e-01 1.646140104483855060e+00
1.211840939510812731e+00 7.603141313525678679e-01
3.464043317834659130e-01 1.277159937636658693e+00
1.128943382012213448e+00 3.514491824075077764e-02
1.272477446744589846e+00 1.176793457110447694e+00
9.018244071876474477e-01 1.492420652620498833e+00
4.803410608463223319e-01 1.731968390845574524e+00
1.067911424104587059e+00 9.243865638748686164e-01
2.209534291408013829e+00 1.074866573994924579e+00
6.111969319365572195e-01 5.753901705541963896e-01
1.154686363530552429e+00 9.090856429949548678e-01
1.330951454974145243e+00 1.318261951724999603e+00
1.221408575930587270e+00 1.372171417022471918e+00
6.518935129565976982e-01 6.126576486059291948e-01
1.877997565666292612e+00 4.853636338485384782e-01
1.015464779933681783e+00 3.520963909082384657e-01
1.469859491288411535e+00 8.362970249402378320e-01
1.159618695294525326e+00 1.019728627639137297e+00
1.010548202553373187e+00 5.111340088065305931e-01
4.097496196375171040e-01 3.903407624765945494e-01
1.656682395033334698e+00 1.822231742323805248e+00
1.575424035592862149e+00 1.566596243233746799e+00
1.397739877164960509e+00 9.423428599747949441e-01
1.395176031415869655e+00 1.344210357182245907e+00
6.145372104039901195e-01 1.282971542921535146e+00
8.109491847855405666e-01 8.297316192910534349e-01
2.966886185931981501e+00 1.166783116689712463e+00
8.210755692263875805e-01 8.807937737550328716e-01
1.321118353579674221e+00 6.421363209993327104e-01
1.186401228121340745e+00 5.608667621857165164e-01
5.077625425057160635e-01 4.823915884218446526e-01
2.117929660287209415e-01 8.512757632239797978e-01
6.079828601221776152e-01 3.634797869040333196e-01
9.348787374411159368e-01 8.710575438874571530e-01
1.125429183079758255e+00 1.318592661993543524e+00
4.384393122486481831e-01 1.112673788486104209e+00
1.453525425854649944e+00 2.098414392769997749e-01
1.132718360019410397e+00 1.308389986053400511e+00
1.150578508973318037e+00 8.474019328993946942e-01
1.019577400181492122e+00 4.304369157618632147e-01
1.360836167555622200e+00 1.746414959530661060e+00
1.896292854619617385e+00 1.910395860423594439e+00
1.150864871980902482e+00 1.500125259700320735e+00
1.040354504148622850e+00 1.197721622403230324e+00
1.254776899187195038e+00 1.995848753022328170e-01
2.226011409467445468e+00 3.330630471388755232e-01
1.032909357027675501e+00 8.623741177360997323e-01
1.340978621898184509e+00 1.737073550676627276e+00
8.051120072966395924e-02 9.377035652133522969e-01
3.704143348088160259e-01 5.531264872157677648e-02
