9.457370217291152237e-01
4.704243279073250683e+00
1.829388468748410324e+00
3.281759779420864831e+00
2.628760606342388950e+00
2.568184140203422228e+00
3.045912935120481002e+00
-2.106004877591887980e-01
2.741954250461235532e+00
2.276438859841273921e+00
1.403672776553348323e+00
2.787442687746836345e+00
1.704752653520053007e+00
-2.002948446120543791e-01
5.185562479948883308e+00
4.897299702301797453e+00
2.562664246036550519e+00
4.958352353967966919e-01
2.214430853404964594e+00
9.273812532264525954e-01
1.744515301805142249e+00
2.102605444577096083e+00
5.423725231362240828e-01
4.979015185207071426e+00
3.484087503183706414e+00
5.497983860885647722e+00
2.900695212320568928e+00
3.655033915980597126e+00
3.656919055788183215e+00
3.211419534435503653e+00
1.436107590739084561e+00
5.048141394475968546e+00
3.953450821354255407e+00
-7.031815788561677216e-01
5.703727448876882988e+00
9.538549407094205623e-01
2.388965757052907257e+00
8.435878968735412153e-02
2.472701640333535789e+00
2.862966272412004631e+00
5.282307520990342731e+00
3.460475341082557055e+00
1.096537143864901642e+00
2.315546871589669653e+00
4.828875998370008582e-01
3.015242441576876153e+00
2.558303764236221856e+00
3.311499350812419085e+00
-3.415477943264780963e-02
1.482542700902908628e+00
1.720153548976521396e+00
5.308086655944790344e+00
2.833891435763904454e+00
7.088735666657831613e-01
-2.969036566953952017e-01
6.140587400921692307e+00
1.498304396388680404e+00
-7.779897767044088308e-01
1.017207849650564544e+00
7.555333305947485867e-01
-6.250723286999511352e-02
1.334082278459963966e+00
3.433536828274981190e+00
3.294939301890929428e+00
6.403324928977011332e+00
3.929706815450801027e+00
3.160476408591917696e+00
5.585646773857206870e-01
1.657656071473230242e+00
2.509683153597237038e+00
-4.057689910956219781e-01
3.891906157235697883e+00
3.499031039697122480e+00
1.713191254217904858e+00
6.318076222850672607e+00
1.472745250734323719e+00
6.481504107341686804e+00
2.745018421301267608e+00
-1.243869769903204470e-01
4.640841223135527827e+00
3.475030576330079057e+00
5.543777665650502229e-01
3.492292957362028272e+00
1.946830022797070736e+00
1.116621632461499258e+00
3.390560945856005315e+00
3.979160585464069921e+00
2.148454216410442541e+00
3.061097225543250921e+00
2.665769750282883876e+00
2.177972425573051693e-02
3.795215128107430669e+00
1.465859197402652470e+00
4.889451032451005985e-01
5.751361315555905129e+00
1.243576392362725436e+00
1.864099099923774316e+00
1.326931510377280243e-01
2.114205206565866302e+00
6.337869064530328167e+00
3.009132871849403923e+00
3.055364941634100440e+00
2.692320251278909726e+00
1.474479575686082455e+00
2.503354180075220370e+00
6.483696007502619096e+00
2.355017515841964393e+00
4.082015120846844702e+00
5.693451515715416633e+00
3.838590183872520267e+00
5.648021852047555136e+00
2.386068892998355562e+00
-6.757313259296997277e-02
-2.172590842427999935e-01
2.318243898585967688e+00
2.815773398324059595e+00
1.419613814953802233e+00
1.327933860137329614e+00
3.494491125876587834e+00
2.839834829035825514e+00
3.944745815198076322e+00
1.493266988666707151e+00
6.472991856478492956e+00
3.185161498373436206e+00
4.147474006612559272e+00
7.495238884142619851e-01
3.592457242119278860e+00
1.442888568629199009e+00
2.480782775403191476e+00
7.375309979103054914e-02
1.545175624378620771e-01
2.686755032090959450e-01
2.303955819092223134e+00
1.668983563297793959e-01
2.804050740364608441e+00
2.086704481710670578e-01
9.104572653019070427e-02
3.452926696137402107e+00
2.416123638551443964e+00
3.313380272976933494e+00
5.517573056168912915e-01
1.445950050583868940e+00
2.826561688205540879e+00
2.740716535874068160e+00
-2.955132264250347696e+00
2.893576727376288904e+00
2.359841883080529001e+00
-1.024574806577605579e-01
1.311353245602849826e+00
6.395589133820049454e+00
2.297308575641425321e+00
3.937679565590860076e+00
2.641409481425789796e+00
3.718578934919330781e+00
2.805677083903260982e+00
6.418136338595438195e-01
8.320264175818143926e-01
2.591204199779876927e+00
4.539351597217049061e+00
2.952193644722841626e+00
-9.175167358104960869e-01
5.043859066427661020e+00
3.094791234170675587e+00
3.318852097344197283e+00
2.291954860365651214e+00
3.235129348132453231e+00
2.723110930426715370e+00
2.359366619526451547e+00
1.550912189587811740e+00
6.745798479748460474e-01
6.074745248597680281e+00
