-0.000000000000000000e+00 2.003823456721734730e-01
1.149872374692427091e+00 1.327320296395007315e-01
2.957521714313921635e+00 5.314667907785592948e-01
1.494631132936118156e+00 9.687321438443299293e-01
1.220944244350551822e+00 4.035453147082747605e-01
-0.000000000000000000e+00 6.140368641243160175e-01
2.468686676345451581e+00 1.176647408917723958e-01
2.077575980988169757e+00 1.378934282532446876e-01
1.367156867370428408e+00 1.717628744158634143e-03
2.070498053069795841e+00 1.170778581750479219e+00
1.877118250925519982e+00 8.284373047572946708e-03
2.292601532147793275e+00 5.153498116222656744e-01
2.385995134995344102e+00 1.466385824871763832e+00
1.377990473525005477e+00 -0.000000000000000000e+00
3.721532550206490880e-04 1.991294824283367682e+00
6.398333278806764834e-01 5.940597641822010777e-01
5.408187186680764036e-01 1.910418292379858496e+00
3.906646771124054097e-03 9.361277079207083185e-01
8.577324828614040220e-01 1.790616134989830410e+00
2.302569535472445139e+00 9.171322720741007517e-01
1.027126326851498961e+00 1.361793779684932426e+00
1.959697172982485913e+00 6.308480074495774748e-01
1.719816827852753027e+00 7.684711853255986602e-01
2.265870469925644670e+00 2.290527777321651026e+00
1.488874694274052723e+00 -0.000000000000000000e+00
2.932597743236302068e-01 3.286079025635257445e+00
1.140109994251791825e+00 1.558809336202588325e+00
1.571412680811149931e+00 8.482599496499890757e-01
1.732583992374427506e+00 3.307306092807954290e+00
1.804468280918283688e-03 6.257145419802767616e-01
2.248236072549873038e-03 2.893503960911107155e-03
-0.000000000000000000e+00 5.597428730734859137e-01
2.190550015097921799e-01 2.489711419822908996e-03
1.765948321668856513e+00 5.514883317512322795e-03
3.117456622702228675e+00 9.842999922351552966e-01
1.771088729626820291e+00 8.898944453145295475e-01
7.175553243801762182e-01 -0.000000000000000000e+00
7.238547011456741495e-03 1.823441384301393242e+00
1.207186772652675266e+00 2.192444855815200815e-03
1.158153584436860895e+00 7.776539915983761153e-01
2.920710444691595464e-01 9.699691112525551384e-01
3.071991421835762806e-02 2.661400112037688448e+00
1.041419764713041429e+00 1.549863178374981221e+00
1.793080146879638459e+00 1.853679619945751922e+00
8.276884631410546221e-04 1.169922414220402607e-01
4.329925942349174828e-01 2.384417709209269987e+00
1.838990856056634815e+00 8.879662113357855713e-01
-0.000000000000000000e+00 6.341599862267445209e-01
1.391427475246964862e+00 8.678631199120635797e-03
4.092306207504174849e-03 2.839589889319713793e-03
2.837230223092215731e+00 5.822697501480523716e-03
5.617585492070504838e-01 1.131274046797884347e+00
6.367276547691702593e-01 5.486346306396374661e-01
1.501787360492432555e-01 9.821428165329789683e-01
6.702884130951456410e-01 1.217347765064376253e+00
2.157083807384341245e-01 2.271276411833330830e-02
-0.000000000000000000e+00 1.013322357608271052e+00
1.642121679183710992e+00 3.781781086365979590e-03
2.947240711354979538e-03 -0.000000000000000000e+00
5.181575862853861070e-01 3.900222984005339288e-01
4.751359630934539995e-03 7.927032624065067923e-01
8.220057062380645586e-04 1.352935370072670507e+00
8.878054387346030654e-05 2.816424106097994429e+00
1.898311591160439793e+00 1.270381172153716376e+00
1.616457885172094266e-02 2.286726442247401625e+00
1.351795505867105507e-01 6.279450784926595697e-01
9.637715300053359968e-01 8.207591876510015316e-01
1.629743246438493998e+00 1.760958892525382562e-03
7.985276240987704277e-01 -0.000000000000000000e+00
4.037614507018576427e-05 1.507091596004828393e-01
8.695668227782783477e-01 6.996351548292382462e-03
3.591648247423838147e-01 2.607349959144613649e+00
3.919942332026324916e-01 1.579988873707878216e+00
2.964503852902009573e-01 1.609658175577135530e+00
8.080311453495356844e-01 1.425591776417927781e+00
9.786431599051921282e-01 1.187586912976495296e-01
1.556381584397707046e-02 1.436817938600013500e+00
1.771644694095459993e-01 3.441399796828362168e-01
5.395962035915711219e-01 3.012757172944712791e-01
1.218745745229338068e-01 3.187478633336800815e+00
1.523495537474977235e+00 2.115438604814947124e-03
