-2.000204081915270216e+00
-2.240862769878380512e+00
-2.851402523144906276e+00
2.861066786635523940e+00
-5.694062135854419671e-01
-3.809286817803701486e-01
-3.198495940200106524e+00
-1.561661025689140836e-01
2.092010793467412366e+00
9.841818187624293834e-01
9.337629857920758114e-02
5.173691085554894542e-01
-9.861764227761775636e-01
-4.768392474483457849e-02
-1.136004744159974322e+00
-1.714756950414694670e+00
2.072801152153852869e-02
1.299214983158378356e+00
2.731118502565924810e+00
-1.183753987948220177e+00
1.590513898021297390e+00
4.116672950287016963e-01
1.409907974382067941e+00
2.218150910203950499e+00
1.338927577500721444e+00
-1.095900695750399723e-01
4.802660387136114650e+00
1.936146859064135306e+00
9.372260339590450240e-01
2.434029525749726641e+00
3.024896646283251833e+00
3.071569956772632892e-01
6.808173790760189137e-01
4.739455271295867078e-01
8.559948045359350166e-01
3.846941178904181857e+00
-4.234679044855968466e-02
3.668080223882167257e+00
