-9.921103917556971519e-01
1.526289875519021733e+00
9.866356140928213003e-01
1.614990811253457670e+00
1.582325768137581523e+00
4.543878709818203188e-01
1.831603442274356119e+00
-3.479729829193302648e-01
3.123823978689904468e+00
7.032813615208330926e-01
3.338971908872209848e+00
4.243669726022678113e+00
-4.903970149516637678e-01
1.183979449280343710e+00
9.577345166463294701e-01
4.495187499157564659e-01
1.786370746746556382e+00
3.664919591062208326e+00
1.043028356647500932e+00
5.509188298007101636e-01
-1.206134605612147359e+00
1.102433970555133591e+00
2.410631615557056406e+00
2.450496794257642552e+00
1.459211197664170623e+00
1.955455606376480304e+00
1.995004047447647810e+00
9.511194393031479066e-01
3.147993656270788865e+00
2.551845855534652596e+00
5.219488572701376228e-01
1.262547008736502052e+00
1.680578920024199396e+00
1.101476423779927938e+00
3.502750569366251732e+00
4.174377494280810397e-01
2.546851048906895176e+00
2.344766184682873789e+00
2.255550542192497065e+00
2.302926706305729709e+00
1.996965107193419797e+00
4.088593378832239833e-01
-4.058975502632213711e-02
1.326453802327236975e+00
4.477129225116715183e+00
6.504516620498725921e-01
-4.245447194420334802e-01
1.448200273685215533e+00
8.544711956012628340e-01
2.094019287387178796e+00
1.584789920795268259e+00
9.075669262084228306e-01
1.275453535187025977e+00
9.852757472476762757e-02
3.615545189896466560e+00
8.673774464307765220e-01
-9.479982981908230411e-01
1.819316474067021461e-01
1.042252978394332397e+00
1.864701174524782790e+00
3.510749793192299295e-01
4.351380761372654504e+00
6.350633991378266952e-02
1.181539099127556725e+00
