1.237534884332913920e+00 5.530143946416999495e-02
2.612717082800713464e-01 5.166039762927561174e-01
1.356755217008008385e+00 5.528715474456974421e-01
1.367699137126040299e+00 2.269374303714516206e+00
2.213387362802888281e-01 5.774385528034502446e-01
1.690417444075445808e+00 9.012473839963147659e-03
-0.000000000000000000e+00 5.270668188595047932e-01
1.540708596742642600e+00 1.208185498054065860e-02
1.514728165840275032e-01 1.176412772470268875e+00
1.009879404314963702e+00 7.783882340452819015e-01
8.709452202430952861e-01 1.188321306388325338e+00
6.266055759396378655e-02 1.255058136173220706e+00
1.128268693083182145e-02 4.948376789805404297e-01
8.176568532033318820e-03 5.474267361395609294e-03
2.146364250744918767e-01 6.037660155954820418e-01
6.059797749585676963e-01 2.044789084530708401e+00
9.383757831530485927e-01 5.251825321049270745e-02
2.252599221788701648e-03 1.804469920725300769e+00
1.184734912088183378e+00 2.649746136402135299e+00
2.048670144204335575e+00 1.069729526265377761e-01
4.124328952292323144e-03 3.203440785596198964e-02
4.053305849920519899e-01 1.322392529011634954e+00
1.184375616366816875e+00 1.656004907543407567e+00
3.562022569298048058e+00 1.552523173354232844e+00
5.334493026542671754e-03 7.469329430161089078e-01
1.662594176834086002e-01 8.586740343383805207e-01
5.884004145896620797e-01 3.049410441429791820e-03
6.537833999280053821e-01 1.206241681045491010e+00
1.103149079361545493e+00 1.285493439678962346e+00
8.836999235418285803e-02 8.757793590931303718e-03
8.251585984539299146e-01 3.902109385119250096e-01
1.638103581964126310e+00 5.364009688829531886e-01
2.767507164125418417e-01 1.436414777994621028e+00
1.327282830819727089e+00 1.258178113483653104e-01
1.286541955668135673e+00 7.135070036748201172e-01
1.011944216144935016e+00 1.607570591880648436e+00
1.522046769170850800e+00 4.883001572085807207e-03
1.468232970752679067e-03 2.307043183833499711e+00
