-6.389525385880167052e-01
-8.525949436084534483e-01
9.215794591728815321e-02
-6.563733474215427410e-01
7.262156989127800388e-01
5.505637578873777693e-01
6.964476304372081428e-01
-1.383807207702310027e+00
-1.541733545349614598e+00
9.512778574165016154e-01
5.956362469899764145e-01
1.705884333230552885e+00
-8.283225397025821835e-01
-1.213557134087390299e+00
-6.220496044393866164e-01
-5.226969462307688996e-01
-1.030850141515770035e+00
-4.610540533959832654e-01
7.097508474780247489e-01
2.924811433285391948e-01
-1.307252690660200445e+00
7.191473780078657674e-01
1.924993343418598679e-01
-4.353687661747234205e-01
9.627165360682243822e-02
-1.290825811274884716e+00
2.238609212163571005e+00
2.869678440073201720e-01
-1.470731113770757381e-01
2.399590198350901593e-01
7.555727306588830849e-01
1.699390114604370783e-01
-5.243071315236880192e-01
3.618408002188231443e-01
6.889130228320887728e-01
-1.368562839959585498e+00
-2.522570296763520514e-01
1.624136037410038425e+00
-6.836919535417790295e-01
5.666960314599090998e-01
1.647412295322749243e+00
1.871040416605269430e+00
1.247544751551371789e+00
-9.096975454234981773e-02
2.527448961768398172e-01
-6.316477260848200048e-01
-1.425381343463076655e+00
-1.031615521166374672e+00
-2.759466427521958809e-01
-1.853626301613751567e-02
6.779409175230607376e-01
4.780850818982188173e-03
-2.360156015901737070e-01
-3.936543513182719223e-01
-1.814434042551313464e+00
2.953431969367256160e-01
-4.942763733525594727e-01
8.653263082378674642e-02
2.519437489011736378e-02
-5.986242503183656360e-01
-2.604720857647544463e-01
1.056685287177392407e+00
2.682287056355063815e-01
1.255175376661059827e+00
1.300698611919317349e+00
-7.000892791570687557e-01
