-0.000000000000000000e+00 -0.000000000000000000e+00
2.624303671158445799e-03 1.098131216658899012e+00
2.573541782805783384e+00 1.252849438262503279e+00
7.024460599755614533e-05 7.224654696130057285e-01
1.566475495597864365e+00 5.769984140144699403e-01
1.508139898472630192e+00 2.675437178831374663e-01
7.506499127466657040e-01 3.483409281993499196e-02
5.011487629148696499e-01 4.307224091094696145e-03
-0.000000000000000000e+00 1.838568492656470266e+00
-0.000000000000000000e+00 6.509757514001337508e-01
1.662281496747981757e+00 1.010080432867790812e+00
2.147432780663022456e+00 -0.000000000000000000e+00
1.035275983912251618e+00 2.757418702195078009e-01
1.111628206317975209e+00 9.723536439492169725e-01
8.223524526973254164e-04 1.343559050002432809e+00
4.093943501079495839e-02 3.677080408467116590e-01
1.363508434015995752e+00 1.358280888640571726e+00
-0.000000000000000000e+00 1.178473620537363820e+00
1.841094912696336072e-01 -0.000000000000000000e+00
5.082925370444496549e-01 2.650517597174392170e-01
4.826190069513658018e-03 2.031595186269492537e-01
9.047757112344628760e-01 -0.000000000000000000e+00
2.099420884377551477e+00 4.975172581436479620e-03
3.975888015146902127e-02 1.163784792781218824e+00
1.020749827030574597e+00 8.684051658333762358e-01
1.292712145452074912e+00 5.166641648761365335e-01
2.211063446451812242e-03 1.957582687975931712e-01
4.355376636992126516e-01 9.312243423904950634e-02
1.365363334786726224e+00 9.315121792961100766e-01
1.965251793476678957e-02 4.866163848819628490e-01
2.343768698664744132e+00 1.163513178107185464e+00
-0.000000000000000000e+00 2.174822873631234721e-01
1.616229374409991815e+00 8.504679747451262539e-01
1.147152487282185440e+00 7.302952367556606594e-01
1.312935434872266161e+00 1.616863359409705840e-03
1.225570915528412241e+00 2.554129539418519723e+00
-0.000000000000000000e+00 6.395833036286836526e-01
1.115455100032587687e-03 9.298096980225895036e-01
4.002550556051500644e-04 -0.000000000000000000e+00
4.444573918087932340e-03 1.036796908526544492e+00
1.233315125417719198e-03 1.336877833112189162e-01
1.355505762001164571e+00 -0.000000000000000000e+00
2.229823470172804356e+00 1.803520348348412478e-03
7.427549411418722380e-01 2.579760788764295487e+00
-0.000000000000000000e+00 1.074066381855071084e+00
1.780116912531138317e-03 1.505757953397205418e-01
2.331235755653594754e+00 -0.000000000000000000e+00
1.231515895210063105e+00 9.925526085800351339e-01
1.428572164182739357e+00 1.254381316498873522e+00
1.171408898162333179e+00 1.061604061539493715e+00
1.681142998086806228e+00 1.548994413848498120e+00
1.152007081859465432e+00 1.762956254021950331e+00
1.077419928183902309e+00 2.164287867610487304e+00
5.453943828136565974e-01 1.165738961256694711e-01
1.733982934535072351e+00 1.704414549681767976e+00
6.725991842524225994e-01 1.604845863912239601e+00
1.062593680877116142e+00 1.905745277129205356e-03
2.751942079188826717e+00 2.904709990086047980e-02
1.023275937963718407e+00 1.094826336801230093e+00
1.967080399233961663e-01 2.911906353574421624e-01
1.066863543478268506e+00 5.854023124770587824e-03
1.641217033051029617e+00 8.309143587381402352e-01
3.247319495882410312e-01 1.020571549182085924e+00
7.294636756265749922e-01 3.217291081469999536e+00
9.603418492926325545e-01 1.146044418042325486e+00
1.096335156762997975e+00 1.878816875772159056e+00
1.650678435453243553e+00 4.489292151469244027e-03
3.560859535258668052e-01 3.831606830112730400e-01
1.272825819196412134e+00 1.490938054292811676e+00
2.013874005892267949e+00 2.340348232152000829e+00
8.888695776000321569e-01 9.220206341824100926e-01
4.923612066925227466e-03 3.085933577963365426e+00
3.193192208517013242e+00 5.301310146140776336e-01
1.191547699575877745e-03 9.155833392652838743e-02
9.587869887893847309e-01 5.585411226589929168e-01
1.469865255331457066e+00 1.452716264840784395e-04
2.667395414333215697e-01 1.419596755566110868e+00
4.706761334341599268e-01 9.255978848995170599e-04
1.832278668650018982e+00 1.084961953807639823e+00
4.453365245189157551e-01 5.106067976858297275e-01
6.984738593452605171e-01 4.131225641885177477e-03
