-8.661723073590394950e-01
-7.860140029429697472e-01
6.927324440413787920e-01
1.364921461553862958e-01
-1.241131322589882124e+00
-1.377923442397579468e+00
-3.058707404097658067e-01
-2.219269255114157069e+00
-4.577285774150541831e-01
7.768155056277648018e-01
1.365652980422664919e+00
-8.005060457437653820e-01
-1.027686246062712971e+00
-4.701322713299097705e-02
-4.161207483176331268e-01
-3.704591407587393692e-01
1.331920991112698904e-01
-6.498697946446655438e-01
-1.180194972387538899e+00
1.053965859049476872e-01
-9.921485230085181906e-01
-1.652624507430783263e-01
-1.861519251567447020e+00
5.072126947152237886e-01
5.852746764613013797e-01
1.489804264985643834e-01
-2.448553654019847703e-01
-1.251655418416583121e+00
7.587950195106886175e-01
7.981822827421172772e-02
-6.290919415386067026e-01
7.120482761801874005e-01
-8.233234561826173747e-01
6.980590112960807225e-01
7.096772072902806094e-01
7.993803918976374323e-01
-1.409224696719086067e-01
4.288216227568641958e-01
-2.831008837389761279e-01
3.059456293014864992e-01
-2.904574138121698290e-01
-6.574063724371610462e-01
-2.939151816355133409e-02
1.312485718068483187e-01
-1.776153231833095258e-01
1.555982484435630420e-01
-8.821304571910050241e-01
3.068540203963286972e-01
7.953228021271180337e-01
1.071367826527884898e-01
2.094099354890076037e-01
4.947986859908209967e-01
8.281210938709021585e-02
9.928743512749741429e-01
4.047175956146604747e-01
9.039243249986381734e-01
-8.947894490764120023e-01
9.158654614467574007e-01
-1.975659608730406580e+00
-3.239501541265773499e-01
-3.139790745512026360e-02
6.165656317338557013e-01
9.134315907385938127e-01
7.654415899389584999e-01
5.082810681565060884e-01
9.973723363450615054e-01
