2.590653737476201254e-03 1.948376510695556084e-03
1.207219617931637326e-03 9.242531771526637293e-04
5.751250930864776345e-01 4.128925979057520013e-01
2.069253628753566776e-01 1.481914769104058227e-01
4.163879970368847272e-01 2.991590224626178851e-01
5.227904107440418339e-04 3.954163431536818446e-04
4.105836336850903767e-01 2.945335321741122669e-01
2.251701868060109746e-01 1.615932362076015760e-01
3.083757337767795148e-01 2.215555550983406563e-01
6.404817825273386236e-03 5.005859376480319665e-03
3.646629649512255211e-01 2.616262511348460551e-01
4.560570099109858000e-01 3.275658892147800816e-01
4.234370436946709448e-01 3.038338592149659179e-01
-0.000000000000000000e+00 -0.000000000000000000e+00
1.947088737466882158e-01 1.397470659472299925e-01
1.574947812230424737e-02 1.168603932934428671e-02
1.091194877007504727e-01 7.822436393042773994e-02
2.841880480500538209e-01 2.039324725484744638e-01
1.453471828978641078e-01 1.042293778167986823e-01
2.345295510785387338e-01 1.682497393308151068e-01
4.298191982412547518e-01 3.082801820893721900e-01
1.056318299559267371e-01 7.597742355525025082e-02
2.220758736744061768e-01 1.594430750724104007e-01
5.686987227810680161e-03 4.273572844427760142e-03
4.222863336577636906e-01 3.031099990325595295e-01
5.606807716156015919e-01 4.024885508864064487e-01
-0.000000000000000000e+00 -0.000000000000000000e+00
-0.000000000000000000e+00 -0.000000000000000000e+00
6.455577240384272053e-03 4.904525483958912732e-03
-0.000000000000000000e+00 -0.000000000000000000e+00
1.391439024067036895e-04 1.065572627645410995e-04
2.620357009966393091e-01 1.879468735187875827e-01
2.457097330051064288e-01 1.766682909492035269e-01
3.322623689279614601e-01 2.386561659936311530e-01
4.058086760179707153e-01 2.908131634333659399e-01
2.112679321956719217e-03 1.641831664572500826e-03
1.852372972548629038e-01 1.324076474837046213e-01
1.468878232401536754e-01 1.050641674057952862e-01
1.361624446955088689e-03 1.024405608888376501e-03
-0.000000000000000000e+00 -0.000000000000000000e+00
-0.000000000000000000e+00 -0.000000000000000000e+00
3.197321415857944937e-01 2.296390520138450186e-01
2.647466435868350756e-03 2.047469563797090723e-03
1.032916193204237590e-03 7.931367606446236259e-04
2.080921437268489112e-03 1.572367900524638661e-03
2.634326324757321758e-01 1.891724772604220783e-01
-0.000000000000000000e+00 -0.000000000000000000e+00
3.184591998129370893e-03 2.201746550568654988e-03
9.198041695284293580e-04 6.911045367646834843e-04
-0.000000000000000000e+00 -0.000000000000000000e+00
4.101604412368931030e-02 2.961306917920131579e-02
2.037298224956736719e-03 1.564038463477740145e-03
5.923605541545482259e-03 4.610978770500067346e-03
1.723235990795387402e-03 1.296796304908547429e-03
3.951011435275709749e-01 2.834388484844119205e-01
2.921051293359546719e-01 2.098444277639203714e-01
3.468461282394875167e-01 2.492678613745278049e-01
-0.000000000000000000e+00 -0.000000000000000000e+00
-0.000000000000000000e+00 -0.000000000000000000e+00
1.001434188913390283e-01 7.177583637432506658e-02
1.960358032946744444e-03 1.515275870837308903e-03
2.528842149602625322e-01 1.813497454113509044e-01
1.766135822894135954e-01 1.268146174289065120e-01
6.419645912368601541e-03 4.891524718896421084e-03
-0.000000000000000000e+00 -0.000000000000000000e+00
-0.000000000000000000e+00 -0.000000000000000000e+00
2.716107460733055423e-01 1.948347403451936577e-01
-0.000000000000000000e+00 -0.000000000000000000e+00
1.458765785215997146e-03 1.116669029926023069e-03
1.857876261554571584e-01 1.333948980858890576e-01
2.294863781565324445e-01 1.647863340232926521e-01
2.937981367999653037e-01 2.108239012839782378e-01
-0.000000000000000000e+00 -0.000000000000000000e+00
2.631717750107256254e-02 1.899831476654629744e-02
1.046475622023320014e-02 8.027868004759460691e-03
3.198708253598424589e-01 2.294562562785313620e-01
-0.000000000000000000e+00 -0.000000000000000000e+00
8.098991574893638079e-02 5.814251151890290070e-02
-0.000000000000000000e+00 -0.000000000000000000e+00
4.336296939319694843e-01 3.109223695970351198e-01
1.112860173916510598e-01 7.996402070344255097e-02
