1.242607121263933578e+00
2.057916003817799933e+00
2.057714519781824958e+00
2.117400404210736387e+00
1.707803491793026041e+00
2.454061844358137012e+00
3.302154227633069095e+00
1.655245122508280486e+00
-5.789073575391662230e-02
2.187224192414050972e+00
2.153426371285869223e+00
3.926051522855409925e-01
2.160732326459069430e+00
1.945043902361090149e+00
-2.197061327533399444e-01
1.517248980599434249e+00
2.684794971112921758e+00
1.887877464031454400e+00
8.778244808479037653e-01
-4.808638346210595271e-01
1.340474243884969940e+00
2.577441083641093478e+00
1.371381389980534715e+00
1.880226138332269592e+00
2.152938490735790911e+00
1.169142803841755951e+00
2.261026986841954578e+00
-4.324383406961035403e-01
7.942984430176001087e-01
1.584401160727422653e+00
8.889734983755074316e-01
4.280901909184463783e+00
9.346548836363995916e-01
1.614382240676469626e+00
2.241137327016729408e+00
1.068298572373009847e+00
1.340657054641620549e+00
-7.464622760719441530e-01
3.604371944952103224e+00
3.200490210549614467e+00
1.381471623799395365e+00
2.123608636245596148e+00
1.610690822437699898e+00
3.160138590730996011e+00
1.606948200367223967e+00
1.392746980447354677e+00
2.515343343969003165e+00
3.013396678614742363e+00
2.423357227798547953e-01
3.003326309474298572e+00
1.019600018758873627e+00
1.870008186617731605e+00
2.110895255118253822e+00
1.401802246925691664e+00
8.121173027297978742e-01
-2.081304886528383413e-01
1.245041778039362557e+00
1.443506900167408569e+00
2.369672706780835636e+00
7.414633916774421296e-01
1.205824428409929983e+00
-1.228491966772295552e+00
1.439648166648423544e+00
1.460652515864466761e+00
-1.164002092532752108e+00
9.315003366807340646e-01
1.177520111824119642e+00
1.801217282952725984e+00
2.214786539229409712e+00
2.060633509509016470e+00
1.315329546953385442e+00
2.437541433494931464e+00
9.669018521701199242e-01
1.074472415749825105e+00
1.121319410694208818e+00
-6.526978184145025841e-01
4.502019520569880418e-01
1.875141194195536931e+00
1.257557324136720611e+00
2.140680886691090024e+00
