6.657785889608213159e-01 7.862518114553682658e-01
4.762297342312608039e-01 2.211866792651100422e-01
1.369174120105392189e+00 1.123374260115184819e+00
1.119946127566978644e+00 7.981838582194733522e-01
1.026137538547212902e+00 5.105885867732204986e-01
1.135255946364278623e+00 1.273402377334697633e+00
1.242233060344040352e+00 9.541156976256395250e-01
1.444483476881438522e+00 7.857868305882149684e-01
1.239460588520170603e+00 5.872515257195921601e-01
1.033746339241385037e+00 1.294611676145923429e+00
1.331062041450725486e+00 7.447503380980151633e-01
1.272387237465396614e+00 1.101552710620130604e+00
9.554592844247593586e-01 1.679081466353468777e+00
1.075260963318186658e+00 1.127027448138448351e+00
2.559603502080031595e-02 6.835639883997273181e-01
9.608317954810045025e-01 1.489167035217828561e+00
1.385157067564430244e+00 4.659556098058337953e-02
7.974731350197833413e-01 1.502936830649950206e+00
2.937088887955319194e-01 8.450430799695416439e-01
1.101251033733005480e+00 5.824677234375374990e-01
4.743450020568089620e-01 7.126056650506426005e-01
8.190380531633456584e-03 9.521078268135720890e-01
9.263563338639416722e-01 1.419778771395619366e+00
8.335141581496735563e-02 1.714441655750354176e-01
1.174276772600887808e+00 8.632554096526143805e-01
6.012322964128327674e-02 4.555075002564668019e-01
3.481839085161758662e-01 2.010054090361511892e-01
6.865338601197497059e-01 1.484135292228277336e+00
4.112302603598336770e-01 9.080528415075387327e-01
1.145884476176244782e+00 1.162118274038277166e+00
1.098266757854567954e+00 6.622245497042870133e-01
5.995395542261109378e-01 9.079671853065389708e-01
1.766420667068429262e+00 1.227099295014889790e+00
7.715274557848044168e-01 1.094778598164258543e-01
1.145703044773523693e+00 7.874410526817272604e-01
6.206120716719047969e-01 2.441254024417291557e+00
1.313834671850151015e+00 2.293638050178124832e+00
7.161658339987724275e-01 8.811078861351914204e-01
2.379358145262567614e+00 9.509899606278311435e-01
6.455575060896302508e-01 9.130210102905739200e-01
1.410019413641265151e+00 1.005631243561746713e+00
8.379319583524039716e-01 1.503307950817448502e+00
1.447157394967968580e+00 9.298527814780881418e-01
1.286974430254579582e+00 5.659189362388441502e-01
1.557853694845947379e+00 6.435126627550512568e-01
1.383323071705743423e+00 6.628980138305929914e-01
8.784153927511686444e-01 7.043111778116361021e-01
9.672040617634256598e-01 9.089847416671633651e-01
1.546164285161969465e+00 5.533488224625874308e-01
2.581180638444891540e-01 4.547537172465176275e-02
1.888891936662879134e+00 1.080740513381398538e+00
1.589286387596121841e+00 8.538103790880670063e-01
2.154441792145474377e+00 4.927505145071743309e-01
9.258308515385876847e-01 1.056128748597841005e+00
1.653080266983494528e+00 6.153343055027475916e-01
1.120085290583974436e+00 8.412566114853022858e-01
7.312116367311594090e-01 1.933115931244667518e+00
9.039294016102376039e-01 1.142900896792923726e+00
1.054686933000375859e+00 1.096400093660311548e+00
1.652729978436118019e+00 6.076280747608108213e-01
7.026611094166621552e-01 5.026437728207199251e-01
1.004606589036461495e+00 9.025853973984848677e-01
1.008617028447898356e+00 2.892652042295080772e-01
8.014365137074751511e-01 1.008115288007751797e-01
1.213474922941133460e+00 1.398174660973492189e+00
9.188331634479538490e-01 5.501098601104816854e-01
1.079223197449141081e+00 3.221289881335462346e-01
6.083783824078659030e-01 1.252725286816769978e+00
8.918793984723768498e-01 7.325752755919608949e-01
1.032819301003835788e+00 8.932483356210170200e-01
1.702410838117830671e+00 1.446711264639895189e+00
2.054691977881212051e+00 1.335556115674480182e+00
1.088111443091155150e+00 9.825330893754864459e-01
1.250998508605386972e+00 1.197172108210150299e+00
5.870810843379070665e-01 5.625398983229955574e-01
1.122905498238025102e+00 8.077633836956014113e-01
9.470608955527153316e-01 1.422772345409517802e+00
4.897653381956622587e-01 2.319965294614958928e+00
2.853918740071255122e-01 1.316282538152086623e+00
6.162149920519165436e-01 5.449854344386484417e-01
