9.162245164858280333e-01
2.316240414671495718e-01
9.706715116948657629e-01
-3.694264207886776563e-01
-1.756211622052095134e-02
-8.788586339867087149e-01
1.159639800169367518e+00
-1.340812424908472134e-01
-6.274861609175567123e-01
1.124176364075859746e+00
4.236007329982842684e-01
1.993196528653089716e+00
9.068312210982847343e-01
-3.700642180700951522e-01
1.946382148172923765e-01
4.691050402227964905e-02
-8.681384182380269543e-01
1.383810537719157407e+00
1.186522323235401633e+00
1.271645201302565642e+00
6.976303083504913349e-01
4.897147281323505630e-01
4.286296598424594317e-01
9.356113712862368370e-01
4.488615891852854034e-02
1.979621408701828233e+00
-1.192796278865007942e+00
-2.107095888006490281e+00
-7.611191108318341447e-01
8.848608581363429093e-02
-5.771060702371508810e-01
-4.024721408600573924e-01
6.730817199748222457e-01
-7.710791417453786156e-01
1.216310680683287293e+00
-1.125635165759484968e+00
1.349424159626001263e+00
-2.170556020344573067e+00
7.299906759417158497e-01
1.499145101553132076e+00
1.461052315519304701e+00
-3.124601492694980553e-01
5.180377720196495117e-01
-8.201190769153002824e-01
-9.983942231999125561e-01
1.170443684025458841e+00
-9.213734685978044459e-01
-9.145237265120964576e-01
-1.074478228819076175e+00
7.482701742142302548e-01
-2.237650725864889889e+00
-4.363556991822689635e-01
-5.634328326999985537e-01
-5.844483955736735625e-01
-3.943957350539022966e-01
8.428246607906517696e-01
2.325349852740997147e-01
-1.786304066551951619e+00
8.049865803401319575e-02
3.122314881515377283e-01
9.154085619474783275e-02
8.527773790872693604e-01
7.204128738101279739e-01
2.961965709182232676e+00
-1.067276413409249392e+00
3.650984605925788884e-01
3.381949441469300210e-01
9.278733143292952623e-02
-1.936441760806568491e+00
1.474841994615886609e+00
-1.637024383262427163e+00
-1.285050342173339744e-01
-2.370892760225904727e-01
-1.440255507233747512e+00
1.785770106025756920e+00
4.447108206106010764e-01
-2.623513524334598834e+00
-5.272342269358789579e-01
-7.237898225470871250e-01
-9.025091154851819786e-01
-4.168737362662945922e-01
