8.569055481399331375e-01 -2.651069070692735896e-01 -4.416335687941637667e-01
-5.522919332285699534e-01 3.219641675783198598e-01 -3.488311254462258537e-01
4.638539496614191293e-01 -1.658221664638499446e-02 5.489909133650408002e-01
-3.445370539033224544e-01 -2.004388145109301800e-01 -1.210924032152465246e+00
-4.076419597753122015e-01 -1.272190309423047450e-01 4.992114509866091288e-01
-5.192291277267944150e-01 -5.082505356039297428e-01 4.274236686446274136e-02
8.404911857894750149e-01 -8.209625357932427425e-01 -8.663888653915140237e-02
3.136650161365482359e-01 -5.670137416480821591e-01 5.453050596270573799e-03
8.812328975879435422e-01 4.875902346754205086e-01 -4.811264658073997058e-01
4.912268495918698519e-01 4.246802794614627508e-01 6.880058060488020155e-02
5.424687022515936041e-01 4.081633706394156014e-01 6.702155478661693255e-01
-2.242428870369011784e-01 -9.634240549834471867e-02 -8.668576655575537249e-01
4.138220329925142993e-01 -2.267458401673165189e-02 -8.258647882858242972e-02
1.167571385764011982e+00 -1.127081540924244063e+00 -4.113105568977971638e-01
9.842423988958869385e-01 1.424493560468897524e+00 1.624312430832418608e+00
-2.883673295512105463e-03 -8.558344115451230749e-01 1.264291150527111496e+00
4.770752045030530186e-01 3.993946111197278492e-01 5.639031129759811689e-01
-3.403453847547475708e-01 -4.073456618753248382e-01 -6.778516537246156472e-03
5.238336100765897951e-01 -6.857671686923151599e-02 -3.219607207367543023e-01
7.049186285040804911e-01 -4.192410317468364678e-02 -1.420670983816655353e+00
-6.385564381314975391e-01 1.373253194607898520e-01 1.549804281008211881e-01
1.535327612119220086e+00 5.393728214501302132e-01 5.187408716767709649e-01
6.751990998106878472e-02 -1.352301005527083710e-01 8.953064687768630403e-02
1.740997428650451484e+00 1.135266428083272910e-01 -8.145046602292124183e-01
3.661937965214854263e-01 -4.265404078853280573e-02 -1.564134275737201832e-02
2.067625933691924212e-01 6.188463860967894359e-01 -2.639812693040552993e-01
6.416601813750810734e-01 3.014504342497090206e-01 -1.321089651003533871e-01
7.786446818998399300e-01 -1.412450793427944662e+00 -2.056033404659061592e+00
4.724190628660307478e-01 -2.791110467220401375e-02 7.583490619200857763e-01
-4.104848903193816234e-01 3.985303132394944492e-01 -2.982074124756382560e-01
1.776518598251660697e-01 -1.597757881569527916e+00 2.047871208755587702e+00
5.888274105376630763e-01 3.602055904501820227e-01 6.437290580857980837e-02
1.629321339879023167e+00 -1.100582602429042822e+00 1.439541624561437416e+00
-1.683757932014400716e+00 1.069038135768403119e+00 -3.197299652743771925e-01
3.264931405147369903e-01 -5.306150423811138994e-01 2.545299496181404608e-01
-8.812422573054180530e-01 -1.555272509160164685e+00 -8.474383562965324135e-01
1.358378288311400638e-02 -5.631537425265384922e-01 4.092423054866577425e-01
-4.056173954388201941e-01 8.377326744278017212e-02 -4.590639081210469707e-01
-8.069415782856370623e-02 9.138571369514468523e-02 6.575197239658369108e-01
4.999470352067569845e-01 1.649366417634110793e-01 -4.921539225921428562e-01
8.681180709715234922e-01 -9.538079838223344487e-01 1.208447556750382512e+00
1.765505069503776170e+00 1.917265567154877171e-01 1.996788941953121954e+00
1.666633396880448093e-01 6.265512670865270861e-01 -3.276017806319262982e-01
5.771663519135276088e-01 1.010761033164175038e-01 5.133131656329783521e-01
6.352832724583680202e-01 1.050683506083793317e-03 -2.751530996205799329e-01
3.388006339533813360e-01 5.427805793469515200e-05 8.456900234869555444e-01
-7.279855205303391585e-01 1.658968607694688568e-01 2.690227195122020243e-01
-1.381980491911009683e-02 2.633058718411699362e-01 1.699656171582739628e-01
-1.401909399335826034e+00 7.063319856656485873e-01 2.562961383713053265e-01
5.024975087035874477e-01 5.527307079151771996e-01 -8.444677500592953079e-01
1.760243674947551962e-01 -2.427029155333923494e-01 -1.028014263986495536e+00
-1.811745067478764681e-01 5.542727997173060861e-02 7.534606013325751972e-01
4.250356723444856932e-01 1.005260582361677590e+00 2.151079842354640448e+00
-1.622976803068296725e+00 -9.722897974680374533e-01 2.302257864203358650e+00
2.871635656432249273e-01 -8.382061509858759196e-01 -1.692111360971209899e-01
-3.709005987596404874e-01 2.684533003735011247e-01 -5.267636568529325825e-01
9.135914435267161737e-01 -5.089294739812514345e-01 -1.528843873019773980e-01
-4.223595938757117585e-01 2.274043642100745388e-01 -5.818208645887542607e-01
-3.754644377696876312e-01 -9.134901752268701491e-01 1.302702763256193275e-01
-4.608246988878619832e-02 -1.564209708373151819e-01 -1.766906600592598256e-02
-5.280216026680074615e-01 -3.479832429773579983e-01 6.795883661094880290e-01
-2.952787244418997314e-01 -7.699464461976704976e-01 2.593918635045119103e+00
-4.747353321589541375e-01 -9.049776584649778070e-04 3.124702323920835467e-01
8.808262409628534462e-01 -1.920917098715667626e+00 1.092540285970594161e+00
-7.090566093442075835e-02 9.471553680980314693e-01 1.078160666529410366e-01
-1.034459711648900160e-01 -1.584195278998446754e-01 -2.511470570512887995e-02
9.340998631082996218e-01 2.305061163747091357e-01 4.808867347192617436e-01
-2.027416817181855180e-01 -1.461437796279811963e+00 -8.122139749248361573e-01
1.673778519414502730e-01 1.509067737237937967e-01 1.813710755994932255e-01
7.137397411855894713e-01 4.208105795675933236e-01 5.659916599521480629e-01
-7.376244263572652171e-01 4.916353522005524890e-01 3.096160912296793133e-01
2.851183312305560213e-01 8.849703518244150802e-01 2.362322163437226286e-01
4.607487627539363362e-01 -2.217070428471233701e+00 1.339177247942329174e+00
-1.813113015054697907e+00 -5.091576915761057975e-01 1.381322240347780506e+00
-4.360521286757530479e-01 -8.948476075550110265e-02 6.145769181086291333e-01
-3.398107969638527459e-01 -9.298384393812746396e-01 -4.408869957240010851e-01
2.730219166519082807e-01 -1.235926122175047048e+00 -8.482715348792362331e-01
9.396648318178869863e-02 1.798833135033498232e-01 -1.963082376797540551e-01
4.911049747236750918e-01 1.335476400420609333e-01 -9.899969561054706990e-02
1.080544366579539339e+00 1.059485220856057480e-01 6.449317359177934028e-01
2.908323852051150626e-01 -5.326421394515584717e-01 -3.108643970138566526e-01
-8.557302345368592023e-02 5.436464356689164612e-01 8.706866305875005096e-01
2.020154664367015407e+00 -3.185942489170199843e-01 1.851896495500710282e-01
-1.816686663067164753e+00 3.107534636369504444e-01 1.540142706790162741e+00
-4.696806378796542503e-01 2.657535347070875686e-01 -1.653924640786246791e-01
2.040104709064217703e-01 8.173750176899627351e-02 1.463367294001252983e+00
2.660360297162999155e-01 -8.512460546262803351e-01 1.206050413520195930e+00
1.149202209403149100e+00 -6.305515087691473397e-01 1.098959028001792460e+00
1.007098769616843054e-01 -4.680877975709326067e-01 4.602437988126955593e-01
1.388672727683244679e+00 -1.516091960066707323e+00 5.195909484785581345e-01
1.064725180695983431e+00 -6.924050467246770646e-01 -6.730797542200590844e-02
-8.875525795113232627e-03 -3.715775442167695147e-02 1.006850052926529626e+00
7.903719331309628782e-01 -4.309667334247518355e-01 -5.363884195070465211e-01
3.870724116469533294e-01 -5.878785018558626563e-01 2.478253175148611639e-02
-1.643193688721555357e-01 5.215115989138939812e-01 -2.438066682391371726e-02
8.875690123199315995e-02 -1.077941395991556389e-01 6.767308498840872433e-02
-4.989653452619904894e-01 -1.783287344392805729e-01 -4.595040996109944209e-01
6.522868135323117711e-02 -1.662921335323341410e+00 1.183502674218029904e+00
-1.983976562442549829e+00 -2.869215545263212874e-01 7.452407133217026081e-01
1.498059755992866837e-01 6.753525743319231944e-01 2.582465386913478156e+00
-5.577113794729501306e-01 4.233991951934690801e-01 -5.534384698212093667e-01
1.860960752341127011e-01 -1.276249895942696666e+00 -9.502378769803776493e-02
1.634283595114229826e+00 2.426639851360682942e-01 -2.205173689308453255e+00
3.316546613883945560e-01 2.007454413880922078e-02 -4.823314769218705611e-01
1.725555732121099917e+00 -6.519849682371801070e-01 -2.725105233852432307e-01
-4.199947783836301962e-01 -4.938156237939281823e-01 3.540269279844762140e-01
8.835037094242714772e-01 -6.952748695445937210e-01 -8.687503008036184804e-02
2.383087648975841522e-01 -1.160780407725081176e+00 5.810814051418986548e-01
2.205670344582422171e-01 -5.032471431282160568e-01 8.104067245625801164e-02
-1.381203239870965049e-01 5.819502248000643641e-02 -2.998251232892438778e-01
-1.525124923748007733e-01 3.977958948801928463e-01 -6.525980581063495212e-01
6.851395019644265227e-01 -1.066936554737210052e+00 8.570724655086475741e-01
-3.588759914349043401e-01 9.079206375481570224e-02 -5.631878970621028158e-01
6.712913215636593378e-01 -7.267846107761816166e-01 -6.889742787608247321e-01
-1.922264634855926080e-01 2.825665059230121900e-01 7.708871127394768541e-01
7.118441616285162699e-01 3.180797725035745815e-02 -1.212928715962847265e-01
5.437843131825328413e-01 -7.735976442765412076e-01 -2.474209175271899763e-01
-1.232849913627981769e-01 3.370267431680757375e-01 -5.852571726694383303e-01
-4.218899589329276889e-01 3.332626599033550741e-01 -2.744366305577462528e-01
5.948196265235455166e-02 -7.389703423888696054e-01 5.330233345197412653e-01
6.393505828260660495e-01 3.258137473407042850e-01 -5.948142870661518034e-01
8.763670568514803083e-01 4.983959348251782440e-01 1.669098603818472526e+00
4.642084478843717110e-01 1.744971938308833570e+00 1.848816159135864945e+00
-5.446099118035993003e-01 8.574628557455798994e-01 1.791859085918405148e+00
-4.303612061979990022e-01 6.070924677017537352e-01 9.177979601595225023e-02
2.216144589839752488e-01 3.021740719495479358e-02 -7.566193420918210233e-02
1.604093095729409946e+00 -5.913776113535119672e-01 5.179889214683780496e-01
3.336196587485425191e-02 -6.689333954237022262e-01 1.019563175223318768e-01
1.386015486909663252e+00 -8.012226998274444290e-01 4.195570908811782629e-01
-7.276764479337413660e-02 2.180304294001139398e-01 -1.516795864635323565e-01
1.258110242396032197e-01 3.944732575545181058e-02 5.579843191231534383e-02
-5.968500679718542062e-02 -7.839440471829335622e-02 2.910726935296213957e-01
9.979889576296385734e-01 -2.951255398719121806e-03 -3.902798831316475758e-01
-2.030482619309711967e-01 -8.262901310016007583e-01 -1.480615888432831539e+00
3.640861266456301149e-01 3.167192419784530255e-01 4.961294653740551674e-01
5.366782391089558457e-02 5.606913838240798476e-02 -1.504303592964977704e-02
-2.559731151912403302e-01 -4.491904780923725582e-01 3.161859978732108889e-01
-1.542197895692689391e+00 5.817194956011560725e-02 1.076105795391363751e+00
1.012503124616573436e+00 -9.887338495076153366e-02 2.050746539068632746e-01
6.526087148957739892e-01 1.045895152927935612e-01 2.814500365563681328e-01
-3.440497447713098400e-01 -3.291479843504137581e-01 4.236761081852182809e-01
1.153736690529697240e-01 1.590475148048248466e-01 4.683453342008577214e-01
-3.942034959094370961e-01 -1.241735735706588351e+00 2.522498466488818814e+00
-5.505026138994861817e-01 -5.504694582601074027e-01 -3.019945300838237645e-01
1.675357279020420198e-01 -2.065570530185759646e-01 -1.896448121521796676e-02
-5.218955585458516788e-01 -1.242838808129157036e+00 -5.785858451384197076e-01
-1.147706379907428298e-01 -7.125673937883958420e-01 -1.382472760918979082e-01
5.418205549266620347e-01 5.567509565341862560e-02 6.145260535346031006e-01
1.165106268372259946e+00 1.247519296029717450e+00 -2.760354390754261589e-01
-4.074359199706639179e-01 8.731806975281487526e-01 -3.181832485342770966e-01
1.261288790902831414e-01 -7.096964864975704446e-01 -8.654771738362081468e-01
-1.209995269996626821e-01 -3.770946500721510386e-01 5.345667609300317480e-01
-6.025593658366880101e-01 4.415534330648302475e-01 9.133969602813718502e-01
3.129594098159151350e-01 -5.522588660712983710e-01 -2.587550043876603034e-01
-2.195174932346190266e-01 -3.233558604208199849e-01 -1.687538416505090233e-01
1.030014729039061994e+00 -6.821971549810569302e-01 6.159674206579029976e-01
-6.812768339301645826e-01 9.585496757262050582e-02 -4.651469241048890313e-02
-4.334296232753297451e-01 -9.803043387334048342e-02 3.572231310962265538e-01
-1.346431505601720369e-01 1.575217946603385821e-01 1.970270264072140620e-01
2.034329923699735865e+00 8.222745661507663284e-01 -9.312754950438566492e-01
-4.504518084583187566e-03 -7.326782126691533392e-01 7.108817192631092796e-01
3.428136659969006073e-01 -5.303937336113523360e-01 -8.733071102687994802e-01
-2.443015780714194174e-01 3.843507993050928606e-01 1.117905736516588311e+00
-2.531753233390696689e-01 -4.096170301105152289e-02 6.195758614782377327e-01
-3.529136632233574877e-01 -3.047710157829841560e-01 -5.161859429242143804e-01
2.256692690765997877e-01 -2.943508267394207012e-01 5.840022545483578575e-01
5.235058599082962338e-01 -3.883516884455274765e-01 -6.318573850830562222e-01
-3.100583474129082195e-01 -3.366020683161334404e+00 -6.135562204577011541e-02
1.901493656737305860e-01 -1.980825545686326350e-01 2.093682274307369362e-01
-9.332733385932860930e-04 -5.468375714589320813e-01 -3.912175130926427991e-01
7.241673231534937472e-01 -5.450400498321011922e-01 7.049297550814846991e-01
2.941913210902289411e-01 -2.251232374543010728e+00 9.164686519022300359e-01
1.904167484117915976e-01 6.577057516117293945e-01 7.230393000838021278e-01
4.084454283651959838e-01 1.770405053046510691e-01 5.582616830646818240e-01
2.908050228566687601e-01 7.560483122005724477e-01 9.949502203089892471e-02
-2.796907581086512801e-02 -7.036608114554294621e-03 2.591773555845197294e-02
-1.150108878567053461e+00 3.118448469609816365e-01 1.084117093653579778e+00
