8.570373013590838474e-01 1.130717094748173945e+00 3.235776494420858906e-01
6.270913906743578181e-01 7.141753976518349090e-01 1.798924208929046253e+00
8.661106281574411092e-01 8.552516467063132621e-01 5.335577901990997685e-01
1.442441117471312317e+00 8.567452459627228345e-02 6.180905725818645058e-01
2.187235386087860611e+00 1.499038565368307374e+00 2.028019575588739354e+00
1.231949539626190582e+00 3.491883616213811159e-01 2.860327357342333787e-01
2.748483836238841405e-01 7.013234757077986548e-02 1.293590975826129474e+00
-0.000000000000000000e+00 6.441962357956885210e-01 9.983214275123414305e-01
2.227244110794307730e+00 -0.000000000000000000e+00 9.609415991861305351e-01
1.749702517831428494e+00 2.284147181888413446e-03 8.620002881718439314e-01
1.898643286419056109e+00 7.025298369278779598e-01 9.295673172853687882e-01
3.053741715172602570e-03 1.179167510559852694e+00 1.007933036490132883e+00
4.264329029483436713e-04 1.403251245067932862e+00 3.136855098132741108e-03
1.555775018326654296e-02 8.969636348994830533e-01 1.094338578251801558e-01
2.395593315327566142e+00 1.165796970022255907e+00 3.427646509718083601e-01
-0.000000000000000000e+00 1.007565854936538274e+00 1.241750766258066657e-01
7.647379888889843658e-01 -0.000000000000000000e+00 8.100152029877407678e-01
1.657896886368462608e-01 4.905876750047989850e-03 6.517023171436202578e-01
8.709754554365572998e-01 3.351260202571280933e-03 1.048910632681838262e+00
1.118513372239581916e+00 2.503150608398846622e+00 5.295509085975616537e-02
1.266905838215703385e-02 3.644588712909539452e-01 8.696733172303221515e-01
3.945535472644394748e-01 8.702997763592044134e-01 1.276443638977912798e+00
6.801909845077772632e-01 5.350194651897984821e-01 2.758490571480332054e+00
3.097220545365723110e-01 1.449070019338895454e+00 -0.000000000000000000e+00
1.505925947648937557e-01 2.054157321959381388e+00 2.902593300039395974e+00
1.048216086004266856e+00 1.736563501752250493e+00 9.727064338472337941e-04
4.215150088863852014e-03 1.836212359101602853e+00 5.650512452301582611e-01
1.511625465524911727e+00 -0.000000000000000000e+00 6.596303783765750106e-01
5.306900476018560076e-01 5.925708505445463903e-01 1.003965162092562258e+00
1.533021474154763475e-01 5.856517687057339293e-03 7.670358123063486001e-03
1.304474257459426467e-01 1.627699434905667486e+00 2.291284367672431710e+00
7.670664343579239874e-01 1.514538366567796501e+00 3.783338062747929609e-01
1.117737825542044261e+00 2.351431174997817633e-02 3.218508429921609348e+00
2.819210889589152669e-01 5.842449767197931410e-01 1.491754202702808785e+00
3.150141727013565200e-03 4.711739772494926912e-03 2.344573679387484066e+00
8.364843353181576902e-01 1.968480656029501508e-01 1.626369425561668525e+00
1.347613826880263099e+00 1.226114499674858305e+00 2.655894654420072887e-01
7.588261707376472431e-01 6.700333120353018090e-01 7.984329083938056237e-03
1.974211302784928845e+00 2.625728229089758226e-01 3.922698145751590260e-01
1.052798922322141006e+00 1.133749611121487831e-02 1.308418559717366092e+00
-0.000000000000000000e+00 6.051707093965882737e-03 8.644365405634418797e-01
1.283332275277232037e+00 3.453896047137395287e-01 -0.000000000000000000e+00
2.727803046093644213e-01 1.518276269654242450e+00 3.031607494414467665e-03
6.662628311221413524e-03 1.055700798772489790e+00 -0.000000000000000000e+00
1.159903197297254204e-02 2.310538617857207672e-03 8.905711372409528745e-03
-0.000000000000000000e+00 3.393075790169896577e-01 1.619722421395571210e+00
6.243640424600773731e-01 1.133215093351021219e+00 5.632879205954424151e-01
1.416012671157211411e+00 3.091423100450902545e-02 1.489249970962936986e+00
1.540691729053197782e-02 1.222337210688119180e+00 1.469153274101711038e+00
5.232554111871121627e-01 7.330091924160198058e-01 7.242978216475467468e-01
2.120381526410572537e+00 9.765032223656046062e-01 9.470465501564829802e-01
3.666697268328119597e-01 1.127389514220153321e+00 2.524339844025661004e-03
4.047898701028577496e-03 5.295120909998282110e-01 1.531252706674568032e+00
1.068501746885253123e+00 3.981965068128962004e-01 9.493599830796604078e-01
1.543080125540540637e+00 6.303403735109349704e-01 -0.000000000000000000e+00
3.962539549040825122e-04 1.485131568668458968e+00 1.207007900593244365e+00
5.356692093382713349e-01 2.248390832812364459e-01 4.378827000208418974e-01
1.105901718468318640e+00 1.395348628858079199e+00 1.020174633209369297e+00
9.514501745760355345e-01 5.926541617046434673e-01 9.185330234426627646e-03
-0.000000000000000000e+00 -0.000000000000000000e+00 3.172778737464725385e-01
9.557855759666785689e-01 1.488040989000198211e+00 5.735855278848194239e-01
1.577851986142029039e+00 -0.000000000000000000e+00 8.490919700114073487e-01
1.337232214817684506e+00 1.071431985822641320e+00 9.347267493829636287e-01
9.552462902974325765e-01 9.009072924213057387e-01 1.393754857326250964e-02
1.195111010627757597e+00 1.761788833964817169e-01 -0.000000000000000000e+00
4.517293789795920637e-04 5.585398469002864630e-01 1.810878780622721340e+00
1.019855811222298403e+00 2.135528638960447534e+00 1.014518360534008741e-02
3.197787635847135906e-02 1.130332390875552484e+00 1.564106917679090492e+00
7.565078121527930577e-01 1.924745681684254084e+00 4.040998699872253574e-01
7.288652935259595962e-03 1.371910745276733401e+00 1.172922175343148687e+00
1.224511428776312805e+00 2.503734003273709076e-03 1.024548811930505066e+00
2.217182474591553820e+00 2.005537361184442702e+00 2.830619250053804326e+00
5.778503188831325410e-01 7.626581317832404894e-01 1.582727646211046890e+00
1.587636565788801191e+00 7.080860217765203024e-02 -0.000000000000000000e+00
4.556824473495458827e-01 8.061455438363002157e-01 8.168450934780138173e-01
-0.000000000000000000e+00 5.544136875216927433e-03 1.164427467958490281e+00
1.400471257884698062e+00 4.195342406352359221e-03 6.300613361713489936e-03
1.189025252109692232e+00 8.116364008513097250e-01 5.659686566478813186e-01
6.539358223719154983e-01 7.755067887468392041e-01 8.462189244891457074e-01
5.438992700467244062e-02 6.862922918012659412e-01 8.601434993743661828e-02
