-1.476396807399535382e-01
-3.610106684703795477e-01
4.145429094158758349e-02
-2.898888164167804371e-01
4.278736037343878751e-01
8.244722543119564762e-01
1.019131796116525823e+00
-5.528049812037605371e-01
-1.229298781857263378e+00
7.700101352192776361e-01
4.303370931280375289e-01
9.296699715512786177e-01
-2.566637184287303697e-01
-5.633851449775270082e-01
-7.216701301018114689e-01
-1.543006100395211688e-01
-3.277561926042781293e-01
-1.136058097109488157e-01
2.569617850857315311e-01
-6.928785307283785722e-01
-7.069222628918209184e-01
4.624622212665595589e-01
1.381371247896574506e-01
-5.110244332593195937e-02
3.247109306831372777e-01
-5.661282161204809205e-01
1.712376306509275192e+00
-3.988497979684292871e-01
-1.102048289451937335e-01
-1.046586241363469116e-01
3.539133012063269690e-01
6.542765779399051240e-01
-2.412126780911694746e-01
3.005660377450821152e-01
8.368575920226389853e-01
-9.599489707782442593e-01
-1.037334830413261383e-01
7.218911649305573830e-01
1.295076232022149276e-01
6.679916429646335363e-01
1.179903805015709795e+00
1.292951035571012319e+00
9.458183529236656728e-01
2.907998587684487712e-01
-4.474889053469148503e-03
-7.328912445106780527e-02
-5.725299308565056089e-01
-4.797595587736184775e-01
-7.416522311686779556e-01
1.771627880880111972e-01
2.535312430660462413e-01
1.217091472524321205e-01
-6.074243591501780198e-02
2.958872367892182841e-03
-1.273349075191870128e+00
-4.816127209059775094e-01
-1.422087209849215717e-01
7.735447318069439693e-02
4.497721202785067152e-01
-2.984343942008348405e-01
-1.543171715235681918e-01
-1.058116495394200440e-01
1.681621198914718396e-01
4.363997564074800772e-01
7.479538646241362665e-02
-4.938220415088939164e-01
2.875098581366061223e-01
-7.778281848649433450e-02
-3.373445780461675758e-01
-2.413127248772405642e-01
4.797126759218657555e-02
8.150189989391413148e-01
-9.138872251497139887e-01
5.099798655097355082e-01
1.272400162608963107e-03
-9.140399480335827942e-01
-2.967217789464797750e-01
7.246234523736037880e-02
7.695582091331633345e-02
2.215553952422977257e-01
