1.808045276853135208e+00
3.567827425459852542e+00
2.317962876919539283e+00
3.070087051707051096e+00
1.437758764021746627e+00
2.489162794262884670e+00
2.313217638454951874e+00
3.306437766735223605e+00
3.591573724369297338e+00
2.010516980434556622e+00
3.017549362049765094e+00
2.702057375374333770e+00
2.356717433905367809e+00
2.740545007018297952e+00
2.127446467371689742e+00
1.903292054462973670e+00
1.991931592154099873e+00
3.258051546526327336e+00
2.917086020140447822e+00
2.803521104191743163e+00
2.009686053641781545e+00
3.424260466836627881e+00
3.633393835608925482e+00
3.697807828464736879e+00
2.475858600407595755e+00
2.930497180043851735e+00
1.864915220444862909e+00
2.026533674857074807e+00
2.235473936421845220e+00
1.946436660399030849e+00
1.355366674146307293e+00
1.961289875492195023e+00
2.958111512087227446e+00
2.769175053416998544e+00
2.512278251456890210e+00
1.773258679420367523e+00
2.881338992010114008e+00
2.087077164205981994e+00
2.233234578227190514e+00
1.533838460063973619e+00
2.218784327434536685e+00
2.561405751041445189e+00
1.202913892317232669e+00
1.670635972499666444e+00
1.941375103513312217e+00
3.481716168540645473e+00
3.750392956372673670e+00
2.147143357178841416e+00
3.447661834294841299e+00
2.118927452925351673e+00
3.833077904668181990e+00
2.990598919025010627e+00
2.393537695753168215e+00
2.957950776436886198e+00
3.495958418594949713e+00
2.756928415859064341e+00
1.572740566604655887e+00
3.006624394793081301e+00
1.505206671408809038e+00
1.926574250303074498e+00
2.712351157001074320e+00
2.146635259313545596e+00
3.370196370958096654e+00
2.785781668575216141e+00
3.280901452725120127e+00
3.654051003553790533e+00
2.761427500576822958e+00
2.134219340224558614e+00
2.480703481049248094e+00
2.709884848233546695e+00
2.314791714278528811e+00
1.327008487771953904e+00
1.626328001397026046e+00
2.499575189622696758e+00
2.706034768730030571e+00
2.401263544576731412e+00
3.288457142597421168e+00
2.012652354616195627e+00
3.151905169939098528e+00
