1.729345823320300179e-01
-1.647874586106468975e+00
-7.016963709297889540e-02
2.987215584685346315e+00
-8.280052126330111895e-01
1.282808094549669375e+00
1.170931368182412502e+00
-7.661298527286609927e-02
-1.225153852327143911e+00
-4.362736864259245118e-01
-4.300093741986811824e-01
-9.877032230073099495e-01
-1.039089743744527006e+00
4.984287393064830429e-02
-3.688990289976583070e-01
6.688116854545961276e-01
1.044998897520724307e-01
-6.163739499564394597e-01
1.166382401239173028e+00
-9.298095630620990815e-02
-1.248626824323344042e+00
-6.365274069442162785e-01
-1.987607827171117059e+00
2.254660499900053239e+00
6.584417338691653798e-01
7.431492285353610283e-01
3.591720440682801274e-01
-7.269684106126225176e-01
-8.539520642980847898e-01
1.546568238741026224e+00
-1.123123713929411682e+00
1.184577219906043588e+00
-1.636155135749489897e+00
1.402657398071004646e+00
5.466056102429134311e-01
-1.064865808447472695e+00
9.550550876080211582e-01
7.874317081672235208e-01
-5.493024363040428515e-01
1.019770862348665208e+00
6.676017021614186753e-01
-8.955702416175788383e-02
5.368435358307722671e-01
2.676468305424181335e-02
1.576169002178118950e+00
-1.166435806468168135e+00
-2.135359960069408147e-01
-3.121736264808799843e-02
7.847406048412461921e-01
-1.518934193330121252e+00
1.085397961045267534e+00
-2.471435484810791117e+00
4.636913082098251260e-02
1.231019246615318474e+00
-1.217941805311274273e+00
7.402705845360486592e-01
-6.404853873210740733e-01
1.080248561435529081e-01
-1.316687854136657565e+00
-6.956195507898090824e-01
-1.595715810980097571e-01
-6.658202706576142604e-02
-5.761289788107076815e-01
2.277718136802856994e-02
-3.526955042204468760e-01
1.238883636505323099e-01
