1.228506886551184119e+00
9.545220067717418155e-01
-2.453140841833797159e-01
-7.806603035378968380e-01
8.187667306416420709e-01
-4.915927432727439372e-01
-1.783943407165023420e-01
-1.350797242560267897e+00
-5.653192849670785058e-01
-8.563274928664085239e-01
3.134785666444701024e-01
2.212647235988468852e-01
-8.075227344012028130e-01
-1.388205857472974147e-01
7.392374612311373161e-01
8.893560431882668871e-01
5.119294733685542109e-01
-6.935065336564215643e-01
6.628645974430248389e-01
4.152744530914987409e-01
9.063779560619283915e-01
-1.687145958084566244e+00
-9.145476934996700225e-01
9.487715063108633773e-01
4.449489487190361192e-01
9.360892001870129153e-01
8.331239531507051987e-01
-8.273180137087592367e-01
-9.548025471710640255e-02
-3.749770765168181641e-01
-9.674065216586783533e-01
-1.531998789917552894e+00
2.940513894236294612e-01
1.063978179741673857e+00
-3.259228128360080468e-01
-6.316399350824855041e-01
-8.468435497750083085e-01
3.087143431512425207e-01
-4.040436840278358588e-01
4.111046810999171019e-01
1.198016976760589575e-01
-6.176417867468636524e-01
-6.916681382360192476e-01
1.242292969651477064e+00
1.017515978260744303e-01
5.136359719486338626e-01
8.853895776777666038e-01
-8.351536953790618389e-02
1.816275766084456400e-01
8.061029765531895208e-01
-2.427375484916277915e-01
1.265552155458815331e-01
-1.569548456353525578e+00
7.453485297615057570e-02
-3.296569471845267607e-01
-1.588040259263731491e+00
-2.726534202187638756e-01
3.314398158174224340e-01
6.584461238603502853e-01
3.707317774687786116e-01
-3.749515534733591782e-01
3.194056110529277515e-01
7.094677910048919900e-01
9.005829724012808235e-01
-5.423397255073628687e-01
8.749828487624180529e-01
3.483560869361284618e-01
-1.835137005098118612e-01
4.560222616793759287e-01
-4.114667588144423904e-01
1.002576414781651895e-02
-3.008178268589820070e-01
-1.259509892834415279e+00
-4.339343769604175338e-01
1.249599573931671204e+00
2.124146972912291376e-02
-6.613259987022954700e-01
-6.483776092417007364e-01
9.478469556553648090e-01
3.853697285804087436e-01
