-0.000000000000000000e+00 2.023234883637631543e-01
2.790273394429779868e-03 4.349648038561441110e-01
3.091488286529478491e-01 1.102335954910361798e-03
-0.000000000000000000e+00 6.657637975695052113e-01
6.857740585992552207e-01 1.423939023232500059e-03
2.500406819865754436e-03 2.939094817237379500e-03
3.115198425413850318e-04 1.515404880133752463e-01
1.067723667172669130e-03 1.297116057642774736e-03
-0.000000000000000000e+00 1.625213418362879969e-01
1.091531897663576278e-01 1.587239551053279451e-03
6.717504408028316387e-01 9.955255791538307215e-04
6.388187428413635294e-01 -0.000000000000000000e+00
2.262149371731636983e-03 5.017372844672247645e-01
4.983099184571757045e-01 3.207184775388000628e-04
1.240500071812621410e-02 2.202470209264380339e-03
5.781353045287160874e-01 -0.000000000000000000e+00
-0.000000000000000000e+00 6.932554757709782564e-03
2.247758360968195746e-03 2.005179633813399670e-02
-0.000000000000000000e+00 1.216448598482240294e-03
1.597899381409904618e-01 1.009437021232369776e-03
6.376356002581127225e-01 7.568106741612466975e-04
-0.000000000000000000e+00 2.792321338015327781e-01
-0.000000000000000000e+00 5.946537125596428226e-03
-0.000000000000000000e+00 4.442498048708979352e-01
3.970438245357779117e-01 -0.000000000000000000e+00
5.604623876584255981e-01 -0.000000000000000000e+00
-0.000000000000000000e+00 4.339377070692464478e-01
-0.000000000000000000e+00 3.030364978130877796e-01
6.414969586560748116e-01 -0.000000000000000000e+00
-0.000000000000000000e+00 4.002736831780921434e-01
4.297633486405657011e-01 1.082717624282690180e-04
2.677239368720832173e-03 3.443502756554417954e-01
1.188677696100547479e-02 -0.000000000000000000e+00
-0.000000000000000000e+00 1.313816765229415193e-02
6.473633888612780884e-01 -0.000000000000000000e+00
2.901716636425907565e-03 3.270951165294159746e-01
-0.000000000000000000e+00 8.048822894691616547e-02
1.896211901217955895e-02 3.584344243886465001e-03
-0.000000000000000000e+00 5.078746149534694165e-01
5.499937019157386496e-03 2.921956162483477226e-01
-0.000000000000000000e+00 5.593873045045880676e-01
8.577327122955041155e-03 1.808602771535079007e-02
6.428809744064795106e-01 -0.000000000000000000e+00
3.987718054775419296e-01 6.632661039683719183e-04
-0.000000000000000000e+00 3.100875531892025583e-01
-0.000000000000000000e+00 5.918874715973063694e-01
1.128966859111782709e-03 1.146730374792482299e-01
-0.000000000000000000e+00 1.669196121136289901e-01
5.438095966313835627e-02 3.590036317583343312e-03
1.970974477973840532e-03 1.317358638837238527e-01
5.406219439381820943e-04 1.672704075959559333e-01
4.942161977727529409e-01 -0.000000000000000000e+00
5.259413970919270438e-03 4.046685818819293679e-04
6.285766437785958449e-03 4.668312253730245130e-03
4.178395798384784178e-03 5.780556518368992064e-02
5.792876563462018291e-01 5.489889125095021331e-04
1.641243465091291780e-03 6.186869498525801592e-03
-0.000000000000000000e+00 2.317132311587895288e-01
3.894440357785566853e-01 -0.000000000000000000e+00
5.453888615668187057e-03 -0.000000000000000000e+00
5.837338951935739928e-01 4.656428492562554870e-04
6.643570587107227032e-01 4.122476681369753940e-03
6.217270280914779512e-01 8.202343966886498588e-06
-0.000000000000000000e+00 1.610035032488103535e-01
-0.000000000000000000e+00 1.165129173095170566e-03
1.247666227293004436e-02 3.061194074962783097e-03
6.865563234459463038e-01 -0.000000000000000000e+00
-0.000000000000000000e+00 4.464335872332509877e-03
1.947623691751920183e-01 1.091924298001551059e-02
2.165609854656337097e-01 4.368829246478701106e-02
-0.000000000000000000e+00 1.709936400114074953e-02
5.319028969901395953e-01 -0.000000000000000000e+00
8.628953526074031530e-03 -0.000000000000000000e+00
1.236030194992388115e-01 8.848405495773117380e-04
2.976047392737796726e-01 2.809329794395109756e-03
-0.000000000000000000e+00 2.381650458625066483e-02
5.893450866295710244e-03 -0.000000000000000000e+00
-0.000000000000000000e+00 3.474922601777626907e-01
3.235446483952617025e-01 1.883157650288398970e-03
-0.000000000000000000e+00 1.451488508049974258e-01
5.635943027632541735e-01 1.100601910997344064e-03
