1.927842491456931429e-01
-1.546232539656096083e-01
2.259033723417021911e+00
-1.332745574494353491e+00
3.879930736865975227e+00
1.084205821861242480e+00
3.285099671098821172e-01
3.771323763985758859e-01
-7.692277709700473531e-02
1.655223018854629524e+00
3.652328708855956396e+00
4.001811663875618486e+00
-5.835542571026407499e-01
3.215601603991608659e+00
6.058416776146348104e-01
3.477794589053163854e+00
5.879843833908775519e-01
3.840350562496369080e-01
1.037054120247373978e+00
1.524218934930205771e+00
3.725091529503121279e+00
-2.394794716866999185e-01
8.587187290371742776e-01
-6.434784377702704727e-01
2.353947793953341083e+00
3.124169034156466296e+00
1.156950412995536720e-01
-1.059502973142225843e-02
3.680182657713711336e+00
-2.209945626180732647e-01
2.964864089486702881e+00
3.599162984650611796e-01
1.279877527398721515e+00
5.274771472325032740e-01
3.693110245781216605e+00
5.644152714084419431e-01
5.078137539287392865e-01
1.471977763959727348e+00
-9.218878076263901100e-01
3.265809487565585201e-01
-1.092151232091649549e+00
7.692545968975954551e-01
4.346444208984331148e+00
3.376298690524318857e+00
-3.162468470229215511e-01
-9.958705689249256476e-01
9.854800443908846852e-02
5.309969388495366927e-01
1.459997620123544060e+00
7.316904557148325994e-01
5.686011125607499661e-01
3.553550170163890520e+00
1.390650208704057089e+00
8.637704621154533857e-01
5.128464937303782722e-01
3.877153397345975971e+00
8.515058054455330039e-01
-2.289867333885413359e-02
2.848380856718856435e+00
1.261978887291669071e+00
4.297669195629620909e+00
4.133474464249088598e+00
3.961218538200238282e+00
2.246832047464592530e-01
7.534079807738707224e-01
1.275662297185542915e+00
3.972445921098872734e+00
1.429642199843092154e+00
1.796864944296710842e+00
1.796453574261961394e+00
4.747961749152628808e-01
3.740413723605636065e+00
1.303754092675387666e+00
1.340075256067386755e+00
2.727617211948136777e+00
6.346873385154829794e-01
9.425480810747363103e-01
-4.597811570221951305e-01
2.393035013744927664e+00
5.766064548745216678e-01
3.395068889873055440e+00
