9.140639820166361895e-01
3.455953497534038465e+00
2.887569346115314683e+00
-4.035567910958737792e-01
2.653706321100519183e+00
6.018538917486920603e+00
-3.285794357853816794e-01
2.440467778923194331e+00
1.625229299453297971e+00
-3.938440739101782273e-01
2.970500971616635066e+00
5.947186563030633977e+00
2.274487854821590105e+00
5.541824235617985650e+00
5.845419326219045697e-01
4.448567396213079839e+00
2.062398414351358955e+00
3.383173319176139282e-01
2.644759482707313314e+00
1.107432215623379790e+00
2.511137830950244343e+00
2.901434442425863125e+00
2.733771582426816948e+00
2.241749603903219867e+00
2.854834794772802553e+00
2.547478378976558933e+00
2.490653311501269229e+00
4.963623736277122056e+00
4.345607110615052449e+00
2.012894190234665315e-01
3.027087832352822083e+00
2.756283546790397221e+00
2.779666843971494217e+00
2.664387959498792924e+00
3.377888290162108564e+00
2.906369237202748756e+00
5.766235268338268050e+00
6.096465088810871791e+00
3.842408712854528119e+00
3.756440671909383688e+00
-2.979522644288148392e-01
5.584838199020882854e+00
-2.373039842054774640e-01
2.214433658339961752e+00
4.473734377195692224e-01
1.058696192598338914e+00
9.256858218055334930e-01
4.866443418241107821e+00
5.572628909475658254e+00
5.778671277220900571e+00
1.241736815376784264e+00
-1.624668769219258235e-01
2.577281150078503669e-01
1.122766197761310591e+00
4.267935642125127771e+00
2.443699033958068423e+00
-5.081936108185825668e-02
2.434984860018896580e+00
1.273703442936050090e+00
2.884112201167096323e+00
1.661677280361814724e+00
-3.361554735563320739e-01
4.514527972311868642e-01
2.234824371482914795e+00
-2.217361239264382444e+00
2.339968687633904310e+00
1.969779492429069023e+00
4.068546830016012805e+00
2.094277930814675504e+00
5.985893085539594871e+00
2.455990127533122180e+00
2.948687431157977379e+00
3.086616494507891773e+00
9.639088033419329626e-01
1.495547770341760341e+00
3.386187645397209067e+00
8.072596613839054802e-01
1.911154526435144829e+00
1.984995693198071676e+00
3.260118232394213944e+00
2.992844170091739642e+00
1.267475458805300770e+00
2.373707668318663533e+00
1.143930685649557022e+00
2.763293258185547607e+00
4.975599495540561357e+00
1.640609361494791196e+00
4.188100521036878021e+00
3.417089139225275130e+00
3.158034410533364422e+00
1.970344179137999641e+00
4.347083922240565279e+00
2.939372681441300816e+00
2.901231139655118252e+00
6.084100724815781014e+00
2.372769255384781228e+00
3.576228636574890096e+00
-1.353075671395325585e+00
1.382912077175537879e+00
1.305676142133085804e+00
5.384693691221123402e+00
-2.856108782555577097e+00
1.473203115775506777e+00
4.215317907179443324e+00
5.650114768615753569e+00
-3.720299824788033116e-01
1.122369686722717974e+00
2.453095066059911566e+00
2.537502724350110039e+00
4.858307211883593268e+00
1.828076391954096547e+00
5.354686981588121064e+00
1.756718333891472916e+00
3.230004767957209033e+00
-1.606016339211362165e-01
4.993022752305403267e-01
2.552975904535983886e+00
3.242094608849937831e+00
4.467745268933242642e+00
2.453078924537166028e+00
2.269190008094795541e+00
3.415274497862184511e+00
1.300506109813950761e+00
1.172249615675432233e-01
3.529126210302809152e+00
2.800080504669828496e+00
4.487318821538473834e+00
5.658115430623417152e-01
1.067254493519756098e+00
3.922771918011248360e+00
3.471006208991943787e+00
-1.998524848497857387e-01
5.152995569565331557e+00
5.681270193539362801e+00
1.060964342762116486e+00
2.639322256511189124e+00
3.040306515646054475e+00
8.178231807018648825e-01
2.338528487587949733e+00
5.239590256378733102e+00
2.924734438354257726e+00
2.840134216076475870e-01
4.730597101240001656e+00
3.503265074896049214e+00
1.521379129344757608e+00
2.163238710442044965e+00
1.031352770347022441e+00
4.763444392444064590e+00
2.412499991362412111e+00
1.319813548863382480e-01
2.422358803510783254e+00
3.595936747428110536e+00
5.285902764291577682e+00
5.914876850601030078e+00
1.460936524792717073e+00
2.072272654161357863e-01
5.315916022453926360e+00
2.237943680655807288e+00
1.282317736129575225e+00
2.754891145503060024e+00
2.395836701786627110e+00
7.493306129859650389e-01
-6.599262718927214610e-01
4.510086828274894266e+00
2.724504554211320428e+00
1.079914345869956049e+00
6.021172287585864424e+00
