3.079221352656579813e-01
-1.076866323164748174e+00
6.888624407830801211e-02
-4.929643916965208983e-01
-2.142927997587278366e-01
3.949840726961913462e-01
-3.039891442500978758e-01
-1.106663691888591039e+00
-2.634983906867886527e-01
4.743812597835784794e-01
-1.076189581723517641e+00
-1.163878409985537182e-01
8.379210333450435311e-01
-2.373980510721870607e-01
1.112440871194970565e-01
-9.607705478355328677e-02
-6.450315958953194428e-01
-4.188084068405812932e-01
-1.250479427977383873e+00
5.010817612291439405e-01
-7.871637496973163950e-01
-1.699269922518136466e+00
1.694105520775874285e-01
-9.182161186018108490e-01
-4.383194122294386541e-01
-1.416270731797375282e+00
-1.015445198124020898e-01
-5.915562550222125404e-01
-6.086286513480760885e-01
-8.893144133141771268e-02
-4.181502681362495588e-01
-9.503910386272633737e-01
3.870344567835872773e-01
-4.603211589663422920e-01
-6.822696339478602212e-01
4.844077309352750049e-01
5.885048330886105683e-01
-6.835528555183374433e-01
7.759110851883206372e-01
3.614444760690587732e-01
5.313267084248819438e-01
-2.152778325390110603e-01
7.847303926999007473e-01
-4.876832362198152415e-01
-3.223785008161221544e-02
8.419420846370516687e-01
-7.056701634214006535e-01
-7.829462906932620481e-01
2.894981399737395766e-01
-1.536719596874706273e+00
5.414931944059413471e-01
9.577187102084309123e-01
-9.326272377019015902e-01
-3.749596709975000497e-01
-3.785110366810570115e-01
2.834715940909792731e-01
-3.951559849411287462e-01
3.814813267141583530e-01
-3.895692599421067982e-03
-3.587642153096631259e-01
-3.617144888274501646e-01
4.326951984551734021e-01
-4.263252020054811853e-01
-4.606119725511241270e-01
3.048440795707548223e-01
-2.231281096564903255e-01
-7.405032333486364360e-01
2.477992672566642612e-03
-7.244659794192436220e-01
5.609478645810137554e-01
-7.414556598664523435e-02
6.791573564110414685e-01
-9.275931169101747642e-01
6.071931032520031524e-01
-3.992137712762282575e-01
-9.165593301809518145e-01
6.159711415664911316e-01
1.358606587729735082e+00
-3.010731584726259458e-01
1.168553865289518656e+00
