2.659229912370383975e+00
5.736688266695531446e+00
2.909081917748417734e+00
5.181734550376840831e-01
7.388450863889950426e-03
7.749477765440471178e-01
4.252305422430983306e+00
1.175358289201948070e+00
2.876736440302150033e-01
3.897364797552909099e+00
9.065595556793171195e-01
9.995595432680519643e-01
7.708842924588205081e-01
3.921036263485652706e-02
9.652511052082178855e-01
7.210707174204515901e+00
2.917348361044335814e+00
6.798530523253653035e-01
4.149515777277175688e-01
9.200174799133695736e-01
7.282073456329294370e-01
4.157706232077488906e+00
1.953996494346565971e-02
7.083826857544843314e+00
7.744828726847085010e-01
6.991421267456046529e+00
8.014673646377311611e-01
1.753979213267023995e-01
7.201693438586149743e-01
4.368803156173989954e+00
1.395751178499516909e+00
7.177631118640185548e+00
3.742915050694850532e-01
3.091300927303294310e-01
3.985078449558510094e-01
1.058295041506729373e-01
3.985826514819065247e-01
5.219639454250468713e-01
2.747563180178858921e+00
8.534923882779326121e-01
7.214640760660010699e+00
2.679489844556940614e+00
3.594317107589261262e+00
4.031498202902541017e+00
9.839981821686577534e-01
6.374671854741563060e+00
8.030573010496541153e-01
4.401710097080153261e+00
5.594670594513674600e-02
1.066759154726476533e-01
2.225232875368345908e+00
7.030494133561727921e+00
1.019887618590641365e-01
8.159148200901901182e-01
-1.868696226474318434e-01
8.359844423959391646e-01
3.760131937340806196e+00
-3.632423034385159344e-01
6.702650345970253554e-01
7.945648057020134880e-01
2.994673013732602751e-01
1.618445311334482550e+00
4.370616531180887776e+00
4.292648923407369033e+00
7.390920453351058406e+00
5.243159575444918730e+00
7.065453460070640901e-01
7.356914037132539219e-01
3.927888382858564231e+00
9.452662661589669169e-01
2.858485256044306366e-01
4.199567164798727603e+00
8.110405370316485785e-01
1.675631844920540736e+00
5.136487085622688520e-01
3.035930987920849145e+00
7.489665481699852023e+00
3.541431937717942624e-02
4.918060075416678112e-01
5.744989797647248153e+00
5.799616308640379359e+00
2.005209700766408698e+00
2.267042120068562205e+00
6.008603734418509479e-01
1.773204859102724740e+00
6.662098140864361362e+00
5.020902967501899461e+00
5.226797936570518610e-01
4.583737331058879150e-03
4.188569841090392210e+00
-1.506768768794892847e-02
6.728477504148411725e+00
1.241881447794767057e-01
1.290473430026032764e+00
3.681276332695492259e-01
4.768249221298248575e-02
6.024713332121246490e-01
3.710616401180456547e-01
2.995505693877604347e+00
7.517692060375319230e+00
3.720786359279364408e+00
6.223927381269005465e+00
6.949695422127715183e-01
5.680139992871959809e-01
3.355111930995782643e+00
7.462363626755587731e+00
4.336321314798731841e+00
1.505674392508347115e-01
7.158964572995533793e+00
6.420123282755709759e+00
6.727161475154885828e+00
2.652343295577265447e+00
8.773800429995781691e-02
7.997030585153701576e-01
8.314555430188278473e-01
3.424070059293913726e+00
1.858584973373672566e+00
3.121961099803819639e+00
4.673069592210355339e+00
4.250664389572440527e+00
5.134558746103460969e+00
1.569298270522681005e-01
7.464611026995108922e+00
7.039868154667910938e-01
3.515766736490965050e-01
7.338460793284018457e-02
4.876546283195923870e-01
2.038804478523023045e-01
3.394847545018092383e+00
2.312657421738881919e-02
1.457512812091045495e-01
4.765891753255512842e-01
2.271353632637837183e+00
1.543204652353080464e+00
5.159002193849533402e-01
7.162934412605082013e-01
1.629528843938343963e+00
4.462891371361996207e+00
5.499587417353827057e+00
6.708175484923870613e+00
3.048067689860012308e+00
1.345211902953962646e+00
3.793595735032464056e+00
8.041950407707476600e-02
2.109951986609814867e-01
6.076843209236927557e+00
3.789828554801731642e+00
-1.904917368067856470e-02
1.561274742301116625e+00
7.395456962455942751e+00
4.204242141342932726e+00
3.134514803992872745e-01
6.870280095459870839e-01
8.951560765114440210e-01
3.697715358977925471e-01
2.132380595729061135e+00
1.048382804738033913e-01
3.777106183665727368e+00
6.701325169442408303e+00
2.534927261956551270e+00
5.480058145524304702e-01
6.923834177545471036e+00
1.821464636041508101e+00
9.897583493609374283e-02
1.241521348342484732e+00
7.000503382952611098e+00
4.411813353955639228e-01
8.959674118890732508e-01
2.143484394010970018e+00
1.365329743123355755e-01
