-2.375768943679145706e-01
4.014955522994681503e-01
-1.555322135704640535e-02
4.067422995422890208e-01
-5.459520096137757683e-01
-1.218050052922390047e-01
1.758334579752332538e-01
-3.242146939088482727e-01
5.324808031814828313e-01
1.096216295156245080e+00
-6.442685207735231456e-01
9.543634157143244812e-01
-7.694165030509884096e-01
4.404802495530441564e-01
-1.031810710941452880e-01
-3.708324088436146804e-01
1.586460246498451743e-01
4.292208868378304953e-01
2.284294678380265065e-01
1.691510958440014811e-01
-3.214564371115052333e-01
-1.287903476864896701e-01
1.807010211052488824e-01
-3.487868843312640355e-01
3.734861738965137290e-01
-7.486260224747140479e-02
-2.723429697063642352e-01
6.019387634884596494e-01
2.836700433369371277e-01
4.478921631907920031e-01
4.094575079985312005e-01
-5.613415111806171476e-01
9.463477110899803924e-02
2.825110207714223165e-01
7.552396629064163092e-01
-4.186892811840248751e-01
-1.108521646707967719e-02
3.917270726899604871e-01
8.375583694019255176e-01
6.049726163790978273e-01
-3.780232447771832982e-01
1.656735504235173351e-01
-1.032098042624357115e+00
-9.045662186003323724e-01
7.669124976268142102e-02
-1.628126551370475683e-01
3.801082627270669922e-01
-4.331823033330144401e-01
2.639463817225810582e-01
3.631913390062391092e-04
-2.802255223646931137e-01
-6.312768444474107232e-01
-4.692074909620423673e-02
7.264178492755718475e-02
7.946197952974201617e-03
7.054087143200360455e-02
-1.222735641233532178e-01
4.956974394251748017e-02
4.768676852840671165e-02
7.901179627834942210e-01
6.052087906304597087e-02
1.063995726596021901e-01
1.339960044672665884e-01
-6.684668526687335965e-02
-3.936135053986929422e-01
3.547275861428610400e-01
-3.850306578722935691e-01
9.071602780851893699e-02
-5.194192943010959851e-02
3.108562527903588890e-01
-4.574400027674735414e-02
7.785054456113281729e-01
1.169608844523571806e-01
3.953060048988505382e-01
-3.511253645229565901e-02
7.911142554584457143e-01
-4.622031911491793488e-01
3.684899053095466170e-01
-5.680360958640442992e-02
1.936290486573164493e-01
