6.653784020640838293e-01 6.212634176698129673e-01 1.181095401736248218e-01 2.168444231012781886e-01 3.321625816098474626e-01
1.833070936999140199e-01 9.779297168528464645e-01 -0.000000000000000000e+00 3.974608463206312850e-03 1.001807405790491878e-01
2.070755373899405005e-01 -0.000000000000000000e+00 -0.000000000000000000e+00 -0.000000000000000000e+00 9.783249571664147659e-01
-0.000000000000000000e+00 -0.000000000000000000e+00 2.478005425246584681e-01 9.688110709134599707e-01 -0.000000000000000000e+00
3.391335253159581398e-01 1.613099497064796606e-01 5.011337458670614975e-01 6.919151671096660516e-01 3.592852938951353048e-01
6.139894293396902514e-01 1.303295100282218510e-01 -0.000000000000000000e+00 3.837777021055052140e-01 6.773078139528166952e-01
-0.000000000000000000e+00 3.410456910204097691e-01 6.527678386666218024e-01 4.475864452379041403e-01 5.071965688746475909e-01
8.173592557540189096e-01 1.818774409291109033e-03 3.014116600086687026e-01 1.335951953002855169e-03 4.909885594757604776e-01
4.340794408080055344e-01 2.481623604525107496e-01 7.299154632050673941e-01 3.658601993787554130e-01 2.887216878017939692e-01
1.838802783913879668e-04 -0.000000000000000000e+00 5.635723157757909219e-01 4.676106576212358396e-03 8.260534759362999635e-01
5.893968723598076442e-01 6.268870050098064306e-01 2.914736038706006727e-01 4.031558736547263266e-01 1.101475809388945404e-01
9.700069907523066748e-01 1.182228371505502917e-01 -0.000000000000000000e+00 -0.000000000000000000e+00 2.123906746251560118e-01
7.106606864779458910e-01 5.135494527399489095e-04 -0.000000000000000000e+00 3.319048275638475931e-01 6.203227469644064795e-01
2.294806300836564339e-01 6.247683942056276862e-01 5.968844089463105629e-01 7.442847073545076630e-02 4.418059518826396581e-01
2.816538137934230246e-01 1.123953838953813678e-01 2.756021601595576853e-01 3.538717649327262627e-01 8.407476614022857397e-01
4.764981260978137789e-01 1.525862758346628600e-02 4.501193883772355853e-01 6.698215324710985463e-01 3.484944202630991805e-01
2.187424388307647460e-02 4.017543593070054264e-01 1.896909752799723625e-01 6.836546569777597337e-01 5.785746245060492399e-01
3.408095023184277705e-01 1.911275632771473054e-01 6.469943815045856583e-01 4.877750514959077188e-01 4.367984742703081014e-01
4.596775742123312414e-01 3.769949333932998137e-01 8.040964024884458272e-01 5.687417581399775495e-04 -0.000000000000000000e+00
4.714395604191655605e-03 8.793263359103412058e-02 2.870607621320194758e-01 9.538333578173439076e-01 6.608387315170849777e-03
5.236957149445015157e-04 7.259429386137440376e-01 3.401651128204762897e-01 5.977345187520521907e-01 2.777900596739833576e-03
6.123818247886111399e-01 5.492354592957523346e-02 5.335917365181817029e-01 1.957272579689940117e-01 5.467564393571811010e-01
2.370389844249415345e-01 2.827068278411060229e-04 8.850596614618754243e-01 3.671646321526363943e-01 1.602247436847741013e-01
4.547646376066584728e-01 4.394692130034182354e-01 5.695380049747361673e-01 1.605690583028394902e-01 4.998999636024966664e-01
3.408341579496665386e-02 7.960781341668432542e-01 1.689681576206698843e-01 3.973864889645278287e-01 4.226483942568653451e-01
6.329009364441694485e-01 2.857586435818260662e-01 7.195682054304292086e-01 -0.000000000000000000e+00 -0.000000000000000000e+00
5.963902336091464473e-01 2.153016855271914498e-01 5.359752563377695456e-01 -0.000000000000000000e+00 5.573996753304044649e-01
2.322300284680996751e-01 9.768237003083100542e-03 9.398794187596349881e-01 5.143712904236100864e-03 2.501479878655161748e-01
-0.000000000000000000e+00 3.126669571166630357e-01 -0.000000000000000000e+00 4.339191658229742954e-01 8.449577098641689599e-01
-0.000000000000000000e+00 1.732884338808766134e-01 -0.000000000000000000e+00 8.809429294070063587e-01 4.403528969030581774e-01
5.950189963912960733e-01 4.765408891140925432e-03 5.152608247672205710e-01 6.166911371198482428e-01 1.131409163951306238e-02
-0.000000000000000000e+00 7.557165933116495316e-01 6.339938330147656398e-01 9.891093333244062313e-02 1.309995326708685848e-01
4.898731391233977495e-01 2.372534713477000290e-01 6.557469189961357969e-01 5.212065721953300645e-01 4.554981038735492899e-02
8.575288355667336215e-02 8.731342615133282914e-01 4.793941345437313095e-01 1.220438997992654394e-02 1.775727917152282453e-02
2.568256537513300963e-01 4.399515370209534232e-02 9.308754365152968058e-01 2.560779797608271346e-01 -0.000000000000000000e+00
6.112513057669685113e-01 9.172529339530427483e-02 6.874246461547363074e-01 1.934442846715789689e-03 3.813160441676036183e-01
2.221498529514049714e-04 2.024362020557832903e-02 6.117226478892137109e-01 7.908069183973236438e-01 3.156954981174752567e-03
9.519772884756750875e-01 1.633533657156161778e-01 1.768019969283197712e-01 1.891982399972049755e-01 -0.000000000000000000e+00
6.192264876770749993e-01 5.186474175570888745e-01 2.844768173889560825e-01 -0.000000000000000000e+00 5.163684281486685679e-01
9.488535466882349612e-01 -0.000000000000000000e+00 -0.000000000000000000e+00 5.108295100602178868e-02 3.115565423060057126e-01
2.866445929689890315e-01 5.750938594626638922e-01 3.995009846539459564e-01 6.517946607885840571e-01 5.161989498248457930e-02
7.445273610008540724e-03 1.692531770433739202e-01 1.680340085219732549e-01 8.553858626104221541e-01 4.597581190015657682e-01
1.880886687688028136e-01 2.000744790161136377e-01 5.722259601396747497e-01 6.423517329366782436e-01 4.295748564135057346e-01
3.284077696024789716e-01 -0.000000000000000000e+00 5.208638818950473565e-02 6.483045222583856508e-03 9.430765160657640367e-01
6.494373203406430539e-01 4.578676827058886928e-02 6.211164595508252839e-01 4.094416258021260635e-01 1.506872175589565321e-01
-0.000000000000000000e+00 5.038739519599905181e-02 9.880748534412223671e-01 -0.000000000000000000e+00 1.454963724718562335e-01
7.073094205788896804e-01 6.235099617733583927e-02 7.041489450649268678e-01 -0.000000000000000000e+00 -0.000000000000000000e+00
4.644377438878346306e-04 2.277658515333082223e-02 1.849708040719202570e-02 2.091614691436993745e-01 9.774407139609002648e-01
3.722070380496528014e-03 6.833352640637405662e-01 4.427074104500465235e-01 2.562400020904841424e-01 5.209513155183536082e-01
8.143128681179293560e-01 2.144162636465465899e-01 9.506590014935144273e-02 4.738672494355517517e-01 2.394421083322326727e-01
1.507377977676327974e-01 4.303332112451471181e-01 8.638119504077087507e-01 1.946026263839737147e-01 8.972277169645183348e-02
-0.000000000000000000e+00 2.985332199426024014e-01 1.707763028290246454e-01 4.239992169589906768e-01 8.378174234288242594e-01
4.268504390727319020e-01 4.619221296377921671e-01 3.033773587747299882e-01 7.158080207324335476e-01 2.775689515711375534e-03
1.679157861881482583e-01 3.024672069656365037e-01 2.270225118915834284e-01 9.103695701099246973e-01 2.429479682896920015e-03
-0.000000000000000000e+00 2.105600960047107357e-04 6.743503648259323580e-01 2.628568892184501848e-01 6.900418805507222419e-01
3.921614033994680337e-01 1.124704724963611208e-01 -0.000000000000000000e+00 8.868468534025988337e-01 2.169388971810135569e-01
6.464091059632454117e-02 2.434708316847816467e-01 4.284096512925301137e-01 8.677607259350998969e-01 -0.000000000000000000e+00
2.570828263303222005e-01 7.115129673770543839e-01 -0.000000000000000000e+00 4.519695648274004718e-01 4.726322356018921589e-01
3.341778591834494438e-01 8.725262844467116530e-01 3.388173340581084325e-01 1.105452313509493190e-01 2.367984059070799962e-03
6.071977481593275883e-01 6.278281960771782133e-01 1.588040314902378347e-01 3.808818733183121693e-03 4.603362068347693903e-01
-0.000000000000000000e+00 8.026607934138970668e-01 -0.000000000000000000e+00 5.738759122991442529e-01 1.624871933384234302e-01
5.618779897936954093e-01 2.942716738269112176e-01 9.406501673014905363e-03 7.727605948510828382e-01 2.121054785195667855e-02
3.899798149122085111e-01 -0.000000000000000000e+00 4.047704890772214070e-01 -0.000000000000000000e+00 8.270892304541431761e-01
2.887667185279530965e-02 5.081664551881639458e-01 4.967744511397375051e-01 3.188658380011189508e-01 6.264764270863337758e-01
5.541480972317550657e-01 1.038607300471604093e-02 6.158156021442775518e-01 2.471238359915226279e-01 5.025066861868426882e-01
5.148291883598553609e-01 5.903920867210069590e-01 6.000386416381288113e-01 -0.000000000000000000e+00 1.623013225177697139e-01
1.227267227715835574e-01 5.065598840361416194e-02 5.318245768313220045e-01 8.363819353828638725e-01 -0.000000000000000000e+00
3.557908323844080623e-01 2.480349744423019365e-01 2.165305730827024600e-01 2.036167160875963777e-01 8.506152355176789248e-01
3.684051984382021305e-01 4.281376604530761076e-01 8.024240654592135202e-02 7.345768627034240383e-01 3.673332852301702256e-01
4.748187084709451500e-01 2.872163739597615728e-01 4.649878268319774244e-01 1.096864020981878907e-01 6.810353608354119404e-01
-0.000000000000000000e+00 8.628372262799186565e-01 2.698760165807910227e-01 1.996019945489021716e-02 4.269431426522529716e-01
1.412609751739043462e-01 -0.000000000000000000e+00 1.509820398649478201e-01 8.166511678298012944e-01 5.388233760828853303e-01
2.384501260948015955e-01 3.193831591109939638e-01 6.115492796446506674e-01 3.069909806592823753e-01 6.106553458388909172e-01
-0.000000000000000000e+00 8.200892849412786401e-01 3.479514103232972388e-01 4.483166452142482994e-01 7.345451927807197801e-02
6.892414648527168675e-01 -0.000000000000000000e+00 5.691683772371538552e-01 4.483165902360958799e-01 2.407571387663781995e-03
1.445889437244047837e-01 4.141936274382705951e-01 1.809931741667865661e-03 4.676482479005387161e-01 7.673587926940269588e-01
5.243028807084563342e-02 6.915930734820695536e-01 2.814520587188396594e-01 -0.000000000000000000e+00 6.631250442015893531e-01
-0.000000000000000000e+00 9.247846352381209334e-01 3.713159905597178123e-01 8.110533859578503146e-02 1.788120894722659837e-02
5.498974848227754508e-01 -0.000000000000000000e+00 3.249994349544204075e-01 7.694076445323979607e-01 -0.000000000000000000e+00
4.683042726184110348e-03 2.562416217151073927e-01 3.059681097709555236e-02 9.404762101880694836e-01 2.211032194246718707e-01
4.952818261591108717e-01 1.833692041246555993e-01 -0.000000000000000000e+00 7.714953532386775725e-01 3.547767855797712144e-01
4.937630952241929272e-01 6.916431167458860774e-01 3.660661598539330375e-01 1.536477432258920306e-01 3.467214191019158953e-01
4.616203193756281964e-01 3.534275841417026665e-01 6.591108228793570722e-01 4.545856671032720087e-04 4.770412351385052152e-01
3.274823428200795278e-02 5.624367077311697161e-01 2.415628703050865245e-01 7.473028798347066681e-01 2.564727830173318956e-01
4.402327339921608962e-01 8.273311911588392409e-01 3.157646244580583628e-01 6.970630202691616324e-03 1.481970050740643863e-01
7.684919876564710872e-01 5.097140363166062782e-01 8.335536715442985745e-02 3.671822572354798697e-01 8.854794649029287812e-02
1.614469629821670290e-05 1.804428485159163542e-01 6.740252323072724039e-01 3.528139678672660984e-01 6.234201379885753180e-01
5.807265796447150796e-01 7.228501695918034819e-01 3.668461838256155683e-01 7.528711329194591462e-02 -0.000000000000000000e+00
1.407963065932293922e-01 5.208088880591711378e-01 6.613842394295416094e-01 2.524375935286871653e-01 4.558296297696402544e-01
1.840089093034212031e-01 7.075658630423753426e-01 5.840173535431143481e-01 2.455346451898288498e-02 3.518694770716498943e-01
7.166630176515971229e-01 -0.000000000000000000e+00 3.214438614189859544e-01 -0.000000000000000000e+00 6.189248444573528518e-01
6.100822682644552186e-01 1.815256260875134364e-01 5.629917356771403369e-01 5.271511913882719336e-01 -0.000000000000000000e+00
7.898045348486260053e-01 3.753908456141146210e-01 1.120146220393874736e-01 -0.000000000000000000e+00 4.719568139258490946e-01
3.181681412026034494e-01 2.279023795984499445e-01 7.389215701728913954e-01 4.988728222661639178e-01 2.279262153295782689e-01
1.525178127332261768e-01 2.676803040935704647e-01 7.568143356205012662e-01 5.689894546140552567e-01 9.256691383396986605e-02
7.153265266949725421e-01 1.990318157752283823e-01 5.628632776443288632e-01 3.631517963540940586e-01 -0.000000000000000000e+00
3.568024259982670587e-01 4.305898725757427714e-01 1.828015463657541723e-03 2.730337534853519155e-01 7.827730311234039062e-01
7.633141632686338829e-01 3.550380316222273014e-01 2.110502256252085596e-01 3.565811303379494701e-01 3.458427157043771349e-01
4.389841742833132110e-01 -0.000000000000000000e+00 2.671960673994164953e-02 6.076270380388673065e-01 6.613382946636112703e-01
1.861128052941755651e-01 3.705369751384728350e-01 5.956066515344763390e-01 3.284482838767260326e-01 6.045153556586346788e-01
9.354392652753873091e-03 -0.000000000000000000e+00 1.501604936110767508e-01 8.195814540768091572e-01 5.528567279412623936e-01
6.906552125647734686e-01 6.114170655177540992e-01 3.474719329340411056e-01 1.628208602043584030e-01 4.378553021444506199e-02
1.863307760050605597e-02 8.187521637636244742e-01 3.657395595226812790e-01 3.148366299279051761e-01 3.104998773064346351e-01
2.346368139520839911e-03 4.865219838419895249e-01 -0.000000000000000000e+00 7.519585244544555458e-01 4.448024632297877812e-01
9.266229531918975804e-01 2.432786226341090152e-01 2.731034044263262739e-02 6.513543926716985379e-03 2.853018286615062182e-01
8.521946574310648170e-01 -0.000000000000000000e+00 2.101718378511876761e-01 1.135436255294154512e-01 4.655103753106262232e-01
1.998411614598211584e-03 2.567998324179062153e-01 -0.000000000000000000e+00 4.673774967461408192e-01 8.459362434347313942e-01
3.649528352572131706e-01 1.044180372615626309e-02 7.841222618886297679e-01 4.410527179208488802e-01 2.394267637461550136e-01
4.459648469733367704e-01 1.840548806291008033e-01 -0.000000000000000000e+00 8.599251405679174676e-01 1.666370571028637226e-01
4.704488829549985929e-01 5.527202122432390841e-01 3.001982962481228312e-01 6.143718796837064344e-01 7.487584315262488244e-02
5.442251737181802440e-01 1.369759988229231340e-01 6.168084876746453560e-01 -0.000000000000000000e+00 5.519092548330714054e-01
5.802691400407024025e-01 7.589804105187288874e-01 9.771266822361712734e-02 5.980133634317763569e-02 2.722361037875707934e-01
7.958628166045676484e-05 8.092426751951482533e-01 3.023599145749600869e-01 5.036798225573927423e-01 3.377086880734307597e-03
1.084463504987778944e-02 5.354577587011938311e-01 6.068864945173858549e-01 4.543404071958254686e-01 3.720631125210609458e-01
1.964702126362843394e-03 8.159422542854374294e-01 3.837440810996323726e-01 2.514018310216927232e-01 3.518124176277641624e-01
2.483158369562699919e-01 -0.000000000000000000e+00 7.176155031202695600e-01 6.321694798684879268e-01 1.540421485209651498e-01
9.995996357604294835e-02 2.784985608250786782e-01 6.699128427920395534e-01 5.843501669358281969e-01 3.495686238274168245e-01
2.637039131669851599e-01 1.441960572117300943e-01 8.762256748433259190e-01 3.682659524028387144e-01 7.922435428073194841e-02
-0.000000000000000000e+00 -0.000000000000000000e+00 9.819190714246740503e-01 2.635465352400674990e-02 1.874576469769518305e-01
3.099575711039630477e-01 6.987764805522683753e-01 1.344472266692693374e-01 6.303683900971194243e-01 1.404885581194684381e-02
6.512206672713687361e-01 6.483690308045859663e-01 3.049972543026552851e-01 -0.000000000000000000e+00 2.500118342798933191e-01
4.838637233104919715e-03 1.442176385550496542e-01 3.944919846793212836e-01 8.588715786831565557e-01 2.930760066491354676e-01
5.756008695288031317e-04 2.467072850536386475e-01 4.087552968610121962e-01 7.291641164470299419e-01 4.902794945326487408e-01
6.443843508509825568e-01 1.578890463782610110e-01 1.830846336452147515e-03 7.481625051758785672e-01 9.453637541543874825e-03
4.198844500117800971e-01 6.753545026416515884e-02 1.498364575140505861e-01 -0.000000000000000000e+00 8.925721525991955341e-01
4.552138262441149941e-01 -0.000000000000000000e+00 2.496047368799313507e-03 3.139107400350775179e-01 8.332071707770856150e-01
7.712378957711845118e-01 1.005364081963158740e-02 3.803986105427516473e-01 5.102822057742651962e-01 -0.000000000000000000e+00
4.396345832497097067e-02 9.668008123405545662e-02 6.659243953582349995e-02 3.386311366985622628e-01 9.325312737273706576e-01
1.545212118164316362e-01 5.240657978200090605e-01 5.761391559423104658e-01 4.169475527467658704e-01 4.423761362264286845e-01
5.233280034521305135e-02 -0.000000000000000000e+00 9.296314138643410052e-01 3.647365028416771349e-01 3.741104039979969726e-03
8.650192314438663599e-02 1.862694736092617709e-01 -0.000000000000000000e+00 2.695505523601590125e-01 9.408313346269799871e-01
8.591574419754922920e-02 -0.000000000000000000e+00 -0.000000000000000000e+00 9.556889943939966825e-01 2.815617710080202674e-01
9.893667012935916660e-02 2.017584504834056547e-01 5.058093106659466986e-01 4.021913478857083168e-01 7.293175741004508383e-01
6.340080284343182493e-01 2.477636210558851245e-03 3.648405838861856210e-01 6.278954365757347111e-02 6.789525040505394182e-01
5.737596229069705789e-01 1.356263278024354146e-01 7.411661110571545752e-01 1.529565651470984888e-01 2.822808518608592165e-01
-0.000000000000000000e+00 1.155760615499452654e-03 -0.000000000000000000e+00 4.462500183302233192e-01 8.949075848140271017e-01
8.451933752746043638e-01 3.286060129593724177e-01 -0.000000000000000000e+00 -0.000000000000000000e+00 4.215047409447096327e-01
-0.000000000000000000e+00 3.495783115435892596e-01 2.018231489119495445e-02 9.324443391480018439e-01 8.907992284915867975e-02
2.771309605944156096e-01 5.264099451262321816e-01 2.002801310843489446e-01 2.207965653436538139e-02 7.781332522212208724e-01
6.353991286249410786e-01 6.896873187627224934e-03 7.063661535059578833e-01 -0.000000000000000000e+00 3.118769591747634906e-01
3.075441435984517247e-01 3.788829312684764417e-01 5.510531359012941222e-01 4.574696237389858783e-02 6.753606303143624423e-01
9.207476064399700011e-02 7.505257289958041644e-01 -0.000000000000000000e+00 6.543899660502922044e-01 2.672246314403256551e-03
4.322551494390412287e-03 6.400315941402184849e-02 3.909471229307963092e-01 9.179934308347833527e-01 1.825703015055694586e-02
2.551520139587580838e-01 8.405814525632163692e-01 4.778268012974314360e-01 -0.000000000000000000e+00 1.348829628967029457e-03
5.348072306143443200e-01 -0.000000000000000000e+00 1.154613956243824846e-01 2.227942548804839329e-01 8.068535258616247319e-01
1.678903191402411343e-01 6.867022959461785980e-01 2.011631312935475979e-01 3.199668545032068323e-01 5.978355995662464339e-01
9.198187983997034856e-01 -0.000000000000000000e+00 -0.000000000000000000e+00 3.923434440774126175e-01 -0.000000000000000000e+00
9.718114005694940272e-02 2.259396301529042507e-03 6.323309091033325613e-01 4.050695058071556720e-01 6.531669296613874520e-01
4.672363130787781094e-01 2.259259583650749916e-04 9.648018710796766456e-03 5.667535184204927079e-01 6.785186377624125020e-01
6.044813003112522454e-01 7.863284441410335335e-01 1.276320316721444026e-01 -0.000000000000000000e+00 -0.000000000000000000e+00
1.266886330320725687e-02 1.362921946078137214e-01 8.029843186804275224e-01 2.259790440762362174e-03 5.800646644056886014e-01
4.098449585573146758e-01 3.151744192839183722e-01 3.782145095720198524e-01 1.634327656943012075e-01 7.502904179188923939e-01
8.847046468692469634e-02 2.791157169680770767e-01 7.389709866842628649e-01 6.067860201573229695e-01 -0.000000000000000000e+00
4.262823165445916440e-01 4.627575326083522844e-01 5.755424037678671390e-01 2.299037710556595948e-01 4.690778721439531340e-01
2.457518789562767869e-01 3.847603580008596702e-01 7.437121007818603413e-01 2.118561183021615973e-02 4.878616216741396006e-01
5.103332288797326477e-01 1.160558681984679569e-03 6.678795713244313204e-01 4.817834803549501110e-01 2.477502873243489223e-01
8.030541779119651502e-02 9.886394523426936809e-01 1.267570330961853009e-01 -0.000000000000000000e+00 8.702166717134878285e-03
6.969466535672009799e-01 6.640140060074947170e-01 1.719615423214632122e-01 1.394848143444644417e-01 1.559614581782071407e-01
-0.000000000000000000e+00 4.387648120009015607e-01 2.240524939439302379e-02 3.728944915413599515e-01 8.172717679740927332e-01
6.710585038862924012e-01 7.591563676100258201e-03 2.996890721903106569e-01 1.149747950995633899e-02 6.779949266015723452e-01
5.932017323001279735e-02 2.540351340495231036e-01 8.086017799841461740e-01 -0.000000000000000000e+00 5.273617630458931060e-01
4.764956196403037914e-01 2.919719174235828052e-01 5.430615487348480208e-01 2.841351555808385165e-01 5.586194514590057114e-01
9.655092296553168252e-01 -0.000000000000000000e+00 2.059533686515338524e-02 1.986073471415432945e-01 1.671014099617537940e-01
6.754419867779946074e-01 4.479686134532523956e-01 4.643482523462768574e-01 3.570475380129716769e-01 -0.000000000000000000e+00
1.367409444737342217e-01 7.426974684811784577e-01 4.102698591935773909e-01 -0.000000000000000000e+00 5.112543662927118149e-01
-0.000000000000000000e+00 9.747340901084021805e-03 3.160118299547460818e-01 8.484686978481833508e-01 4.244318336857155205e-01
4.774157869666262877e-01 3.030902736895587646e-01 1.395738883790058893e-01 3.462690026622982642e-01 7.354096544293170501e-01
5.569543682040666299e-01 3.848436147082151537e-01 2.524444423649887734e-02 6.116849037724891858e-01 4.085358252206958141e-01
6.970825092937168455e-01 7.012589197842021838e-01 1.493716929671386473e-01 -0.000000000000000000e+00 -0.000000000000000000e+00
4.196731374000801651e-01 3.775785783818151331e-01 4.806630548063712816e-01 -0.000000000000000000e+00 6.710230269045528440e-01
1.155191552106377695e-01 4.749586016760497936e-02 4.633788349657180228e-01 -0.000000000000000000e+00 8.773138112170433267e-01
1.624719439684760569e-01 7.652631384417788452e-01 1.184191396582066347e-01 4.130812158262722744e-01 4.509057693791929111e-01
7.411648320589622196e-01 -0.000000000000000000e+00 5.583351226018697933e-01 3.602710810844226841e-01 9.561030657009179923e-02
6.895617300201445365e-02 3.554021438860299753e-02 3.784633424612179886e-01 2.403358508980626140e-01 8.904976791392078539e-01
6.228970326205934827e-01 7.352276058806569980e-02 6.252114136715049009e-01 4.160539129287511018e-01 2.064062018921012098e-01
3.030842064302904371e-01 7.337122515275215084e-01 1.881396004995492532e-01 -0.000000000000000000e+00 5.782817535551388888e-01
2.957283740074133638e-01 1.999256947881338231e-01 3.833729613044433160e-01 3.622548786826415568e-01 7.709546165512597415e-01
