1.400621510622429566e-01 5.348001682190244299e-01 3.454920264687278419e-01 -0.000000000000000000e+00 8.474385357123691287e-02 1.615371646159464991e-02 3.953579163784551320e-02 1.514157952424960984e-01 -0.000000000000000000e+00 7.369357831020821870e-01
3.378509860058868663e-01 6.481627786518838474e-02 5.626393836850227537e-01 2.618180670266864185e-01 -0.000000000000000000e+00 1.735749508950491099e-02 8.042944505394265808e-02 1.871378665195060353e-01 5.935966527708738116e-01 3.199938117366883383e-01
7.374929985765540930e-02 4.433404629470433234e-01 2.319851153200354066e-01 -0.000000000000000000e+00 5.133293413768845737e-01 3.929323115698841185e-01 1.805911470401898866e-01 3.859397746238452109e-01 2.206917066557996521e-02 3.797902663845081350e-01
2.860474273825316157e-03 4.832023281663186225e-04 1.085787444910826377e-01 5.737692512247177801e-02 4.475191390598396990e-01 4.943491050541801157e-01 6.743189387985391026e-01 4.377791531437394412e-02 6.473050316581445418e-02 2.818565881546508667e-01
1.015242230531832462e-01 5.245629483908543778e-01 6.670073599368056549e-02 2.778064879257793884e-02 6.399578903434061106e-02 3.841140483926312466e-01 3.975143518836544709e-01 7.516612493802796169e-03 6.311145272696924158e-01 3.587511038436894811e-02
1.913444342324013836e-01 -0.000000000000000000e+00 3.841276761063489031e-01 1.709386568553411534e-01 2.780184433121100224e-02 4.343627214223170774e-01 4.837949390302965225e-01 1.311549494981689989e-01 2.559406023473047020e-01 5.295323781235621308e-01
1.849808133015718725e-01 4.300219769048557183e-01 2.190594723151366441e-01 1.808043378451861527e-01 5.835994475367911605e-01 3.632238312690089788e-01 4.234715717813208880e-02 3.920992563687970556e-01 2.633219482668945344e-01 5.284423641623298140e-02
2.378267844143926446e-01 2.465035076287730165e-01 3.188872987752324750e-01 -0.000000000000000000e+00 3.994626805931984492e-01 5.948655459827357789e-04 7.010619968958044235e-02 4.471481309537866378e-01 3.140990019220421536e-01 5.638262424817884755e-01
1.523892626185517074e-01 6.781717731144345507e-01 4.479226290826037182e-01 3.429013880047372068e-03 5.142700671396290696e-02 1.024894898273785021e-01 -0.000000000000000000e+00 5.350745656297910546e-01 -0.000000000000000000e+00 1.294623330563483554e-01
7.283080622231125068e-01 -0.000000000000000000e+00 3.422710744553685448e-03 2.894584234192429384e-01 4.612903613078380149e-01 7.658176274787745208e-02 1.164111947725628843e-01 6.389085237877401013e-03 4.208158505217153740e-03 3.917981796358617208e-01
8.337494049146437769e-03 2.856124309732001598e-01 6.999716796115218465e-01 2.421260837434740729e-02 3.584745009322818921e-01 2.609241221157027057e-01 4.513900273703237986e-01 2.497590756604539056e-03 4.067789370165597433e-03 1.656753325159402157e-01
3.893279010721581446e-02 1.438493729609546523e-01 5.053342806816920607e-01 1.027935843801420016e-02 1.729927868569544891e-01 1.858864610758240998e-01 2.851515318498554774e-01 3.576794444391557248e-01 4.940622822421495419e-01 4.522160930025093672e-01
1.204252799585247974e-01 2.653381878348020639e-01 5.120251095969585720e-01 2.461953531573847775e-01 7.822885849575975450e-03 1.895761088851380047e-02 2.533871297837750336e-01 6.593548739288085381e-01 3.048356751213635585e-01 3.502649759753605121e-03
2.529353111993247194e-01 2.398777368943826316e-01 2.099974297673896095e-01 9.248370581998809070e-02 3.128754366887699367e-01 4.953924748296730657e-02 5.714463603755040033e-01 4.529625604095490754e-01 3.615003588328196127e-01 2.511504211822325749e-01
1.261452065668485500e-01 1.429677045249943546e-01 -0.000000000000000000e+00 3.242747985676738137e-02 5.858689886627781451e-01 -0.000000000000000000e+00 4.201772806575478358e-01 2.906565355896998937e-01 5.489094222962296321e-01 2.387925590320916502e-01
3.846101621608877252e-01 4.311874451922954044e-01 4.483639734443152225e-01 3.806177214305266066e-02 2.301428694475864956e-01 2.968211375875048352e-01 4.079155850224244068e-02 1.509141313503304001e-02 2.633773046815648944e-01 5.013438185482926857e-01
2.227283918111384597e-01 3.835054918744261188e-01 4.104924933314602932e-03 6.816415094794137097e-01 1.929127382058362997e-02 4.775372144752981253e-03 5.600953164080543223e-01 1.086838249946626839e-01 1.773964501800568382e-03 1.129006717287039940e-01
-0.000000000000000000e+00 4.797910885829673733e-01 1.688128671936362235e-01 6.021784079767774633e-01 4.645696707568656714e-01 1.356972050431653476e-01 1.050529308758098163e-01 2.347193920175948134e-01 2.102453408849438432e-01 1.846964186728753954e-01
2.994563674094146699e-01 3.898343044579010708e-01 7.821514361448034247e-02 8.983889858408065920e-02 1.238589071214856174e-01 3.942058492960127600e-03 8.365033559497973004e-01 1.703558014197063541e-01 6.905634282006279344e-03 1.800727740801025354e-03
7.245041196933641077e-03 3.151984768628873085e-02 1.855286857239146769e-01 -0.000000000000000000e+00 2.849553159453775963e-01 4.955576236715732996e-01 1.746275705964425162e-01 6.220525932616662902e-03 6.253557048584639233e-01 4.649225569216641762e-01
1.057117299976987300e-02 5.146898404221843526e-01 3.253269397987203493e-01 2.651378777742283699e-01 3.888063513068817229e-02 4.929434095532245208e-02 1.411906337284313528e-01 2.614877754010691002e-01 8.690902713217303621e-02 6.775259699125127932e-01
5.109025112977015892e-01 1.891179729195772985e-01 -0.000000000000000000e+00 1.821810555115367658e-01 4.128892919325645727e-01 5.265969986435088401e-01 5.113678157718573418e-03 1.839841564317770128e-01 4.132318892853902859e-01 1.326808164870936779e-01
3.835710704762358980e-01 4.942920376836345935e-03 8.587261042374558229e-02 3.775358317229143834e-01 9.104357194678783238e-02 1.309712448549812114e-01 2.352009894435057868e-01 3.042721087170650526e-02 1.648044386287755569e-01 7.707743959266466494e-01
4.159429357254668808e-02 3.690498305784707389e-01 4.037270738206686915e-01 4.456274151549284857e-01 2.786032954099355585e-01 5.625935921471458823e-01 1.021381891041011347e-01 1.202142235023437727e-01 1.410789022225925060e-01 2.481421407628436049e-01
4.327026259822050469e-01 3.272876358379655515e-01 7.712243441023090840e-02 9.269891370528227093e-02 5.753461919080656711e-03 4.032678568999739643e-02 1.468700018919347483e-01 2.957494025669100135e-01 4.824749722772561644e-01 5.896018359772109418e-01
5.051069290922196101e-03 3.849463716314291406e-01 5.131429138956176139e-01 8.466551602233354790e-02 4.478733205489990321e-01 3.897962492048684946e-01 1.319241672560970274e-02 1.570814521276071296e-01 2.270555848369800733e-01 3.903490614324431895e-01
5.159330522424831339e-02 5.695897167225859592e-01 6.272190837689164411e-01 -0.000000000000000000e+00 2.323067133198618850e-01 -0.000000000000000000e+00 4.736961777297973852e-01 9.816531145789635440e-03 1.759417755251276722e-02 2.723066652178886965e-02
4.221413250401432893e-01 4.913811727374884364e-01 2.929689756191742878e-01 2.713998381984853228e-02 2.286576589897164336e-01 1.221245522495411490e-01 9.273485177490928266e-02 1.397701284071760364e-02 5.820282332629019839e-01 2.811105479376135863e-01
3.097215363112661990e-01 4.486887768420723052e-03 3.833946798617974272e-01 1.010126559007452386e-02 4.152963583802800618e-01 3.666391996708650014e-01 2.670507906845419055e-01 5.407262052936755437e-01 1.922376670107723839e-01 2.222774822981285758e-01
1.844216433529157276e-02 4.048058964050604835e-01 3.847593454782594624e-01 3.008614560019465811e-01 2.974730866126577555e-01 6.521915461768608147e-01 2.591303294561598733e-02 1.162284554640618736e-02 2.098642891859076598e-01 1.963187645536895731e-01
1.439828618348529543e-01 6.031271130239884010e-02 5.402757745812220014e-01 -0.000000000000000000e+00 2.975429953120483639e-01 1.845127503136428093e-01 3.602353378298832065e-01 3.996857086054871333e-01 2.914496546684628986e-01 4.320827989807542457e-01
5.598467950218929262e-02 3.895247277637727164e-03 3.765553028751477127e-01 3.092760596638879367e-01 1.603157978171322259e-02 9.355873768851842576e-02 1.219257459148009176e-01 4.874764455171952116e-01 7.027105347239444022e-01 6.398006325356821178e-02
2.332196414117393424e-01 1.000343705758037355e-01 5.602681118301269247e-01 7.628726843298925253e-01 -0.000000000000000000e+00 7.137284214154997197e-02 1.828665382668502870e-01 1.532557701399945085e-02 3.085308931490746490e-02 2.365182602156148256e-03
8.567683091757545277e-01 9.664684298472543678e-02 1.742666411632829149e-01 3.837112241569234396e-03 7.410475005777743263e-02 3.754040318635363804e-01 2.810477042871570852e-01 1.735035157075083892e-02 7.096785432216186872e-03 2.156279693852929807e-02
4.012936304455544043e-03 4.726043795580810447e-01 4.434619505311224175e-01 2.789802855350705935e-01 4.007281004940793125e-03 2.798175944161676587e-01 2.926943632882574309e-01 4.195354435168531237e-01 1.202731519728606896e-01 3.842927806759438569e-01
4.723678934475804003e-01 3.271186505041349668e-01 9.405666868354274623e-02 1.948760844519781754e-04 5.307398475595166178e-03 3.864188891358665001e-02 4.947749762906356596e-01 2.850730966985632886e-01 1.478715159951874249e-03 5.774277171656158059e-01
1.570849420793782314e-01 5.278947154725362710e-03 5.789646156887826578e-01 2.957260006347774486e-02 1.690423930500037919e-01 3.657617498872333672e-01 3.046966855807881069e-01 4.465071670795419112e-01 2.002252062111207209e-01 3.802184198673669857e-01
1.313415194597576663e-01 2.141657847765562200e-02 3.677022603377521626e-01 9.629245055129431741e-02 1.312906080746222559e-01 1.939779494141755378e-01 6.511738262981560110e-01 2.495691908530525346e-02 3.210579131390568497e-01 5.051935223841420575e-01
4.897871921310061882e-01 3.544848981118201015e-01 2.376001741133330333e-05 -0.000000000000000000e+00 9.479237763528143568e-02 1.889374059782264470e-01 5.736973329243976183e-01 1.038701840111348751e-02 1.726788267404188448e-01 4.803243981672473684e-01
2.151395462812965842e-01 1.355737523010463325e-02 1.183502881790094233e-02 3.140958507987891279e-02 7.050585949783878120e-03 4.106247227497253176e-03 1.352892057353166991e-02 3.819159857223448397e-03 2.789134085774354621e-01 9.350655934607077224e-01
9.693502272899549854e-02 4.697229948270599809e-01 1.610391806736010123e-01 7.696807018233563225e-02 5.252380957156080887e-01 3.450884463645918498e-01 4.998306581317223385e-01 3.046713788410285173e-01 2.035414716280395039e-02 8.688368909860537739e-03
2.506610863647387166e-01 3.269542970952128424e-01 2.975920592938164355e-01 2.879060806094552727e-01 1.361294016965154396e-01 4.900982563298873600e-03 4.123730320932767479e-01 2.283203234454690977e-01 6.444895093224879412e-01 5.210866940987198687e-02
2.160384012026614342e-01 2.626205315671379936e-01 4.171252927732863602e-01 4.087616669988216045e-01 6.596889774444225640e-01 1.682684084160689653e-01 2.198232139703897026e-01 1.589067617361571427e-01 7.813376038091139619e-02 9.796032706483468605e-03
1.148153415583915565e-01 5.239362441433791373e-01 2.226637595378546004e-03 5.584957265385714908e-03 1.175321772616348334e-02 6.634621699917406801e-01 3.422522830871462807e-01 1.677989859448414944e-01 7.141889392384869395e-04 3.558908197575936794e-01
-0.000000000000000000e+00 4.961883010064623879e-03 2.614510550969235611e-02 6.879297317595065575e-01 1.487047270377021002e-01 3.564834223354325649e-01 -0.000000000000000000e+00 4.568448873092493812e-01 4.100533136462066186e-01 -0.000000000000000000e+00
4.111540912207347076e-01 5.846581045151317407e-02 6.053070832670346402e-01 1.626879947748205435e-01 4.386040256927456471e-01 4.429636337924130335e-03 8.190628523639278957e-02 2.541904253290388008e-03 1.742335805069896160e-01 4.529949879820858727e-01
2.061655386348391350e-01 4.595364722454186972e-03 7.840632279477767475e-02 3.572916570976116812e-01 3.288619849418469854e-01 7.159388156859044020e-03 1.359034018939160871e-01 4.468463483750738097e-01 7.052102475472180609e-01 2.329096382797642660e-03
1.550524831031740158e-01 -0.000000000000000000e+00 2.892024606213471905e-01 2.155526619775591790e-01 1.711214787730076237e-01 3.177887943251605507e-01 5.691816623826511101e-01 2.207982207295979254e-03 3.182051230677108711e-01 5.388490470880906713e-01
5.063490095958773918e-02 3.459296780904149160e-01 1.880182712492845312e-02 3.148607722820012111e-01 3.310339204891215026e-01 8.070682798971400007e-02 5.116265043029666337e-01 1.407501968570056550e-01 5.261626431229992074e-01 3.221202827493507836e-01
1.278174127912775904e-01 2.973117679066317742e-01 5.249888897075662975e-01 1.001481245398927883e-01 3.222685154190942872e-03 1.752169223446416180e-02 4.225935477309566424e-01 3.979859729784586686e-01 4.902885556690682600e-01 1.787373380031886949e-01
5.451224711102620191e-01 1.584912681329189998e-01 -0.000000000000000000e+00 5.361212273789809357e-01 2.545231165496819048e-01 6.483639725616545391e-03 3.058456244238084709e-01 2.842015700533201961e-01 3.887928833295430375e-01 -0.000000000000000000e+00
1.212106724871271080e-01 5.057097618380103077e-01 6.186341430552010773e-02 3.420421444759919050e-01 5.503005303606082199e-01 3.895924334528818034e-01 3.831396365632221968e-01 2.276799782984124942e-02 8.195333717347128011e-02 1.010192090338586993e-02
6.038595321580750852e-01 3.369535451918431179e-01 3.549244848547090936e-02 2.833283150642675330e-01 4.801968538858872870e-01 1.933030826689529635e-01 2.116939479871278174e-01 3.401396395233495240e-01 8.821771096139638738e-03 1.083471268741387494e-01
4.242385066224919066e-01 -0.000000000000000000e+00 4.832392087750280174e-01 1.451981922151089621e-01 3.963947408339744682e-01 -0.000000000000000000e+00 3.287199928207530930e-01 4.260224500540470138e-03 3.732642328767746820e-01 4.011098107499681542e-01
1.288655169711801218e-01 1.776009720945914139e-01 5.359843660989356273e-01 3.836941273960358112e-01 -0.000000000000000000e+00 2.500364132095323488e-01 8.793638722728338436e-03 2.158260295106640136e-01 3.117306211313974340e-01 5.576726261599583845e-01
2.193320749869304975e-01 2.477896998004182338e-01 1.415311445947131479e-02 -0.000000000000000000e+00 1.397730348564765746e-01 4.105263773917182113e-01 2.479784718083754003e-01 4.052987198676418767e-01 2.528146340575644357e-01 6.423000646878834763e-01
1.466330826568792815e-02 9.107381229279024049e-02 2.629872338993347047e-01 2.847609904289927912e-02 8.186334036062170583e-01 7.865967122195186012e-02 4.361888808366983991e-03 6.667400996750731841e-03 1.171089972025095988e-01 4.810315829360772288e-01
3.450729588543632268e-03 2.180837934007996970e-01 5.905574882743932497e-01 3.593654078145310793e-01 5.606586706473153381e-01 1.417798968105770741e-03 1.042109725342300203e-02 4.237195712585907839e-03 3.993350693295669163e-01 2.430437023888451509e-02
1.266323506476594585e-01 2.327395254556684501e-01 4.081747705230774625e-02 5.188592485826180045e-01 1.615760216348862133e-01 7.591622320546846658e-02 7.876472200068035390e-01 8.159257251673149303e-02 -0.000000000000000000e+00 -0.000000000000000000e+00
1.614134173622061852e-01 -0.000000000000000000e+00 6.941132180709570498e-01 1.361653136544957177e-01 2.975403231821633909e-01 1.427224950418662097e-01 1.651251514204202797e-01 2.989490493985287878e-01 4.975007729498288622e-01 2.382715232896034235e-02
3.435888704956700512e-01 6.284748730605169698e-01 4.354182044381081362e-01 2.284396032934236653e-01 3.072801416827720782e-03 9.723318534591199325e-02 3.537862110382092307e-01 1.178352654562034585e-01 3.109057131970980881e-01 4.053029552315578349e-03
3.872890616833077893e-01 8.002862620072630495e-01 2.046652361626693506e-01 4.918214139182150793e-03 2.112543604921265136e-03 -0.000000000000000000e+00 1.937250649596593821e-01 4.982921514484416406e-03 9.922333807657424121e-02 3.467464056902115899e-01
4.459594066604394280e-01 3.127651376804432143e-02 2.446271219247719841e-01 5.716183663127275549e-01 2.747965814304245691e-01 9.281704004187830634e-03 3.373878186614167555e-03 3.863399275103043262e-01 4.305357754035564199e-01 5.763431330606001018e-02
2.122850683851604595e-02 3.585679246461493386e-01 1.708401389548084570e-01 2.190169140611729903e-01 3.740401244257090651e-03 1.279804092575191066e-01 8.697674727396319250e-02 5.388421945227261922e-01 4.628755712299130742e-01 5.150349471913029387e-01
9.929845104621842083e-03 1.468192477674115370e-01 3.861185795382791885e-02 4.011241770583838240e-01 8.705866488077568244e-01 4.035655182637254250e-03 -0.000000000000000000e+00 2.291285112945694868e-01 1.374868253283036915e-03 7.426211093111050043e-02
5.631712803479992091e-02 2.095183879749010492e-01 1.640650089598865435e-01 9.422268867881206100e-01 1.768443682659980865e-01 1.863137292346818798e-03 5.836789164662894644e-03 8.253999373432686915e-02 7.771454892895504618e-03 6.072625983183645507e-03
3.051406604160804004e-01 5.929065923727482312e-01 2.198051993813861793e-01 2.731266761696991008e-01 2.057370798960184242e-03 1.908145350056484890e-01 1.758836550842935997e-01 3.204714831183889112e-01 2.312587584162381638e-01 4.570627732215988281e-01
2.172445594049214335e-01 -0.000000000000000000e+00 3.267333233640276613e-01 4.746231880036627104e-01 1.918879047596327644e-02 1.911355761877300552e-01 3.284486194331613929e-01 4.313330690427080172e-01 4.561298590788783192e-01 2.861831365690239992e-01
1.708918684305062727e-03 2.430916640139659524e-01 6.094930110728455919e-01 7.069382713508655103e-01 7.237574163165902755e-03 1.924209400837873646e-02 4.052130782002676297e-03 -0.000000000000000000e+00 1.792470816641331954e-01 1.925915255822027716e-01
4.412961907551275764e-02 1.212873173141301025e-01 3.174413341111201881e-01 4.111288375528144856e-01 9.090493290370468826e-03 2.189853820961690789e-01 3.495610942487953898e-01 4.182222031603096135e-01 3.989750440834620715e-01 4.574111404842135520e-01
7.296273683923448772e-02 1.756901904653079827e-01 3.019968806821367036e-01 6.569491782502439037e-01 1.950418750096603523e-03 6.019669569086739669e-01 2.874747253286782586e-03 2.723938035221499798e-01 6.671122506413248998e-02 -0.000000000000000000e+00
3.743238024348203297e-01 3.933481935533807983e-01 5.563674081684866213e-01 3.403064392632463298e-01 1.526233621162743220e-02 1.428368543182839401e-01 1.635749257642287735e-01 4.581205864885328216e-01 1.379674376002547054e-01 5.919608334468429850e-02
4.473231744127277414e-03 3.118514042205471765e-02 4.007711268153480999e-01 3.642669191050893485e-01 1.666405858937658746e-01 4.007340556712494228e-01 3.159150952309967009e-01 5.201046298370393117e-01 3.833947091697793019e-01 6.328359787814563132e-03
4.100830529751743093e-03 1.674218634634933589e-01 5.947917339937318637e-01 1.765045461759843504e-01 1.438240697957391956e-01 1.570102099018069004e-03 -0.000000000000000000e+00 6.600058098583710953e-01 2.872493434721243855e-01 2.195776822223407532e-01
4.340438296151372111e-01 3.018058916086539534e-01 8.665856969357331463e-02 9.740151727571307733e-03 4.574110696971048218e-01 -0.000000000000000000e+00 4.033414332358572496e-01 5.056421040888909868e-01 1.555329177963452880e-01 2.472669713375173772e-01
4.580315814641258143e-01 4.976042565650802205e-03 3.183006134483739036e-01 2.492540947738075552e-01 -0.000000000000000000e+00 6.551706746718792551e-02 5.525122399268420637e-01 5.444858586910281684e-01 1.317321970628251501e-02 1.433135711240308974e-01
2.725336008321255221e-01 3.430323732552089111e-01 2.450702276841771332e-01 2.779082910104223036e-01 5.902223249506637348e-01 2.948098384694553542e-01 1.457253949182499980e-02 2.781837928250684988e-01 2.298630447205042004e-01 3.241156553644880534e-01
1.641725964418724870e-01 8.512454554946388349e-03 -0.000000000000000000e+00 3.555438540272203886e-03 8.287184528655521243e-01 2.434711335707295254e-01 7.559228023093576831e-03 -0.000000000000000000e+00 1.827587806058935671e-01 4.398316436238096649e-01
4.173263506072866919e-02 3.101557188071136228e-01 8.004354667031944592e-02 4.220403889851651047e-01 5.076251809928280512e-01 3.165645278117973360e-01 2.203534482833479080e-01 1.401804804205778188e-01 1.812720611102725532e-01 5.085022752325083495e-01
5.862781052141207150e-01 1.242731586792721228e-02 7.396592362870083592e-01 2.550165524558112295e-01 9.916681004357137674e-02 -0.000000000000000000e+00 4.061226148945782061e-04 1.415126162171416180e-01 9.907739782073152202e-02 6.571107104885523520e-02
5.268747659793994176e-01 3.198028263885577815e-01 6.653874837619564442e-01 -0.000000000000000000e+00 2.820462021269474692e-02 2.331892484708463220e-01 4.392122737881656858e-03 7.928755944392680555e-02 2.256578261196914015e-01 2.549286981558789855e-01
7.539139818981660524e-01 4.800672855559356411e-01 1.893507479740104971e-01 2.711727409730834704e-01 1.444434540449988404e-02 1.568353540358188858e-01 2.181162406011455737e-03 1.697641186133041213e-01 1.950754231909751224e-01 8.703244877566547813e-03
6.386112724185093459e-01 5.117884683991635528e-03 3.049645225090761858e-01 6.127061351837943537e-01 1.030945087515803757e-03 1.224246900558091438e-03 2.858533997657025649e-01 7.617345940193386011e-02 1.901351839398941479e-01 8.292770366407239274e-03
4.862646674091214427e-01 -0.000000000000000000e+00 6.431260112983064881e-01 2.563880226313849375e-01 1.229950849615763647e-03 1.127067035494957493e-02 3.251197786730372630e-02 1.448100826936654650e-01 4.310163905848742906e-03 5.118854184437836574e-01
5.558364668397882680e-01 3.744633644367759695e-01 3.175433360231640773e-02 4.610895571271385503e-03 2.441084358092628082e-01 1.593141884958327870e-01 1.094707783773554155e-01 4.242994589420927554e-01 2.055684968524803258e-01 4.801574581328912905e-01
1.337960303561323006e-01 4.561632174386650029e-01 4.546313235275525888e-01 9.888330216389670801e-02 2.385684066528761249e-01 3.892845878909865776e-01 2.725727047781628665e-01 8.728764195757753031e-02 3.670650532412302880e-01 3.639190203544780955e-01
1.244793552658514033e-02 2.274905189891006374e-01 4.170875118728823994e-01 7.428815950243887120e-03 -0.000000000000000000e+00 2.620117678684518725e-01 1.165111656029300669e-01 4.609693317453377182e-01 6.140626310378697328e-01 3.198206918663366038e-01
2.936784348567418323e-01 1.370211808430997769e-01 4.100900960305320364e-01 3.338384122496868694e-02 4.450344193362305023e-01 3.549559716974254875e-01 2.657833075733476158e-01 4.868681711462425898e-01 3.057643820505900889e-01 2.161455423777584525e-02
3.523006996186119344e-01 1.214829442755768242e-02 1.621877949721391987e-01 5.314210268028850548e-01 3.037898951176445927e-01 3.635761405422669457e-01 4.708830747378542902e-01 3.459894406955971169e-01 3.013541635503884375e-02 1.413614555179623471e-02
5.064554491636445999e-01 4.007459196706933957e-01 6.457718385535780037e-01 6.644694945361218075e-02 3.503616708714624942e-03 7.012296470446286421e-03 5.574172077928284987e-03 1.106454064082460637e-02 1.212766763172679341e-01 3.828134611202183568e-01
2.134247513091746817e-01 1.524549638046684419e-01 1.663488285420544333e-01 2.766733856968017213e-01 5.701765115114730831e-01 1.807213660878905781e-01 1.894539842903070759e-01 6.223636752662476956e-01 1.356925764709115689e-01 1.660842142586864412e-01
4.966470840560145983e-01 3.218103524179991570e-01 2.437785006193040616e-01 2.308969980067701322e-01 1.036864513066017984e-01 3.370717212329770590e-02 4.099930714828685652e-01 1.817821630786240761e-01 3.332824243445334789e-01 4.614489012132884649e-01
8.551455297322607414e-04 1.747805153736334827e-01 5.717086529066963685e-01 -0.000000000000000000e+00 3.960393146157798958e-03 3.624390411411654300e-01 1.789125191575993978e-01 -0.000000000000000000e+00 3.549932656630580205e-03 6.922428920350689463e-01
4.834479250255047295e-04 1.804922858040658717e-01 4.188922111773685231e-01 6.020840023187600254e-01 -0.000000000000000000e+00 1.696233077800280986e-01 6.325579423835467896e-01 -0.000000000000000000e+00 1.960325379040958604e-02 1.267146543103054267e-02
2.132936723717649558e-02 1.864822771200676590e-02 2.793576857981583395e-01 3.507739776818404320e-01 1.953276082779549228e-01 1.453958990390657458e-01 4.867667116851057130e-01 1.541297493050838296e-01 6.190308744693492349e-01 3.080979144336902786e-01
-0.000000000000000000e+00 3.909654578750151876e-01 1.287808688868145868e-01 6.794745098572146924e-01 3.509123055161795113e-04 2.574412421489152281e-01 1.511984213592339754e-01 1.893225880102783476e-01 3.571859619887795545e-01 3.410483196245487902e-01
2.985245456252971774e-01 8.759334569399861159e-02 3.526968226747306812e-01 2.484345676975861436e-03 2.286973956803830532e-01 2.311851415129084208e-01 1.573980010208555769e-01 5.019962739023771103e-01 6.293123608421238302e-01 1.586742127115022688e-02
-0.000000000000000000e+00 4.057467332133871118e-01 4.458305262167231442e-01 2.947159114137171479e-02 1.578323708973877748e-02 7.709307691884265124e-01 1.236417609823412256e-01 1.607927971972899495e-01 2.402935490035327127e-03 2.326252947890378175e-03
-0.000000000000000000e+00 4.363018204430675895e-01 1.293405776209094959e-04 1.980263295032961002e-01 3.487099986996179402e-01 2.197403337289083880e-01 7.206441922226178298e-03 2.174248855344560524e-03 5.715549651983912183e-01 5.232686324498680985e-01
-0.000000000000000000e+00 4.087901957300760225e-01 -0.000000000000000000e+00 2.857426807125241219e-01 2.399155886822536450e-03 4.273802030646138839e-01 5.416702932132605453e-01 4.930428485535686689e-01 1.283244301568615964e-01 1.249679396446414376e-01
1.675040026660275932e-02 1.917476415959157299e-01 1.418248253733229991e-01 4.390645589457927711e-01 7.351203171450543597e-03 1.308987223577018633e-01 3.123313357437197957e-01 9.898534140403623255e-03 5.692287241063179737e-01 5.578544592477838737e-01
2.205248653979356363e-02 6.853083640885259120e-01 1.412594434231576566e-03 5.998883043074595411e-01 3.920854265058554278e-01 1.186673722617615293e-02 1.992772392052351987e-02 9.394930080389340965e-02 1.286842635704629235e-02 8.208031463166071129e-02
2.070165348905293468e-01 2.490747633533424155e-01 4.848327746419458517e-01 5.629574185896937637e-03 1.964020204474757891e-01 1.607959225601132136e-01 4.384731665005660028e-01 3.558705278118075559e-03 2.661907980504995587e-03 6.350620873927820265e-01
5.213445605942778061e-01 3.219547617099437486e-01 3.558041552735269897e-01 1.950602762549587532e-01 3.643566254355891654e-01 2.106330795339250439e-01 4.310548270196908754e-02 2.978365880964810586e-01 1.414103633229588097e-01 4.149894226033659650e-01
4.362605487306288055e-01 1.168380458956231743e-01 1.926149730066412658e-01 5.921844900887578422e-01 1.174959253821484173e-03 2.853031654116353066e-01 2.583696715963050283e-01 2.310537964026896096e-01 3.102412030435964252e-01 3.323446730467458088e-01
2.803307821366580743e-01 3.750634527210607860e-01 4.050410401490306400e-02 2.500059990608551053e-02 5.866665522755778461e-01 9.462087919567696570e-02 5.116389327611208238e-01 4.029275516461436890e-01 3.416229621828591190e-02 7.322592970738490623e-03
6.188637008071101384e-03 1.214228188352799859e-01 7.236232154994290955e-01 3.670644909298497738e-01 7.826323191189986372e-02 3.504541874191893780e-01 3.985838973100044869e-01 1.072027242024720106e-01 5.838511906908725423e-03 1.658686072928314270e-01
4.497521437891342511e-01 2.612162813424437346e-01 3.960148570850894889e-01 1.377548052460017269e-01 3.807333124533663904e-01 1.875018313558966809e-01 2.126101681048645220e-01 5.092947862163222927e-01 1.817291744578685211e-02 2.620221371706747959e-01
1.179103961145464008e-02 3.036071145357198686e-01 2.516322950145056803e-01 1.922452786908832589e-01 5.784642304194251849e-01 3.081106265917487042e-01 8.925352669488552382e-02 4.558891081106001414e-02 5.009123926161039853e-01 3.419003397609769457e-01
2.411005188641401897e-01 9.939528444635239643e-03 3.152504556796358326e-01 3.664506578783567337e-01 2.592235714840487870e-01 5.736267400240485648e-01 2.490577916017301940e-01 3.696118494810780031e-01 3.163130324396240534e-01 1.147243518307013571e-01
-0.000000000000000000e+00 3.588041553710936971e-02 5.122883528151458421e-01 4.290682325087032123e-02 4.730221810333439664e-02 3.858918437277593649e-01 1.241565898708523186e-01 6.394927873320321865e-01 6.071539331565603895e-03 3.985968910168986024e-01
3.330811983643179874e-01 3.582405595905009954e-01 2.614551839948590639e-01 2.166203354732319231e-01 1.303872071031028645e-01 4.544938572152534655e-03 4.583333472178736101e-01 1.096363331759770202e-02 1.871717826731538747e-01 6.190258628545921571e-01
2.600219614645050970e-03 -0.000000000000000000e+00 3.238229500013499185e-01 4.806157643992461925e-01 5.919984815869041572e-01 5.201809131276889930e-01 1.192091932262763915e-01 9.449755721144111054e-02 1.409743617885294842e-01 8.697562157198111127e-03
2.195981948740304279e-01 5.685852392178171802e-03 3.642666587166777381e-01 7.084593814783719801e-02 5.346228131345123202e-01 3.689986703688296482e-02 2.240438448468402288e-01 1.210723558649150766e-01 6.920122833598704726e-03 6.796688590087933690e-01
2.069450474967463871e-01 5.516742565123659015e-01 2.182972752271242559e-02 3.451497668582284573e-02 4.947949331813679685e-01 2.830315493707369900e-01 2.763059024835040622e-01 4.346709885668103568e-01 2.374097572801718570e-01 6.771517301833299141e-02
4.656275881706430086e-02 3.287372571709518687e-01 8.934476199420682274e-02 4.361236843093819204e-01 6.930029572663773951e-01 2.177601432512405455e-01 2.272895569593286202e-01 1.749052906085408199e-01 2.843693911766727589e-01 2.804350076416295759e-02
-0.000000000000000000e+00 1.803981149243399397e-03 2.810980608317207186e-03 3.273736999816086457e-01 3.254222813365567363e-03 7.208279383257137907e-01 5.114288565807648679e-01 1.802031836341927429e-02 3.189040421711999418e-01 9.812136685151039150e-02
1.934949124178290264e-02 7.805803578784761831e-02 4.584855775340512252e-01 3.805552346764477512e-01 -0.000000000000000000e+00 1.547823483281923485e-01 7.310523728827873491e-01 1.194727733516357526e-01 2.561245343834400168e-01 1.524994604054370935e-02
4.123357153736248448e-01 6.006457979268628629e-03 3.521791488966158346e-01 1.382519333969745544e-02 3.161943290569734777e-01 3.312374402209896651e-01 4.571452113590102062e-01 4.891295185875638718e-01 2.106264000512474144e-01 5.858229466973878530e-02
6.834685593983923502e-01 -0.000000000000000000e+00 2.599578537436144643e-01 1.310435898919139024e-02 5.111365381477927898e-03 1.980846811620349743e-02 3.561352724692940508e-01 2.336250000986005437e-01 3.782399287167698687e-01 3.744649519750706812e-01
7.290887070938919905e-03 1.297786135350208203e-01 7.287516549350269157e-01 1.696797379959820717e-01 5.954497413543425877e-01 2.487138020095927549e-01 1.991004135034697177e-03 9.782369046964795728e-03 3.136360755792922967e-03 8.188846675981494017e-02
3.161308072655961698e-01 2.342873916814060264e-01 2.106941578575434459e-01 3.949930885840312600e-01 2.802393767333808405e-01 2.758866925967916051e-01 2.181004574319457545e-02 2.785740376966182041e-01 4.670321332297823202e-01 4.403559936520514695e-01
5.001372402817942653e-02 4.126917262695772859e-01 3.251645171372045673e-01 4.477025156452625887e-01 4.020053951511208812e-01 1.554064151228433943e-01 3.273996469999153613e-01 2.746194465114185079e-01 4.361519488589608168e-02 3.882608848216848041e-01
4.249308173989511418e-03 4.432771418606332170e-03 5.924518650911645423e-01 -0.000000000000000000e+00 8.038592002333231346e-01 3.519145146020400544e-02 -0.000000000000000000e+00 3.436189443131817782e-03 3.902847696324643345e-02 -0.000000000000000000e+00
3.006682723024433623e-01 1.683398955444633804e-01 4.638344715952644748e-01 1.686540293144413449e-01 3.011303007564318790e-01 6.325984720774179004e-02 1.056556720615173250e-02 3.517413533687489546e-01 5.566746475278101514e-01 3.305633533409352842e-01
5.003451989751017681e-01 1.651560356922891215e-01 1.431020851730850120e-02 -0.000000000000000000e+00 2.179999234876977277e-01 2.041164568320096018e-01 -0.000000000000000000e+00 2.807259286619586194e-02 -0.000000000000000000e+00 7.951086835198302172e-01
2.346141750726572495e-01 5.400248908393898706e-01 4.636482403474117553e-01 1.364954823497734615e-01 4.002197042422203088e-01 2.372146576553242625e-01 2.021535666663804298e-01 1.442745892059418356e-03 2.632936068184783540e-01 3.051070693319623550e-01
6.155697522491073714e-01 4.628168205749002007e-01 1.525459577097209307e-01 2.658984044264633972e-01 -0.000000000000000000e+00 1.367127919472965747e-02 1.712189939390256765e-01 4.670559628658705331e-01 3.644358846452820481e-03 2.554306920840149209e-01
-0.000000000000000000e+00 1.625790347236840128e-01 6.294890017385300351e-02 -0.000000000000000000e+00 4.207010632913448789e-01 2.671536956656105355e-01 3.741226784672839201e-01 4.782694031216015440e-01 5.255097372758028573e-01 2.763605022347525031e-01
7.697401825124158825e-02 3.010678038927561140e-02 3.648364022903703985e-01 5.597264841023859017e-01 -0.000000000000000000e+00 3.185973186267299084e-01 4.900425347695823719e-01 4.099307250759438581e-01 1.030416823918449548e-01 1.626730458806248947e-01
2.759853098139630756e-01 3.475680887154796728e-01 1.513224156900083162e-01 1.168527361542157084e-02 3.810596095506720293e-01 6.450667385290814737e-01 2.178855773383304162e-01 6.193223240624769199e-02 1.452439166918268187e-01 3.824532240908867786e-01
3.061517624124023840e-01 5.386168706045344479e-01 1.937222846753461347e-02 5.358119191591877162e-02 4.724216645458296782e-01 4.298492303321123087e-01 3.289201632818157806e-01 2.780668572300697416e-01 1.132261086841936798e-01 8.145148966567990201e-02
1.071618272364321250e-01 1.622958819354832286e-02 4.890612640589673266e-01 1.055580229878872248e-02 3.223317280953136299e-01 4.074524010639462013e-01 2.010619182329231869e-01 4.882091246451032429e-01 3.335474100543927012e-01 2.983579680708575710e-01
2.197567119632124477e-01 1.456183627615374732e-01 9.727744049884297362e-02 3.450489539255446325e-01 2.576241555649130266e-01 -0.000000000000000000e+00 6.273770308102035731e-01 4.098448364705239433e-01 3.099850610489875979e-01 2.791861861998043981e-01
1.692700017446175653e-01 4.462849651907294657e-01 1.291391732234733157e-03 4.263707604947260532e-01 3.964028446730972766e-01 3.128248447621215234e-01 2.884343910437020542e-01 1.471470122347265652e-01 4.518722921520653135e-01 1.623388275494828947e-01
1.929505377891952700e-01 9.127817464856109730e-02 1.578255600623200416e-01 5.182726752538767689e-01 -0.000000000000000000e+00 1.828708557353686537e-01 2.994179945815964028e-01 7.072467930014075810e-02 -0.000000000000000000e+00 7.299507146767739707e-01
6.380293286831925093e-01 2.868195527630511554e-01 4.630616465201835563e-01 1.444876697295662815e-01 1.486505204108875145e-03 3.261019733789016772e-01 8.912633909717772307e-02 5.086466041285014894e-03 1.574406309137280635e-01 3.691188280913230146e-01
8.389917763375963344e-02 2.036971557694551294e-01 4.127044717001067675e-01 4.532745616537035560e-01 1.999080787414201921e-01 2.939137500900517331e-03 -0.000000000000000000e+00 4.232932544560885114e-03 7.315907533576101462e-01 2.169702580020012664e-02
1.780080986037392218e-02 4.693849739091753293e-01 3.364083753420617495e-01 1.578557874227783098e-01 2.718912254817284491e-01 2.005468423994442306e-01 8.053905232531109737e-02 4.483137203178419461e-01 2.767272873048126289e-02 5.647038583479210283e-01
3.478007001875890736e-01 1.654224892538836700e-01 3.198389338736703502e-01 9.481653980547213867e-02 2.951934795664946098e-01 4.109251741163156280e-01 2.840972083261384951e-01 5.851734750389565587e-01 2.097581342200051102e-01 1.313261950850349025e-01
7.591670254376009508e-02 1.589073477685603308e-01 3.767429278674185728e-02 5.460168219121426247e-01 2.081151940270691350e-02 8.747518148155239426e-02 3.901500747916438437e-03 5.024861027181891648e-01 5.022699960901854110e-01 3.956813189064043446e-01
8.320981530334681242e-02 3.551138416716362930e-03 2.676012035083216722e-01 3.410683848777433802e-01 7.247498199710620259e-01 1.454332784585445904e-01 2.386034674786541993e-02 -0.000000000000000000e+00 4.286723274968176622e-01 2.727325580695472707e-01
3.661855333755341391e-03 5.485996912121006153e-01 3.865886117104088693e-01 1.934088283962973748e-02 3.139198766980195732e-01 1.799705449070470031e-01 5.445145488773937316e-03 1.006464239256267684e-01 3.764610750314762999e-01 5.161228205299588367e-01
2.566274370689355933e-01 5.705111194038955391e-01 2.668438160036555318e-01 1.264274928282172750e-01 2.535546941476522764e-02 1.808142528300983320e-01 4.954743668687758840e-01 1.621936223884516415e-01 1.957497915507640240e-01 4.219165723010920854e-01
3.348625499107073852e-03 5.276845048916485939e-03 6.114915349165108566e-04 5.710426644525232742e-01 2.179621532162594466e-01 4.649082053003889548e-01 -0.000000000000000000e+00 4.120793490911833779e-01 2.610677587622349805e-01 4.150396834807671964e-01
1.297191396284767817e-02 4.002460086876300505e-01 2.684494964549655194e-01 3.894269583594467399e-01 1.214615751421690114e-03 9.699058218049515928e-03 6.162923497544523510e-01 -0.000000000000000000e+00 1.021424603620035843e-01 4.749436643827760207e-01
5.883034486759368686e-01 8.616252172307279147e-03 4.514133781223159114e-03 5.429843016010867940e-01 4.543554217146211771e-01 1.596309322258601931e-03 1.546732459803750459e-01 2.964353138386593423e-01 7.447475691822326438e-02 1.875816838334854464e-01
1.378211281226055136e-02 3.506429808917656543e-01 2.353708120071894561e-01 3.548775461399443776e-01 2.228594025415333302e-01 1.018730130063945014e-02 2.110711995631878168e-01 2.932454612920308290e-01 2.198457063783801069e-01 6.832831627832988142e-01
1.949622326320026300e-01 3.288504094553825197e-01 4.466903294476424202e-01 3.346949041163666538e-01 4.292427961110809598e-01 3.242270967194545994e-01 7.606246309770503186e-03 2.579855785068226881e-01 -0.000000000000000000e+00 4.316331831820333087e-01
5.080549216428351111e-02 2.756376309292704052e-01 1.194927184902883598e-02 3.703132432213270819e-01 2.761766584897501486e-01 5.521770515542778757e-01 1.971633394527526686e-02 5.842556829286528197e-01 2.469075014755436059e-01 1.697707505788820237e-02
5.269642572374669820e-01 3.961847815805137341e-01 8.315479308202869228e-04 1.829439430173463166e-01 5.600455712865708424e-01 5.931124245374966297e-02 9.893205738827237639e-02 -0.000000000000000000e+00 3.519873065677573409e-01 2.846500154864926024e-01
2.664457891652307064e-01 5.257395851496173833e-01 2.402880919868074228e-01 1.979602637345080351e-01 4.769041263783320612e-03 4.638517944136980597e-01 2.640043850367472800e-01 3.299253488037111048e-01 1.651769288203544517e-02 4.020880260078870116e-01
2.042282159888084148e-01 1.725191274888726589e-01 8.000968924534371252e-02 4.042604416128776079e-01 3.528089359914264866e-01 4.455458073887671455e-01 5.325701734190583236e-01 1.344621421686305052e-01 2.052323001219518717e-01 3.031226902026485925e-01
2.504194878150332523e-02 1.046780931712658902e-01 4.277592442072450374e-01 1.583967878086470216e-01 1.720645133230825075e-01 4.803898051606684261e-01 2.873854067258920231e-01 4.067773865635587738e-01 4.533946525678131390e-01 2.575701795150479034e-01
1.961616037399518397e-01 4.123357525533946633e-01 1.445657859700351655e-01 4.384892648603345156e-01 -0.000000000000000000e+00 4.758914196730385515e-01 4.768882272161685809e-01 7.935589535251620641e-03 -0.000000000000000000e+00 3.526609595013789344e-01
1.928637060198947206e-01 4.246970013512569309e-01 2.410006656187321239e-01 4.286136679128394467e-01 3.171792833176622639e-01 3.276744124512863832e-03 5.630033708348951976e-03 7.334251734873683572e-04 1.236044595991977746e-01 6.517064664021195997e-01
6.080835448307310431e-02 2.676738259476541502e-03 4.254078581614630927e-01 2.187661449112980345e-03 3.243537884768571411e-01 4.210408011488807056e-01 3.991596934206442793e-01 4.885959678051187138e-01 3.048426953221963220e-01 2.045831410929206118e-01
1.029801366818288051e-02 7.219624640219624023e-01 8.418829537725042948e-04 1.255878936861961614e-01 4.128347408838840826e-02 2.926703832025664195e-03 2.486495942860449115e-01 3.308449806463705043e-03 6.021519049393893042e-01 1.917126746498120649e-01
1.925962841069937537e-01 5.582401857923535021e-02 4.151399258645667723e-01 2.843042694139833459e-01 5.975133536079979546e-01 9.408651495007619436e-02 -0.000000000000000000e+00 1.592972015799410529e-02 5.834823360192886721e-01 6.356270747930562771e-03
3.962097531970608100e-01 1.075006752224765168e-02 2.532549573562922762e-01 9.261506133129546528e-03 3.275137458572775495e-01 5.962102750063403254e-03 1.736002099570521373e-01 1.522650994548977177e-01 3.262268499092613738e-01 7.152845358267366782e-01
7.060172017417736257e-01 2.339164901895304880e-03 3.997679220638227643e-02 9.752778002990973583e-02 -0.000000000000000000e+00 5.229006166992883516e-03 6.282278096739699058e-02 3.465758366162122739e-01 6.052566170802294865e-01 -0.000000000000000000e+00
2.435401826296245686e-01 3.628597747143456065e-01 1.557515558972850100e-01 5.454159679345924605e-01 4.148546970963556402e-01 2.902756349618398901e-01 -0.000000000000000000e+00 1.606712120990781423e-01 1.483300377846074325e-01 4.279047039172995670e-01
4.008878206620425377e-02 2.170673937489524252e-01 3.023551860056176155e-01 1.328576181405310974e-01 7.179547101322895086e-01 3.651213392313786277e-01 -0.000000000000000000e+00 1.199535211969213061e-01 4.202403492570580545e-01 4.941127772613450320e-02
4.585992126086173570e-01 1.861111625326290486e-01 3.599655758093479596e-01 2.381799222182615083e-01 4.992065947249978153e-02 4.264355506175259158e-01 2.309821265761620099e-02 1.193543581496286400e-02 3.644752647400604367e-02 6.183856005317980298e-01
2.451867717415616432e-01 1.471504548236214349e-01 2.183729742237343896e-01 2.956187849038278137e-01 -0.000000000000000000e+00 5.693771206072829882e-02 4.429415419972224099e-01 2.255286265287299585e-01 1.674107070316795953e-01 7.105099224180106976e-01
3.752898933566988227e-01 2.518418998414466148e-01 5.220680818171695436e-02 2.354818708292421015e-01 3.193793330605749214e-01 3.155311481875499036e-01 8.767916304722712939e-02 2.287005222750181643e-01 6.897196076487367433e-01 1.697426167405289774e-02
2.538846006245299436e-01 2.311451419272216867e-01 3.476066330214463429e-01 1.078448846880836060e-01 1.810246752342043464e-01 4.396233895999335922e-02 3.713697005821765540e-01 1.726487455009554942e-05 5.779094782535530994e-01 4.930073045107210006e-01
