1.812208219358047573e-02 1.112898892724822619e-01 3.208655812422269160e-01
2.891667337606624081e-04 1.756487748882975966e-03 -0.000000000000000000e+00
4.983606110903104208e-03 9.403667896159336945e-03 7.917256492085198438e-01
1.205279950698392222e+00 1.257153400419281697e+00 7.960216517059782726e-01
-0.000000000000000000e+00 2.853956285527822767e-02 1.157900965713433816e+00
7.408023443049954748e-01 7.835653307059949890e-01 4.665653263421828401e-01
-0.000000000000000000e+00 6.449057819363908329e-04 2.465885916910940610e-05
1.205251644315260329e+00 1.613614777460469982e-02 3.527283463580667133e-01
1.688446118149323105e+00 4.282020182677569453e-01 1.062094764041846995e+00
1.140492944134655406e+00 4.446543654571475934e-01 1.947155532336795614e-01
1.457029585887942291e-01 1.192859577343490907e+00 1.588731997075603156e-02
1.193688353886354303e+00 9.315893846164970127e-02 1.574982218974891879e+00
2.121198261561225984e-02 7.253124129637323891e-01 8.171287019912428784e-01
4.557937024375683377e-01 7.494637243078545730e-01 -0.000000000000000000e+00
6.021175191083072420e-01 1.395308397681517543e-02 1.076580994458125717e+00
3.632921169311852938e-01 1.368887683561248025e-03 6.356759081487967089e-01
6.874823128765147340e-01 9.279537223416299552e-02 4.037827519647250729e-01
7.913685572823926373e-01 1.046729387378637188e+00 -0.000000000000000000e+00
1.207542409378913328e+00 1.835152515589764555e+00 4.133225541854932961e-01
4.385672502798623196e-01 1.134652193276921607e-02 1.989607457337796648e+00
1.880826416252798505e-01 1.734425229852782691e+00 3.805824833208550362e-01
5.839055402463353417e-01 3.504718132751143411e-01 2.028859414424980301e+00
2.017971385907238790e+00 4.338548899716829221e-01 5.513166224435008672e-02
1.206730358817319937e+00 1.314259242359426816e+00 8.079514300347230282e-01
9.289318062194502623e-01 1.007126889330405728e+00 3.387573081346985093e-01
6.050368234512856214e-01 9.283072885344021419e-01 9.006883978986276462e-01
2.042518950482111961e+00 2.468199983280047860e+00 1.536784371659815907e-01
1.796353511367896783e+00 1.018531961802558117e+00 1.485091399030104460e-02
1.464905800307654493e+00 1.574791602948657221e-01 1.732721273316121469e+00
1.896943236980298542e+00 5.032135848540159051e-01 5.177163533443330801e-01
6.070345856188409384e-01 2.374917968096286636e+00 1.588807042364400290e+00
8.094737439425933045e-01 9.134436306592242927e-01 3.295533991490871622e-04
1.274528696002421579e+00 3.730467826338962900e-01 1.853239575123672156e-01
9.319672529738017852e-01 3.347014999458258755e-01 5.249917622133041042e-03
4.505958789990135820e-03 1.655126042091109584e+00 -0.000000000000000000e+00
1.627853774309472534e+00 2.025119628766797408e+00 1.178305646389086608e-01
5.820255633001824025e-01 8.857010730758030359e-01 1.165269489054377577e-02
1.810208612741157852e+00 2.001971844969309355e+00 7.495032713395425317e-01
