1.185988093364327867e+00 1.442096897270087226e-02 1.733522968272579678e+00 1.028822794133242846e+00 1.418083963362882886e-02 2.997601148004252369e+00 3.032395607622180300e+00 8.029772381725345243e-01 1.326764961128679809e+00 1.015612209695744214e-02
-0.000000000000000000e+00 8.362048911265929085e-02 2.871728066257487999e+00 -0.000000000000000000e+00 2.655716332487316311e+00 2.609588844192760160e+00 1.600992293411302586e-02 -0.000000000000000000e+00 -0.000000000000000000e+00 8.627008547425858362e-03
6.642779425356448719e-02 4.981568533356703909e-01 3.222991107956773682e+00 1.446769962260827319e-03 5.806991314320540063e-05 3.865805049291776374e+00 5.647273917037008983e-01 2.578101724797549732e+00 9.501983194901271190e-01 -0.000000000000000000e+00
4.319457887165398802e+00 2.790073331736717677e+00 1.542291094514135902e-02 7.556244163648256906e-01 1.031862585938787477e-02 5.500921258449470441e-01 1.689558893345755486e+00 5.189754009283927161e+00 3.718904467243925094e+00 1.674373837422856948e+00
1.217770997553233370e+00 -0.000000000000000000e+00 4.048236294774127053e+00 3.797120528651035023e-03 1.283897088207768267e+00 1.665727692957815975e+00 2.425097595147304025e-03 2.817495356653084482e+00 1.536578597554404180e+00 4.143896646675963025e-01
1.132471958117535829e-02 3.241002595696560462e-01 7.950720421565717760e-03 2.400032528923692343e+00 3.762948658540050229e+00 7.975874861181692782e-03 3.033446997590878880e+00 6.592367668742573628e+00 7.591493551221122349e-01 1.393761773949678373e+00
4.582487185349097721e-03 5.508653493605751399e-03 3.791343152083759271e+00 9.908749431107422012e-03 1.035392898624431027e-02 9.243108579185086923e-03 3.003710571312261379e+00 1.211207949703655730e-02 6.476272596927302658e-03 5.108330255741844184e-01
4.324910433960731451e-03 2.704751847798811948e+00 7.396266253790230172e-01 1.300356513073358533e+00 1.871855560159641829e+00 4.402565023288615986e-01 2.845706957138577908e-01 1.738325436487192510e+00 3.543137627075360729e+00 3.894265654738852778e+00
1.087510997459362860e+00 3.986763131416347361e-03 1.586553569467866298e+00 5.775917598383283114e+00 1.644221204696884486e+00 -0.000000000000000000e+00 3.060684621127371496e+00 2.631616369649481868e+00 3.956249742699442518e+00 1.994314194071469926e+00
2.210633602309880708e+00 5.095067023267020545e+00 2.046311377203625881e+00 1.529356585467737784e+00 5.130221159349035442e-01 9.047074096161554779e-01 2.797133904889885780e-01 1.419952344375309927e+00 2.426142849693144754e+00 9.760190423641111890e-01
1.814893455349864571e+00 1.388928760479195279e-02 1.864905045415862495e-01 3.048278589666987282e-01 1.615198152855276792e+00 4.093497815339556034e+00 1.041724511107915196e+00 2.161689756659286754e+00 6.970444523765159835e-04 4.273186333286636440e+00
9.780722434655515080e-03 7.505940765156506878e-01 1.830970644316484153e+00 3.977734110592812122e+00 5.265709317532157874e-01 4.968772722825600674e+00 6.225469063505048410e-03 3.067049869888300417e+00 3.563884091400709941e+00 7.239685250188340193e-01
3.056456880652760333e+00 5.165005916060618762e-01 2.283205470358964817e+00 3.062472308863834684e-05 1.237221251787906477e-02 2.862602092410347687e+00 4.539286401555897021e-01 2.776215896438968933e+00 1.571316324783941010e+00 1.756841627540652873e+00
1.232426960871996879e+00 1.149953077531031854e-02 4.310400931396655144e-01 2.978384875688726119e+00 4.640944700185443625e-03 2.317541534087015076e-01 4.394023893786746626e+00 1.808804199763169029e-01 8.259300584947435464e-01 5.424662002962031160e+00
2.472306682732501315e+00 3.763144081296270760e-01 3.418508505399794117e+00 2.513620657489351373e+00 3.155140078715818613e-02 4.582950153008315541e-01 2.457919845356683342e-03 7.750100131238340725e-03 4.013187659207951619e+00 1.048996481197584707e+00
1.412263601543590303e-03 1.915682949152673675e+00 3.361754595556392555e+00 2.568300563230661471e+00 7.834992082519560974e-02 8.677612357059846238e-01 9.015854770801449147e-01 8.933425648914811168e-02 2.385677427561530006e+00 1.110394998561214583e-02
5.377616430102248948e-03 2.806146667983805756e-02 2.271375706360223568e+00 4.331479200975587140e+00 2.902711947294101424e+00 2.555577889013189719e+00 8.215525861709743055e-03 7.253586420394315670e-01 5.490427321496813562e-01 1.025424703546653715e+00
1.131782046259118824e+00 3.635559478068349559e+00 1.576401713791162826e-02 2.337704280343629870e-01 4.843537561749956311e+00 1.201540032633677778e-02 1.773949419559220711e-02 3.164963446583783924e+00 1.270495306000966718e+00 4.107060475650731846e+00
4.204072029194183102e+00 5.321410249890475876e-03 6.229726143893802573e-04 6.068847594138454538e-01 5.051273725373501833e+00 3.003470951878524975e+00 3.921075761365687917e+00 6.755516605011500086e-01 3.172046389307848990e+00 1.239579704058372915e-02
4.175645512100354395e-01 1.648515858143601465e+00 3.114978282633788620e+00 9.591661896373110743e-03 1.411153782762019748e+00 8.437403629515295433e-01 1.354575081900249653e-02 3.174121073886036370e+00 5.389143544023525578e+00 6.228943150062564611e-03
6.405620277517622085e+00 2.410064767266076213e+00 3.420070009184569271e-01 9.621262427765838732e-01 2.609387804936249999e+00 1.804355133750108319e-03 2.640373745256110178e-05 3.332923705049952279e+00 1.362740793792158178e-03 8.920517092644061341e-01
9.954221018161217849e-01 1.114742860097898414e-01 3.370002273706205642e+00 9.881348510728137080e-02 6.040633600153396676e-01 1.197324296186536019e+00 3.308807549603482556e+00 1.436539686427795726e+00 5.685667934270907331e+00 4.526251601619767917e-01
5.149579002411158561e-03 3.686077735601955396e+00 5.177579366116484838e-01 3.668503024498734000e+00 1.918796265984511029e+00 6.729980208175730949e-01 5.165811942874359630e+00 4.792881475766033912e-03 3.186087581747794495e+00 9.369709968612691675e-01
3.906919066360714510e+00 2.359298466070186340e+00 8.960213689292656492e-01 7.121190048423584606e-01 7.767526576360911372e-01 6.655710275922548380e-01 2.424242473498753103e+00 1.266263701880734338e+00 3.879525878378351944e+00 3.794179995833669494e+00
4.482836199271168276e+00 1.168574832633902716e+00 1.368695930518452508e+00 3.470507848578478161e+00 7.242239039480238838e-02 2.363087468318333606e+00 1.274533799745050766e+00 -0.000000000000000000e+00 2.099662541290420847e+00 1.502015935963996851e+00
1.095342287765661560e+00 1.729791208728533647e+00 2.669500283266449170e+00 4.230102549378272236e+00 6.552646470784854182e-01 1.264934915807921945e+00 2.086386225953757112e+00 4.887724007197128628e+00 4.915850553790977462e-01 1.582213638456346494e-02
4.384514232487426888e+00 3.645078253256660350e+00 1.006682119392833356e-02 3.704844442603343335e+00 2.445274982193238689e+00 4.906641206498221663e+00 3.060656862134583100e+00 1.483742214175299168e+00 2.029588233146812470e+00 8.425356439493021377e-01
9.061041614557465707e-01 3.810306618705852966e+00 4.517796761683274265e-01 1.414955058570922297e+00 5.302250031737599123e+00 3.515503112466501712e+00 1.114885901419322867e+00 2.271580286878338295e-01 1.969088435427291950e+00 2.953617982257658259e+00
1.027813728784876757e+00 1.963954303014012748e+00 2.910677287977546435e+00 2.415993832297262944e+00 9.603939000270175219e-01 1.676162996301587826e+00 4.921650783469997958e-01 2.918747037843136827e+00 5.230755170283341471e+00 1.755192039136365886e-02
2.785434211813058170e+00 2.225797025195063394e+00 9.286990209621357462e-01 5.007031000326523262e+00 2.996428252380041179e+00 1.667536884623653348e+00 1.211054455306997069e+00 2.320925498833940059e-01 3.233129068570836040e+00 4.065520167587783479e-03
6.080425716608331754e+00 8.771920642858052272e-03 1.074357378274646724e+00 4.477965695849707266e-03 9.481945031314334971e-01 2.399531955909369518e+00 5.793741285914161487e+00 1.866151637250759387e+00 3.649063992103732890e+00 9.528394626668815759e-01
7.393754656117348389e-01 3.414938666556630587e+00 7.916792005033255197e-01 3.763309153501529281e+00 1.010894741296200605e+00 9.682513044095771848e-01 2.727419012164010503e+00 4.968520700811566715e-01 9.084451146247597697e-03 3.961561739068218291e+00
1.587186266638693916e-02 3.780203718027223214e+00 1.818916542979062134e+00 7.354773456378296270e-01 1.195583167334326902e+00 3.874966688834451833e+00 2.368590558086333068e-03 5.520999586229607785e-03 2.260877223395056923e+00 4.862008241189021085e+00
1.153035044882632087e-01 4.832984660159385548e+00 6.871658710871651581e-03 5.101583122918207369e-02 5.587856771594182925e-01 1.398369989752664910e+00 2.443307255752397378e+00 6.896656600828912076e-01 1.869701790324080015e+00 3.272077126873304653e+00
3.646013621962904239e+00 5.221446411126913212e-01 1.893390929559404467e+00 8.235022207137104172e-03 2.697543810481552118e+00 1.735128201083692367e+00 4.086209181163440896e+00 2.449303836143605917e-01 1.282835795100630352e-02 8.732489078679126493e-01
3.415062030110421087e+00 4.023226850040924063e+00 2.877133442848767153e-01 1.091009998870956510e+00 2.034668231360832635e+00 3.634985529576781893e+00 3.498950442085503099e+00 2.468670872637231284e+00 1.605965818862192807e+00 1.642252802693516811e+00
3.671870666826795748e+00 2.935122848505267612e+00 2.054697381159277025e+00 2.677122569849753386e+00 4.145360503419585285e+00 1.553290976543717124e-03 4.955707728854833460e-01 6.004211226437725958e-03 8.952123598367335913e-03 9.349768544539519000e-03
4.118848774686731495e+00 2.029961769255884008e+00 1.067753291724803013e-03 5.451164868152146958e+00 2.854860431307830460e-03 4.160989569548044997e+00 2.722891768565351978e+00 4.336991275147745739e+00 1.835666500413730695e+00 1.418389589098985715e+00
