9.767786184545731443e-01
1.377411183050190058e+00
-8.221195102855916037e-01
7.944746980625416732e-01
2.218876584871455115e+00
8.267074365214994655e-03
2.562617846747536010e+00
1.540105874815764553e+00
1.972776280519328962e+00
1.911739588749250984e+00
4.081943388940443285e+00
5.321769470818783709e+00
1.668668032080866948e-01
1.966225484542236002e+00
7.112707552806050160e-01
1.361178864353850271e+00
4.548700160947041216e-01
3.286484399901258069e+00
2.408769021395481769e+00
-2.564610053951725366e+00
-3.064419837991671502e-01
7.841933911310795535e-01
2.875364865407415316e+00
2.428720264149697439e+00
2.792233470643885163e+00
2.518268314433688815e+00
2.164405949061024348e+00
1.600231137624612554e+00
1.708598231809812518e+00
2.575380579476242104e+00
2.177912709223325471e+00
2.602080022083693933e+00
3.053734710103851224e+00
-4.238526853288811513e-01
3.173463964124209724e+00
1.761285994396540655e+00
3.471182045903471902e+00
2.374673578225502180e+00
3.012232211598154574e+00
2.771248377870205726e+00
1.539627027002862025e+00
-6.463936288271087127e-01
1.068591976748729966e+00
8.079083617099790393e-01
5.111660671896666841e+00
2.356640573316218568e+00
-4.764531159671681060e-01
2.291321459484585432e+00
3.558888450706588213e-01
1.483060239299766936e+00
1.347830720171536045e+00
1.170101852053970326e+00
1.931359898376622697e+00
1.448540235932262554e+00
4.138795816870043609e+00
6.502537883211487735e-01
-9.522534478680084319e-03
3.160714186242207235e-01
2.462404098946502806e+00
2.180895758804246576e+00
6.120419402558151534e-01
5.501916053667561535e+00
5.077954607443841972e-01
6.199993154755500946e-01
