1.373053778256510427e+00
1.978842154574902201e+00
1.196717052280183768e+00
7.261122098262747793e-01
8.337899074786881970e-01
4.572012658809367025e+00
1.121731236367302209e+00
1.054811185911152638e+00
1.175166221902602226e+00
3.117250313360866998e-01
1.221030410654483367e+00
4.228314067086362371e+00
7.131438473351112695e-01
3.083560424773634345e+00
1.261319225051991788e+00
2.656274680625000162e+00
2.181099027095214193e+00
-1.784038328466281131e-01
1.389714713926695433e+00
1.494377762687816968e+00
3.604529224812311750e+00
2.227989345397792587e+00
2.973679466590254394e-01
2.585872765952675234e+00
5.919489841315944689e-01
5.006109287273113884e-01
7.575824602624644521e-01
3.971282266538294081e+00
3.869558640412253059e+00
-1.126345276531406370e-01
2.151999472414913406e+00
1.692843659181434701e-01
8.993457512578453272e-01
1.012390996835079937e+00
1.772222216243242832e+00
1.111115091968017499e+00
4.204021474409668890e+00
4.838428764140453531e+00
2.225872330287386180e+00
1.858290682507629077e+00
6.402145229101748880e-01
4.575073874724576051e+00
-1.252064026167379440e+00
1.287542721913714105e+00
1.648432681170214797e+00
1.086866286318916242e+00
4.159422111256820820e-01
3.368001453003088841e+00
4.530205750481075988e+00
4.311201818722441459e+00
7.012442963906551086e-01
-2.283962189107220653e-01
-8.030605839670708068e-01
-1.048228678279666537e-01
2.395934346480216970e+00
1.511149417962994068e+00
5.476310628387174306e-01
1.919350960276564377e+00
1.825284802051269750e+00
1.954932615248197392e+00
2.994673013732602751e-01
4.364297682639257103e-01
9.934654911379821041e-01
2.695300906005670072e+00
5.220977680798249976e-01
8.376442785975186656e-01
2.186088943253642114e+00
2.100801654385596962e+00
1.127651751309794781e+00
4.613967026667683768e+00
1.575385411383058765e+00
2.088472495859271305e+00
2.200049769890032092e+00
2.890565633353448516e-01
1.185424605161132794e+00
1.365822356981192920e+00
-5.532219387017439649e-01
-7.465375906544954310e-01
3.694860864325543393e+00
-2.325417687356138019e-01
-1.413704858807527387e-01
1.779140070516476380e+00
1.731237718761390543e+00
1.756630036538879391e+00
8.553506388071822064e-01
3.968455086626426542e+00
1.675860232722824916e+00
2.698696449305892475e+00
1.098389204585077827e+00
4.533022078968658719e-01
5.730526425791929723e-01
2.460006687680921900e+00
2.106860132595990975e-01
1.126490163007411782e+00
3.926923007038578994e+00
8.980901389177430305e-01
2.338700830075628012e+00
8.342462822516617804e-02
1.024418455329367594e+00
5.596371168296669918e-01
4.125656292826440641e+00
-1.418960643511460340e+00
9.327103715861518873e-01
3.933734316092548866e+00
3.479621882018968382e+00
5.050087831942439154e-01
-1.454186263730025352e+00
1.086261820731277306e+00
3.365666339447769051e+00
2.620833751967476033e+00
-1.216012444159051631e+00
4.257117532466224930e+00
7.430802484196598057e-01
1.426858507401962628e+00
-8.387283321846662476e-01
-3.878957729550754352e-01
1.227322505999888458e+00
2.521613211430207002e+00
2.908262344129897148e+00
1.117075109224842988e+00
2.134226136335435786e+00
2.584929028078799540e+00
1.287405924208607555e+00
-3.416698549535325813e-01
2.626116997740099102e+00
1.044375341155233228e+00
1.985822988131188405e+00
-5.670136002506075412e-01
1.832005263938500939e+00
2.931093497427908368e+00
3.121154698786106074e+00
-7.291291306428923091e-01
4.341349320439872095e+00
3.890360538795666123e+00
2.848059886676091335e+00
7.746269253894060292e-01
5.879198398095374367e-01
1.110209993907957271e+00
1.534590275352906596e+00
3.595993228345891524e+00
7.364112445869872570e-01
-6.091183551106164190e-02
3.188435525252145020e+00
2.134509476344906176e+00
8.373139294547234934e-01
1.536190697751292245e+00
-5.630114617226407159e-01
3.268808898209528468e+00
2.105998261876917521e+00
5.060556596581167882e-02
-1.411369960640102450e+00
2.143652997789266212e+00
4.337462681067688841e+00
4.395289030376872574e+00
1.533837804717327780e+00
6.007278783948983847e-01
3.456059886470985276e+00
-4.775892202393883235e-01
-5.819909326011619699e-01
2.220701574522277344e+00
8.485992233813097751e-01
6.407759479037895833e-02
3.549808765595392490e-01
2.955697522239496777e+00
7.909222690875934436e-01
6.070599811818393476e-01
4.367136042248742633e+00
