-2.102778379605136361e-01
-4.418763246422358626e-01
2.701262556540355853e-01
-8.752238392533642775e-02
3.710503604290360524e-01
8.062973735687209986e-01
1.036127309748940295e+00
-5.494847144336687528e-01
-1.313109061050235393e+00
8.476480746586189108e-01
4.900720451039163872e-01
7.911226066631870113e-01
-1.771200674307529810e-01
-6.706908178440855739e-01
-9.032469645454456186e-01
-1.840306872921983472e-01
-4.437506132652933033e-01
3.338521243120502746e-02
3.676433960628535114e-01
-4.393953434844487527e-01
-8.904332439609402572e-01
7.070616328623580138e-01
2.762503608380745823e-01
4.821635817828998083e-02
3.114283797683444766e-01
-8.814356571739773161e-01
1.789009462657610516e+00
-3.299794041714632642e-01
-2.571635100744714131e-01
-8.762548206660401851e-02
3.948872532148092196e-01
6.473255413574405814e-01
-3.667476908038636019e-01
1.675704221485910528e-01
6.064234216768408237e-01
-7.966412124505923842e-01
-1.841041723521037177e-01
5.652780153006948805e-01
1.322766377113091252e-01
7.336744150461191882e-01
1.028504395032773910e+00
1.446382280025650502e+00
7.598358550188871741e-01
4.484828943634333598e-01
-1.910064849440523969e-05
-2.134664062279827967e-01
-5.631526349633444450e-01
-1.768194038134057733e-01
-5.931178924274421727e-01
6.535188220435759199e-01
3.327784208085436402e-01
-1.143184168715781351e-01
5.746378508253784795e-02
-3.266521669607376777e-01
-1.345042734881210400e+00
-3.572695901716844147e-01
-4.784359992435709974e-01
-1.154740151617318113e-02
3.682736544451857275e-01
-4.280870693002511440e-01
-1.848941457586311121e-01
1.928069856197611454e-01
-6.878885692366769333e-02
5.585089928128464942e-01
1.228251613230401107e-01
-5.007345733911761076e-01
3.296684975874795143e-01
-5.373053199225036325e-02
-3.976111802788887539e-01
-1.719779214025990155e-01
1.787421329143833726e-01
8.031409252171795021e-01
-9.922556574067088464e-01
3.525683914636558725e-01
8.194197076518670853e-02
-1.295484412297922105e+00
-3.460630484629348413e-01
6.359628953629012371e-02
3.357427984118264153e-01
3.487762956692744831e-01
