1.589091779851991015e+00 3.942833962704512807e-01
8.328422041014488242e-01 1.767344633162805767e+00
1.460550299282228071e-01 1.134494849208705636e-01
-1.493998434047993096e-01 1.100012431836291382e+00
-5.142310347313354679e-01 1.339805035660011079e+00
7.057365404839308631e-01 6.896274064303364870e-02
-6.992543275595169971e-02 7.923540773331456677e-01
3.032576380924205672e-01 1.091411414025208887e-01
4.987616398342199497e-01 1.587449265513233010e-01
3.868782054323502417e-01 3.007567427529923343e+00
2.100011717417351154e+00 6.987352037171923325e-01
-6.344399207224639403e-02 -1.767582717717033347e-01
-2.364045610235786798e-01 4.663234596646927965e-01
-1.358314053914927988e-01 -4.415156435748259639e-02
1.429467607425783271e+00 4.432842478456586743e-01
1.493030228990785302e+00 -6.180894273605223033e-01
-7.303120097872407845e-02 -4.565143046485202472e-02
1.632739761622195918e+00 9.253868412265391363e-01
1.257170939025518096e-02 2.597851089623974888e-02
1.815742282632027083e+00 2.396445110266035017e-01
1.893603133086580570e+00 1.576611362251220325e-02
2.929711200317056674e-01 1.007970256102644679e+00
-1.537501279339753835e-01 2.748767665131694127e+00
3.567683096261670350e+00 5.539287477098111534e-01
1.098492693600135350e+00 7.558437202416531386e-01
3.311551532468307718e-02 -8.385271708826433357e-02
6.833822748343248987e-01 4.956105837109834877e-01
8.535747564256287445e-01 1.182694470474429771e+00
1.026564771248712066e-02 7.479082868121406102e-01
-1.890364606282676080e-02 8.951273295203369118e-01
2.113153768090268336e+00 2.339019847056727774e-01
6.756143331384176776e-01 1.426907681509987924e+00
1.876403796037432015e+00 6.458213430154319257e-01
4.637456398235834110e-01 -8.526965035582362296e-01
2.568664706159552669e+00 3.322420564433792994e-02
-1.410245797694949510e-01 2.335714021571296595e+00
2.673693819295218654e-01 1.952033152728140791e-02
7.877765266258868193e-01 -8.444533997724309460e-01
1.588990354656089732e+00 2.612381499756319392e-01
1.060494114411772784e-02 1.242102348607946105e+00
1.787122635663029424e+00 2.659961654740486403e-01
5.416038887110202760e-01 2.049840608030005562e+00
5.337875507063338798e-02 -2.974642364870111466e-02
3.936712036856552799e-01 1.513664713264383899e+00
-1.290383191990688516e+00 4.979230552135329585e-02
9.118651886106244886e-01 1.641166362870519091e+00
1.341854938501970906e+00 -7.428172153421706003e-01
4.366843943470847256e-01 1.758621182310971531e-01
3.130099335845339503e+00 1.782405826690517614e+00
-5.181659280273004375e-01 6.650396225298592645e-01
-7.321350362096959961e-03 2.525745833267833973e-01
-1.103398590483117281e-01 -2.949569665462582063e-02
5.753598471968660588e-01 1.529176782626231690e+00
1.753504014196965555e+00 5.487582028415732838e-01
1.996108873693443586e+00 1.287657173691678203e+00
-7.342553440199532655e-02 7.415962713597243905e-01
-6.328704883064790732e-01 1.099204740362549781e+00
1.927724381896108174e-01 1.919150361384275971e+00
1.142640864841069970e+00 7.727332766648321583e-01
-4.679923610075655827e-01 3.626084139818893104e-01
2.064239757173544021e+00 3.465713875312872450e-01
2.410479495613863321e+00 -6.966464819006012998e-01
-4.607204620641416337e-01 1.455746701616849048e+00
9.651363204785597949e-01 3.611939383141453686e-01
4.409099743374964575e+00 1.434854969640722233e+00
2.202874804833852451e+00 3.621531527567146136e-01
2.566127992150679660e+00 6.105475104082981330e-01
3.576641976504715825e-02 6.250305360751867711e-01
7.550403998036340214e-01 2.327369234474183202e+00
2.699036407510476021e+00 -6.762558416425396013e-02
1.176083255002160266e+00 -1.003366688030787657e+00
4.448044060721382809e-01 1.268271139706602435e+00
-2.679988843753066674e-01 2.656840577042368423e+00
6.323134335218320023e-01 1.284138425953582185e+00
4.510550142331552492e-01 -9.173955036681542552e-01
3.313335122801607247e-01 1.504386836619279411e+00
1.370868625248273132e+00 1.914156533455350084e+00
1.390055980616320852e+00 -4.115103067723261399e-01
2.694288862396819084e+00 -4.946420048353501464e-01
2.157089821467943036e+00 1.147537825535952516e+00
-1.382976305375579196e-01 5.259068273429872153e-01
1.161903256994403638e-01 -1.109723755179577720e-01
8.400265827590708279e-01 5.012761141080100957e-01
-7.259592779687178421e-01 1.123709848820935386e+00
6.998684432763958574e-01 1.439755664468080676e+00
-2.254392958550270956e-02 1.673754804329565582e+00
2.653317047426570596e+00 1.251845989872433673e+00
4.269112008080107601e-01 2.811513092273066672e+00
2.218722419619460151e+00 -2.499180925203148620e-02
2.424308832762247068e+00 6.535445521623903797e-01
1.511511184940621311e+00 1.839772333742451804e-01
1.027269474510500658e+00 1.024446064582425153e+00
-8.079690285842459907e-02 1.241081293897283055e+00
-1.488800646811285100e+00 4.556179438087037958e-01
-1.819455969295036946e+00 6.215653942753310984e-02
2.221365308008075079e+00 2.258977405352280421e+00
6.843889655819200835e-01 6.252796281098270681e-01
3.606193992350707589e+00 3.419063674370809824e+00
-7.977386835080465532e-01 1.011361337668203797e+00
4.234054385357823719e-02 1.918944287095086354e+00
8.902856599260702275e-01 1.164427753385943287e+00
4.308664160768839457e-03 -6.585752168408298690e-02
2.748206719349665761e+00 1.050613026128758287e+00
2.002874215435568039e-01 1.445856423713755889e+00
5.557054801752634582e-02 -3.756524672973331896e-02
-3.939022187940069419e-01 1.984798930065025668e-01
1.554678052697042512e+00 -2.979646916776590992e-01
-6.841626790678274617e-01 -4.028682168786147377e-01
-1.531764691945393941e-01 2.027174241715159475e+00
1.975922453984165550e+00 2.908636192363811102e+00
3.210496082123666106e+00 9.029040210453642690e-01
-1.276079414086109254e-01 1.465154189068209323e-01
2.323701250694727369e-02 1.128488628019362269e-02
3.109923825548919663e+00 1.145409896122699056e+00
1.428403778708012828e+00 -5.266635221964452995e-01
8.909974712737071811e-02 4.132630678029198396e-02
4.764788431244516564e-01 1.924789610073708968e+00
1.367757265751119000e+00 -3.320456452076928078e-01
6.148866255681151305e-01 -1.946744443545170400e+00
1.066950824376281748e+00 8.696515421671316970e-01
1.196060077859518317e-01 6.583790266754468989e-01
-2.568087675142092241e-01 1.480094759746739985e+00
1.740384974891068692e+00 2.038370135615331424e+00
1.890606225060788459e+00 4.359815720007844675e+00
1.108019638052357925e+00 1.014939679794219174e+00
6.920480488336101521e-01 2.423800353378500638e+00
1.884328572990521533e-01 1.841399283229892658e+00
3.165000485897401017e+00 5.591664323639266021e-01
-2.971087864328121886e-01 -4.328768120100744410e-01
-8.200595209214844861e-01 1.033123129945519914e+00
-8.261265668275452612e-01 3.000392055548483761e+00
-3.586680237646831526e-01 1.929374467519049619e+00
1.390382093757056348e+00 -1.040032562471471911e+00
-5.361094272909481401e-02 -3.111081714046666225e-01
4.338101604486701568e+00 1.692297196537073223e+00
7.047864892069481968e-01 2.326390142591554522e-01
2.048607054385151116e+00 -7.690975887789497367e-02
2.666529700706087525e+00 5.395959961516051395e-01
2.023226828358594964e-01 1.495015902303510780e+00
1.725660530242324686e+00 -5.212343918922693886e-01
-4.915387036953708377e-01 1.658419364527105255e+00
4.292029911668907016e-01 5.068806181295806290e-01
2.247973605674247644e+00 -9.464289204079062712e-01
5.172165347137505087e-01 3.253527299770382353e+00
-6.170164077439142802e-02 -4.904150896230486389e-01
1.558838293012837939e+00 -6.957246236786813753e-01
1.518230959492409049e+00 -3.905679986930650771e-01
9.841303154049670932e-01 1.534932096106285115e+00
6.461560139547441184e-02 1.542835039516923024e+00
1.760474750577370795e+00 6.602377182943815204e-02
1.451557936881413102e+00 2.031790936320339025e-01
-1.810043761705770471e-01 9.581860874328940181e-01
-6.405940701381537261e-01 -7.041322117338805198e-01
2.007285453218833560e+00 -5.372123687268309800e-02
1.695565141347864069e+00 5.302456099547347979e-01
6.020398147471298089e-02 -2.436675595018696627e-01
2.058495228747402983e+00 5.458117479555674167e-01
-4.949508036992446569e-01 1.355753095563318800e+00
