9.140000063120203855e-01 4.057141708908217348e-01
9.708798531284751343e-01 2.395669234039430329e-01
3.777569748491537704e-01 9.259047834161003854e-01
9.999615485272868032e-01 8.769348146286675208e-03
2.452401249345171133e-02 9.996992411776759457e-01
3.162680706282545960e-06 9.999999999949987783e-01
9.138368809841238560e-01 4.060814634444772642e-01
5.332775656139235876e-01 8.459403276903680879e-01
4.754914900123192179e-01 8.797203208553640019e-01
4.215760699596595752e-03 9.999911136413781598e-01
6.402912988375623060e-01 7.681321843490920287e-01
7.024682990108478409e-01 7.117150334823664215e-01
9.836610923637548742e-01 1.800301512795691450e-01
3.230657751447665177e-02 9.994780062859318637e-01
9.808864147880234086e-01 1.945811945803030962e-01
9.999999994000409176e-01 3.463983540793536594e-05
9.189261972736224582e-01 3.944295171057050076e-01
-0.000000000000000000e+00 1.000000000000000000e+00
9.782555728692743369e-01 2.074030716990659939e-01
7.621216807087430878e-01 6.474338142186278899e-01
3.147676521144975315e-01 9.491687548493822346e-01
9.215667030827731088e-01 3.882200558564021797e-01
-0.000000000000000000e+00 1.000000000000000000e+00
3.022936909404785790e-03 9.999954309157825794e-01
-0.000000000000000000e+00 1.000000000000000000e+00
1.000000000000000000e+00 -0.000000000000000000e+00
8.506230947664388253e-01 5.257759510000110659e-01
1.000000000000000000e+00 -0.000000000000000000e+00
7.297533857837684712e-01 6.837104620649930853e-01
3.277471933327052445e-01 9.447654615101752640e-01
6.699883621184096749e-02 9.977530535890426489e-01
1.760387738896015686e-01 9.843832333433182313e-01
9.994653406060678424e-01 3.269606898691335140e-02
6.668471200933010490e-01 7.451945507203274754e-01
-0.000000000000000000e+00 1.000000000000000000e+00
4.150822199003510460e-01 9.097839033103393147e-01
9.242493466627477172e-01 3.817893990061590470e-01
1.000000000000000000e+00 -0.000000000000000000e+00
4.514964406324251112e-01 8.922729201854391334e-01
6.686421909702082722e-01 7.435843062185749641e-01
4.225477739578827052e-02 9.991068680512773525e-01
-0.000000000000000000e+00 1.000000000000000000e+00
7.253696894909427151e-01 6.883595089543060874e-01
9.998437099068148148e-01 1.767924658398056792e-02
8.268493314467980637e-01 5.624234908731881033e-01
-0.000000000000000000e+00 1.000000000000000000e+00
1.000000000000000000e+00 -0.000000000000000000e+00
6.865899514563067463e-01 7.270448669506072159e-01
9.627711560578350314e-01 2.703177779263880587e-01
9.999999810222982566e-01 1.948214647949750202e-04
6.941764399454511958e-01 7.198048834404080498e-01
9.713846830025162360e-01 2.375116789299020759e-01
-0.000000000000000000e+00 1.000000000000000000e+00
-0.000000000000000000e+00 1.000000000000000000e+00
9.865257681414671964e-01 1.636059558600733155e-01
9.934093283162921395e-01 1.146207067426002063e-01
1.047891664396560507e-01 9.944944598120605272e-01
9.491794281486555240e-01 3.147354653981517814e-01
2.474867526455467315e-01 9.688912773190612171e-01
9.743341733164105900e-01 2.251064608309298332e-01
7.717676305496323774e-01 6.359046504278814682e-01
2.334717796946976787e-01 9.723635781363834107e-01
9.661740297302853220e-01 2.578909542320975135e-01
1.000000000000000000e+00 -0.000000000000000000e+00
8.474013337606107754e-01 5.309528976667684530e-01
4.103666868345795526e-01 9.119206008948421704e-01
9.999944084505403286e-01 3.344109396233067681e-03
9.805655009733648120e-01 1.961919934677613664e-01
9.816610917219568133e-01 1.906344695989055371e-01
6.433647691101005428e-01 7.655597781152736481e-01
9.787369060780328756e-01 2.051196447949338308e-01
6.985367890439579674e-02 9.975572482537138352e-01
9.471574336553676421e-01 3.207690693807274673e-01
9.999977144653635630e-01 2.138004688773164578e-03
8.076278954680141675e-01 5.896924473502325181e-01
7.690725335283412623e-01 6.391615118045660404e-01
-0.000000000000000000e+00 1.000000000000000000e+00
-0.000000000000000000e+00 1.000000000000000000e+00
2.614878580174934825e-02 9.996580620397628181e-01
1.106512218349535726e-01 9.938592994516034507e-01
1.000000000000000000e+00 -0.000000000000000000e+00
7.976865643950118434e-01 6.030722551930925990e-01
-0.000000000000000000e+00 1.000000000000000000e+00
2.142483106965259176e-01 9.767792285689151921e-01
9.976867470818155947e-01 6.797907543726525170e-02
1.000000000000000000e+00 -0.000000000000000000e+00
2.397567015753947761e-01 9.708330052329736670e-01
1.000000000000000000e+00 -0.000000000000000000e+00
6.159405144613787630e-01 7.877926647570743235e-01
9.285146731262418074e-01 3.712957066668943207e-01
1.000000000000000000e+00 -0.000000000000000000e+00
8.569190476750233598e-01 5.154510119611087626e-01
9.666073650746368484e-01 2.562619788097092455e-01
4.464630134691935925e-01 8.948020885112007994e-01
6.459214884959759706e-01 7.634038450906197593e-01
4.378090841247740950e-01 8.990679650937556389e-01
6.980622082023397734e-01 7.160371173896457053e-01
6.246302550694480260e-01 7.809206390228629058e-01
5.747035837236454947e-01 8.183616504059797458e-01
2.404851855643567460e-01 9.706528089507994173e-01
5.722694885691684830e-01 8.200656269182257097e-01
8.148411548503379231e-01 5.796843040502025479e-01
9.592290394644449325e-01 2.826298813786654041e-01
2.518405132146100955e-02 9.996828314815845440e-01
7.880362547946245799e-01 6.156288339001524390e-01
1.734203987954614501e-01 9.848478894131942329e-01
-0.000000000000000000e+00 1.000000000000000000e+00
5.069479097262942213e-01 8.619766915782242078e-01
8.534276055117470117e-01 5.212113987150376326e-01
2.739498510335869330e-01 9.617439779477050532e-01
9.812832662706670872e-01 1.925698609262910810e-01
-0.000000000000000000e+00 1.000000000000000000e+00
9.904955310223133580e-01 1.375449127551634787e-01
2.390807811988221454e-01 9.709996807730478796e-01
8.512415669139998808e-01 5.247740416196272628e-01
1.000000000000000000e+00 -0.000000000000000000e+00
8.815331612819951035e-01 4.721221087390127802e-01
1.000000000000000000e+00 -0.000000000000000000e+00
8.673869723108873497e-01 4.976342434613517107e-01
-0.000000000000000000e+00 1.000000000000000000e+00
9.990256475427806704e-01 4.413338364240665390e-02
9.065449533641172231e-01 4.221092838709548656e-01
9.999462784788275549e-01 1.036533435751979017e-02
1.084693847761242641e-01 9.940997900443844237e-01
1.000000000000000000e+00 -0.000000000000000000e+00
6.014579809223403739e-01 7.989044355771356409e-01
9.418594298768035999e-01 3.360071641381214280e-01
8.784198227530757297e-01 4.778897519244946768e-01
9.438266979687808256e-01 3.304408633951736451e-01
9.999976755907008519e-01 2.156110664040119911e-03
6.766921644251870926e-01 7.362660623752501632e-01
5.236528080474500690e-01 8.519317675870647921e-01
9.999997777544971100e-01 6.667015498864068204e-04
3.305141602969505765e-01 9.438010329742184679e-01
7.181200371671474514e-01 6.959192569681160734e-01
-0.000000000000000000e+00 1.000000000000000000e+00
5.794371715428956078e-03 9.999832124873015982e-01
-0.000000000000000000e+00 1.000000000000000000e+00
-0.000000000000000000e+00 1.000000000000000000e+00
6.800373638311952851e-01 7.331774572322299344e-01
9.999969223212071823e-01 2.480997402993651013e-03
2.008843487297622410e-01 9.796149643790764694e-01
7.510628210933593119e-01 6.602307466115803214e-01
2.580232125791154241e-01 9.661387176644731234e-01
9.487473634584993043e-01 3.160355048575181902e-01
9.999958318837349758e-01 2.887250449211487512e-03
3.898250531680216291e-01 9.208889335433176893e-01
9.808169869058927515e-03 9.999518987450445318e-01
1.682829594714280175e-01 9.857387308772734835e-01
5.671466412241460420e-01 8.236168328465426347e-01
2.316883311182977301e-01 9.727900684236132633e-01
2.918075959081175598e-03 9.999957424072848378e-01
7.501293720883298599e-01 6.612911046811138505e-01
2.836089815657608093e-01 9.589400114580849399e-01
4.824256215951910204e-02 9.988356497423812597e-01
9.516023510305541278e-01 3.073320118587095084e-01
9.238177971991353710e-01 3.828324406031144989e-01
3.506351063879544760e-01 9.365121580461771567e-01
9.851614119943957748e-01 1.716303945028632427e-01
2.456896258522802134e-01 9.693485481232055889e-01
6.430789219241063170e-01 7.657999087078355416e-01
4.998231722515181219e-01 8.661274712653036500e-01
5.784245254411287673e-01 8.157359060187341360e-01
-0.000000000000000000e+00 1.000000000000000000e+00
-0.000000000000000000e+00 1.000000000000000000e+00
9.878844221300151496e-01 1.551913931661353940e-01
6.112658490215386320e-02 9.981300219000527330e-01
8.771846860056821127e-01 4.801531283216978752e-01
-0.000000000000000000e+00 1.000000000000000000e+00
8.288167409941948893e-01 5.595201603586432704e-01
7.080428013012450839e-01 7.061695203883311400e-01
8.949084336388410943e-01 4.462498127753959376e-01
-0.000000000000000000e+00 1.000000000000000000e+00
7.373866098202558339e-01 6.754709376855454472e-01
5.350248763023616183e-01 8.448363046991073100e-01
-0.000000000000000000e+00 1.000000000000000000e+00
6.126167507534365786e-01 7.903801089958564230e-01
5.877786795951641663e-01 8.090217696782735501e-01
9.991933767732429361e-01 4.015713899774524948e-02
8.290436070312586780e-01 5.591839568877132738e-01
-0.000000000000000000e+00 1.000000000000000000e+00
5.242081844545917572e-03 9.999862601945764817e-01
1.659511859211828394e-02 9.998622915376464970e-01
9.781619274952156884e-01 2.078442772819218132e-01
5.975585487535380880e-01 8.018252807261476711e-01
9.435315044985245203e-01 3.312828097241853897e-01
4.439474705972069613e-01 8.960528128131411973e-01
2.920206957857800489e-01 9.564119997327453770e-01
7.675890312130283499e-01 6.409423368458697645e-01
6.881196415326924498e-01 7.255972429226277276e-01
3.772749260405487415e-01 9.261013066512209235e-01
1.276711546582225687e-01 9.918165537377545693e-01
-0.000000000000000000e+00 1.000000000000000000e+00
8.107043611019644214e-01 5.854557531447237562e-01
9.997665847119423521e-01 2.160500158339767260e-02
8.889681629897691062e-01 4.579690002506669466e-01
2.366910952297935078e-01 9.715849553378855807e-01
7.612816618163805726e-01 6.484213378522408755e-01
9.420444486755424895e-01 3.354880872990771423e-01
8.225113845083991126e-01 5.687486460239502550e-01
-0.000000000000000000e+00 1.000000000000000000e+00
9.999999205485519127e-01 3.986262532980949162e-04
7.677052294882911188e-01 6.408031527827638962e-01
9.204408642975070443e-01 3.908818431844313657e-01
3.655394103195706151e-02 9.993316813726221826e-01
1.000000000000000000e+00 -0.000000000000000000e+00
8.779861356992343380e-01 4.786860615475719283e-01
1.673318945891345833e-02 9.998599903839198166e-01
6.595549425870512739e-01 7.516563561289104634e-01
8.101734093338256448e-01 5.861902820828791549e-01
8.598734680499256142e-03 9.999630301975640512e-01
1.850231602768127315e-01 9.827341604733096370e-01
-0.000000000000000000e+00 1.000000000000000000e+00
5.143929363548521705e-01 8.575546087732449640e-01
9.822587830422614408e-01 1.875304858851901679e-01
5.356201723252331792e-01 8.444590167665259051e-01
7.748442139678373142e-01 6.321522317294817617e-01
