2.035627194578298216e+00 2.085898750520118305e+00
1.092009942582841953e-01 2.213657389314145629e-01
8.838806746920396806e-01 1.128779817262040686e+00
1.130902652677037379e+00 1.729329750707728541e+00
1.786409135290522032e-01 8.493088988301736864e-01
4.306570576186417032e-01 2.207269773559733528e-02
1.952543441930387980e+00 1.453950090481891388e+00
1.798073449033153193e-01 4.482553410023522034e-01
1.607369174244589402e-02 2.389844700388183418e-01
1.555325073567226157e+00 9.702338471664062602e-01
2.037770359116458430e+00 1.184948707713316812e-01
1.104376283369541273e-01 9.778468318003220583e-01
2.886729738771721121e-01 1.980814254511681360e-01
7.861053277384570936e-01 1.824134118640456104e-01
6.096886244025094825e-01 1.310165303207391219e+00
3.103493566368609874e-02 1.696585583563645083e-01
2.589653412450833692e+00 3.801991247792713829e-02
1.707967468733161964e-01 4.628542322435146711e-02
4.261514694563737771e-01 1.329319380576588827e+00
3.763523999409269516e-01 5.340821397010687283e-02
3.502092793458589925e-01 1.195083211950342061e+00
1.060662671336818574e+00 2.032920757254465638e+00
2.776571354111350212e-02 4.313216654522794569e-01
4.215738269027834162e-02 8.065825169456041221e-01
2.345306095865078849e-02 1.158304848998352510e+00
2.406693220551924667e-02 5.506832616803744584e-02
2.608144515848415668e-01 8.210919371418567980e-01
2.669617020707903965e+00 1.367831300431034125e-01
3.399589358091790192e-01 8.620595525832664974e-01
7.406618925412059573e-01 9.712415060693921909e-01
3.192897166310565971e-01 4.575921580827583823e-01
6.686955569055125226e-01 8.721279807445623256e-01
6.324392225598188810e-01 4.024122112933830459e-02
5.542816808811320411e-02 9.678632375048790148e-03
1.983724578676155925e-01 2.511272493322655119e+00
2.063078750801323746e+00 1.249325598515521829e+00
4.367502244153818047e-01 1.910257555982715627e-01
4.816062170642481099e-01 1.368519148355632709e+00
9.958071864125556463e-03 3.797292457498985807e-01
9.270609904726421213e-01 1.066512554928659595e+00
2.937156015718661028e-01 6.907969160834827316e-02
2.220514323015421870e-02 3.744169661915874164e-02
5.850945103300944083e-01 2.824622120906306738e-02
3.353624105706454195e-02 3.266211054893334437e-02
1.722906167961252011e-01 1.294775854049921016e+00
1.992703671941137289e-02 1.701658215137874172e-02
2.987054479641244598e-01 2.353698201287777625e+00
1.083379531629965919e+00 1.241925738659594547e+00
5.965768860594586886e-01 7.557569871766924366e-03
9.946694782254217326e-01 1.658044652158768145e-02
1.544479137445868400e+00 1.183619635237219025e+00
1.119032660082836944e-01 4.885793540967867110e-01
9.266296523379291550e-03 8.357927016228968928e-03
1.432174578350299932e+00 5.887924715155885835e-02
5.034216514297848999e-01 2.253897078733472017e-02
1.920921902465493880e-01 1.190152627931686302e+00
5.344220814023597360e-02 9.789869056245605883e-01
4.158338753209691457e-02 2.131700903318454188e+00
2.235306407553250274e-02 1.239395827866808242e-01
7.681924861379937353e-01 1.541661129753925663e-01
1.612783860056110408e+00 2.781783469921940144e-01
9.898275873753747955e-03 2.216541378256714712e+00
1.126219555990263688e+00 2.425785828285665691e+00
2.704479173082227628e-01 1.898202891613917531e+00
8.537581417569357900e-02 2.975101426108641908e-02
2.967109268874900188e-02 2.472328371593403296e-02
2.206858788972646312e+00 1.304532883590658221e+00
2.456200036209128454e-02 2.659011715605119272e-02
2.588729268999864885e+00 3.809191217991599737e-02
1.531743803932932746e+00 1.710623867281142907e+00
1.879782307685818221e+00 4.005974791745223196e-02
6.079923075472492937e-03 6.791676043719503397e-01
5.703915897400644308e-01 1.862336016317549803e-01
1.143551695036336691e+00 1.961070412694445458e-02
1.309717424036747069e+00 3.957933441823860421e-01
1.304587113107467555e+00 1.138209439661559630e+00
1.297136967182973111e+00 1.242079420992358955e-02
9.158299935787941326e-01 2.706347348040530898e-01
1.401792694556648344e+00 1.612314815475178964e+00
4.478989245096929445e-02 2.299949865157390860e+00
1.468232215901488891e+00 1.554765756342450234e-01
