1.866548232236658666e+00
3.554848565154325346e+00
2.368442904297688223e+00
2.938852360108672457e+00
1.575568073602920949e+00
2.913775037111475896e+00
2.345154839242292066e+00
3.053446501589473616e+00
3.173718909276582512e+00
1.843080414229191222e+00
3.047579038205596280e+00
2.860060033845291727e+00
3.066010125934107933e+00
2.867513248102426360e+00
2.005551247596513154e+00
2.143167016510961087e+00
2.137028622729167715e+00
3.402057989111237468e+00
2.615352759869726373e+00
2.597749083950316784e+00
2.030551526278384422e+00
3.434301270567979625e+00
2.994782879714644519e+00
3.628760594128576766e+00
2.501423466780015925e+00
2.625292394524130657e+00
1.714650971980249183e+00
2.252970906668585460e+00
2.189951032968468603e+00
2.098943963372352783e+00
1.481828372434095265e+00
1.632598113953837027e+00
3.094424020673500308e+00
2.422317437473623603e+00
1.996245702933812094e+00
1.768828136100260018e+00
2.975060047423127241e+00
2.334811122773350345e+00
1.886818345953636289e+00
1.521509983868748694e+00
2.357547727425344686e+00
2.744539541094374702e+00
1.329410022723602980e+00
1.798563943957621536e+00
2.186203076572745374e+00
3.175921897736060373e+00
3.616790600761135455e+00
1.911796701120971775e+00
3.022336056988247588e+00
2.605119629445991514e+00
3.238998419037630860e+00
2.879167805310391515e+00
2.177750998963597251e+00
3.243265078697239900e+00
3.505520203964144876e+00
2.929830018604224762e+00
1.778281401827326969e+00
2.991805014017233866e+00
1.841533667612062608e+00
2.167297619430346156e+00
2.630412513523912921e+00
2.167700852143900292e+00
2.755044146122633375e+00
2.550709164744520141e+00
3.079145918819485850e+00
3.213909947246826881e+00
2.841541207986646889e+00
2.203079141609912917e+00
2.473163136250354999e+00
2.639815808992407753e+00
2.467616238390429650e+00
1.423503310634654628e+00
1.939418544833540592e+00
2.556573966192649205e+00
3.043233210735564409e+00
2.644421871945961566e+00
3.192941886179131661e+00
2.036374494382934497e+00
3.228122508368288734e+00
