-4.926029201608602380e-03
-1.020886954468087193e+00
-5.133789291078845185e-01
1.133417989735437947e+00
-1.014793769069448404e+00
-3.281663905704935297e-02
8.831907701481029882e-01
1.152268361325383905e+00
-9.021994567882355431e-01
-8.922917760135130605e-01
-4.206878471133403963e-01
2.625957394810530046e-02
-1.059469230855455635e+00
-3.223681060879811655e-01
-2.838993052079069601e-01
2.387980241896777711e-01
6.796720118345005168e-02
-9.369939336957482379e-01
2.515253025622468108e+00
5.222559150177237264e-01
4.838677360255351778e-01
-1.658786503535500390e-01
-1.851827418531936997e+00
7.780103520719434673e-01
6.927129420619603239e-01
8.076302954154815916e-01
-5.010780391716720406e-01
-1.990171743749489033e-02
1.192651063847889992e+00
1.201906505845686535e-01
1.461134113546939561e+00
5.260948717782991668e-01
1.016697172115155867e+00
-1.009973298088455040e+00
2.104543955461027349e-01
-4.340534606717494359e-01
-4.432978771584822897e-01
4.481229950353259051e-02
2.006782502272911106e+00
-5.693400162466036654e-03
2.868560277149985738e-01
3.207041212800522678e-01
7.739421255534524313e-01
-2.234543286249128347e+00
1.020724233942055692e+00
6.762570585795555367e-01
8.172088139068824919e-01
-9.387263968183280349e-01
-1.614538257999889870e-01
2.461159177672389287e-01
-1.081857548769145305e+00
-8.331703761246459505e-01
1.694189616223767514e+00
-1.086726950200693098e+00
1.321952089066774638e-01
2.887102039878790993e+00
2.015137888535564747e-01
-1.452450810940174142e+00
-8.437820070265714678e-01
5.176537984726308217e-01
-5.451992623332502230e-01
2.112034357776336080e+00
-3.760028015005487667e-01
-1.971730191761969841e+00
-5.898161313488109458e-01
-9.743019781137242027e-03
3.830892271918415748e-01
1.321588564726053017e+00
-2.288368909364836057e+00
1.083558409499289610e+00
1.599629256741251782e-01
8.346387071339373964e-01
3.412187048934073874e-01
4.850729213789070071e-01
2.415789515067001680e-01
5.516500847309039335e-01
-3.562719056157773179e-01
-8.622782941036583049e-01
-2.712748814558179067e-01
-1.028036544039614641e+00
