-1.564102544828513741e+00
-1.273311681565175990e-01
2.097611634005325243e+00
8.165882497929981554e-01
-5.608094006899081441e-01
-5.630102329180362158e-02
-2.623761450506044701e-01
4.680498360951539372e-01
3.981573855865331857e-01
-1.054066974166723680e+00
2.099854484674699984e-01
-7.934329929705014051e-01
-9.271694046193468264e-01
-8.038062952794167160e-01
7.955025299795410731e-01
1.169632457506126905e-01
2.540824448725103490e+00
-8.138554301746347974e-01
-9.065408447348575205e-01
6.978169260126902973e-01
1.103534887683912773e-02
5.852567982760511489e-01
-6.364340795838229203e-01
1.093445545495786098e+00
-2.685253007648907841e-01
-7.531286512035806346e-02
-1.987791916990182317e+00
-7.068511999636233334e-01
5.466443483466858488e-01
1.253701799274296258e+00
-2.099589205554338367e+00
1.179877639988596405e+00
8.382208723367484682e-02
4.487415871198642825e-01
7.810757293620934627e-01
2.250683217264957958e-01
-1.584604371446308446e-01
-5.749650383990324576e-01
-7.051562759123780263e-03
7.551238408546482317e-01
-1.505590266993059034e-01
-7.417290769157649510e-01
-1.229476317125347773e+00
9.347019612232639885e-01
-2.280154087070838109e-01
1.167083745105159442e+00
-3.176534538628813520e-01
-8.862425160710951655e-02
8.562194734716586098e-01
3.707920066148837623e-01
-1.158936770965224017e-01
-9.412287900811813213e-01
4.303969089144668025e-01
-6.731751851839369583e-02
-3.167306927404464068e-01
8.793457040963918725e-02
-1.420555441930920093e+00
-2.323954836314084255e-02
7.395504267438193224e-01
-7.816058266539856886e-03
-4.062091161743262013e-01
-2.595143433635065944e-01
7.097858173634924439e-01
-7.202373740453077433e-01
-8.538678826862150517e-01
-4.070806162361633174e-01
