2.023919979903257005e+00 1.383739806963994123e+00
4.577951667626552479e-01 4.149929704180752021e-01
2.651793233429907914e+00 9.298629522025252114e-02
1.816368597343683167e+00 1.861453988331149390e+00
1.624510802354581340e+00 1.479458161174392217e+00
1.118079757285080911e-01 1.258475327366538332e+00
1.328905491812702386e-02 6.335832948710331536e-01
1.968221957894955021e-01 1.089359871438474736e-01
5.751465843715654336e-02 1.562269711069376177e+00
1.662590335097987593e+00 1.959498114320376017e-01
1.563670916777940345e+00 1.001617096792933648e+00
6.797578983187713142e-01 1.112760354398540708e+00
1.819476743976202182e-01 1.937786457118024552e+00
1.668417273600725503e-01 1.644044267444262283e-02
1.082074391874693564e+00 6.979303033829564740e-01
1.239155722942305964e-02 1.531807900889159968e-01
2.210858957218431176e-01 5.217954816933814133e-01
2.408312129127567314e+00 8.926740986566933378e-01
1.381682722559823606e+00 8.054635301302160988e-01
9.650916021933637901e-02 4.221213978167571157e-01
8.926270757981748238e-02 2.058067663965489069e-01
1.282612930949414531e+00 8.782158286148166182e-01
1.096681807238361284e+00 3.629883908496620015e-01
4.394355379017358953e-01 8.879218058765468991e-01
1.306994595329573183e+00 1.186733855650629499e+00
9.260194024175093241e-02 2.340051384507235266e+00
6.466096385877726505e-01 1.778428474181274810e+00
2.072392297453816978e-01 2.150076809754946361e-01
7.103207077735251840e-01 5.111654179204186965e-01
5.859826182455046828e-01 1.702074916486985209e-02
1.936997348809975650e+00 1.444654374466031843e+00
5.004444901132265588e-01 1.095689319558496855e-01
9.772908236907817958e-02 1.809313947312125803e+00
2.548170781174519117e+00 2.174231082580525137e-02
6.678170150059729027e-01 1.604851988684457553e-01
1.105827036858370201e-02 1.440425868313593094e+00
3.416790888090205647e-02 1.452010492265297215e+00
4.784774445134327286e-02 1.986929136107126390e-02
1.105692148886027848e+00 1.716374927327765088e+00
6.665993208028422323e-01 2.198187255214811398e+00
2.330116947135324246e+00 1.717120918241645811e+00
8.052004090260206359e-01 1.417944817349231279e+00
1.378539428787877233e-02 1.774584047458931460e-02
1.525843925992976580e+00 1.427785156617899620e+00
6.733220477517072311e-01 9.476458137503389612e-01
5.198253760361367520e-03 2.894926624328251347e-02
8.353486622771767456e-01 8.739748079198137454e-01
9.662126033249055501e-01 1.272981735447629992e-02
4.899856206130306924e-01 4.293971121273656988e-02
9.358739712290036206e-01 1.435878426645696759e+00
1.028467958845200148e+00 2.043637668677720232e+00
1.175948656461669017e+00 3.942665668813817408e-03
1.141397174902146344e-01 3.118910263187744947e-02
9.144610757072392238e-01 3.068889959513673715e-01
7.161993425583110806e-01 1.300729862172474105e+00
1.719431754599089590e+00 1.359646416246286238e+00
1.094245331551282563e+00 3.502049771801913902e-01
1.375042029791492482e+00 2.279590409798319950e-01
1.775594364340431275e+00 2.925134356260417623e-01
4.105266646938361685e-02 7.037747445434333615e-02
5.022058961400686743e-03 2.048941787509197046e-02
5.405110771134467029e-01 1.659151669962240228e-02
4.468615344491494445e-01 7.047041818076422715e-01
1.554384841315263263e-02 7.034975193601805676e-01
9.599811851039466090e-03 8.294039058299892270e-03
8.664629659472357082e-01 3.942666647494990073e-01
