2.170312586587585801e-01 6.288137415267316399e-01 1.960418779654939363e-03
7.906555994044021096e-01 2.002108457683033152e-02 1.655952477451634900e-03
3.786561250997863559e-01 1.950086011995205260e+00 1.352369233228788437e+00
1.505080124873543701e+00 9.411472601849974959e-03 7.054973181193210374e-01
2.865474498989281226e-04 5.906958818581851955e-03 6.867528240878962957e-03
6.155634664219750488e-03 3.738148553320790827e-03 1.358956746813149395e-02
7.346565103270836783e-01 4.620085853461468502e-03 1.487222860783405709e+00
-0.000000000000000000e+00 -0.000000000000000000e+00 -0.000000000000000000e+00
1.748880027909180956e+00 3.480143445171063332e-01 2.320451770707449846e-01
1.653847912095283368e+00 1.434363293145253460e+00 1.224766121593420021e+00
3.200727566142134162e-01 2.055959844059251918e+00 1.131946492661304537e+00
3.425339546690863157e-01 4.186474086186926513e-01 1.402334054544066011e-01
3.405732863475842698e-01 1.649054453168546375e-01 -0.000000000000000000e+00
6.508391676860264541e-01 1.031081838606686014e-02 1.831359533529814509e+00
1.187807995063163910e-02 4.625062067712708558e-01 1.042759130965660752e+00
1.650839613879267476e-01 1.173773978221097636e+00 4.502308602295804763e-01
4.913836151766401731e-04 4.606963330488628161e-02 2.280626490998640676e+00
8.695936949891359680e-01 2.522269154880396602e-01 3.368318386344514304e-01
2.699009466957771330e-01 7.767538047184142924e-03 1.582650033348125332e-02
1.207029074980708466e-01 1.295606876245120054e+00 7.137991804074874658e-01
1.308342519741864107e+00 1.103132753789042540e-02 1.090794868121165197e-02
8.578585157752721679e-01 1.054869479778657304e+00 5.211733652701455027e-03
3.707791996487647818e-03 3.304335674132462784e-03 3.792318818881148038e-03
1.759024851258869981e+00 4.023989078971128563e-01 1.658772396789674364e+00
6.058127144255261998e-01 1.169635284720975665e+00 1.042338628382676768e+00
6.285156748963338473e-03 7.498182281051165576e-01 1.502345068289217433e+00
9.601742310311807138e-01 4.674034433207150396e-01 9.681584960426603548e-01
4.140725975637988276e-01 3.411352166161398317e-03 5.113772955864966975e-03
7.587488965448622169e-01 1.705193674380793389e+00 9.304393041933901598e-01
1.613254605301378986e+00 1.070388845127993482e+00 6.212584466653454651e-01
1.416563790046192206e-02 1.070356909682913749e+00 3.673804334612233990e-01
6.757567004687820011e-01 1.900711105565731751e+00 7.651933452224792820e-01
8.964905213379469051e-03 3.115535220210964226e-02 2.284973101735583711e-02
3.141405745467122923e-01 7.573053189339842284e-01 1.867004834324512030e+00
2.342630094693627565e-03 1.172434737728945908e+00 9.460605402627854099e-01
8.710858083162400511e-01 1.621102866716241264e+00 1.056041221085460835e+00
2.195876531838815149e-01 1.025783220601833134e+00 2.764838565492597211e-01
9.156725580000075748e-01 1.306222458372213291e+00 7.724055858030182131e-01
9.323623656615799282e-01 6.091794663103254903e-01 6.224112045296743556e-01
4.932516567110719063e-01 1.207666361904910612e+00 9.589641143915855759e-01
1.475354043774733004e+00 3.065179749992530955e-01 3.423745139920014724e-01
9.843576268013917163e-01 5.776721415438562657e-01 3.590994823647933876e-01
-0.000000000000000000e+00 6.592582959442335744e-01 1.247011608191508358e+00
4.182204841992511746e-01 1.696460349401003764e+00 8.152711581215749126e-01
2.020554552879234023e-01 8.316262600092807489e-01 7.183311598071221438e-01
2.999648399177113345e-01 1.188473298170447334e+00 1.185540448522535817e+00
5.933501670800184202e-01 3.224824360696005449e-02 -0.000000000000000000e+00
3.940700480129702421e-01 1.655556816764455874e+00 6.934476997825058664e-01
1.696151683298119384e+00 1.189964432263983518e+00 1.333239985121383420e+00
2.537643288319143056e-02 1.049029197537571623e+00 8.511097643958324133e-01
2.368299969215599821e-01 1.637223813137657635e-01 1.803887948132403496e+00
1.709709098761755253e-01 1.599925316938129338e+00 1.265058200333178728e+00
1.483377926915946832e+00 8.345048994404818954e-01 4.197187723357546640e-01
8.922454953425126289e-01 1.545733051030275584e+00 1.589631262058314842e+00
8.509070720484487316e-01 1.253375926361570247e+00 9.480754731534671853e-01
6.275388786224227466e-01 2.108137406436963346e+00 6.822489745854174448e-01
4.048838283950664113e-03 1.597167045875434732e-02 1.864688907956082303e-02
1.136999737146717315e+00 1.910056485943321336e+00 7.095066157800129503e-01
4.634857649560781070e-04 -0.000000000000000000e+00 1.092438965237256028e-04
1.329804296383807483e-02 3.912272996956394668e-03 2.004954856246053296e+00
9.173310516189012165e-03 2.139325041060653465e-01 2.107877327801047418e+00
8.443111855441185476e-01 2.103162208988097248e+00 7.442623080848337347e-01
6.161360631984346137e-01 2.132009985814917297e+00 6.535545677631494632e-01
1.681001789632092791e+00 1.164577834074164153e+00 1.389051089595108701e+00
1.026406418071742710e+00 1.354878646724934521e+00 1.134293629821679694e+00
1.074628201524779225e+00 1.580791612176913219e+00 8.558969280754553655e-01
