8.491286398527299051e-01 -1.530113901890570727e-01
-1.082086656999480395e-01 -1.454429928842520203e+00
4.554290455524810377e-01 -1.438546602044366907e+00
-6.258814571381722258e-01 -1.053910874139650788e+00
8.567652425606703259e-01 7.082291667513464228e-02
1.720208565280014201e-01 -1.058013373371849752e+00
-5.685746582674380128e-02 -7.526178454987513256e-01
-2.378175508092081336e-01 1.002689014324017608e-01
1.908538835424800295e+00 -1.986363350521880289e+00
2.027931001922192999e-01 -1.712852099632584002e+00
1.088040519862360389e+00 -1.662257193044779591e+00
1.530746097248821824e+00 -8.408122848033777741e-01
2.783972903056182169e-01 -1.660376845366091370e-01
1.555997877638193028e-01 -2.093784342385590858e+00
5.832483405426360304e-03 -1.594480965895045621e+00
1.399916482254170980e-01 3.358302853138218635e-01
-2.249508730078386975e-01 -1.183459255208123700e-01
1.045275225517942719e+00 -8.970257347412963211e-01
1.142975692402247168e+00 -1.632795067691162672e+00
1.365179386575570808e+00 1.550498342129468521e-01
2.719249539378796876e-01 -1.043983245885369948e+00
4.640849350710936072e-01 -2.938425475542975618e-01
6.789926854117158683e-01 -1.039060639829449295e+00
-8.774727949820894102e-01 -2.438511769823683561e+00
3.738725088559639257e-03 -1.046561958573965223e-01
-7.368736913495833596e-01 -1.327780269345000042e+00
1.230579414722586876e-02 -8.373096459762789934e-01
2.874185661532073499e-03 2.492673076419913911e-02
1.692574423445380560e+00 -2.322402050528554196e-01
7.652264531434610495e-02 -1.296177393308052705e+00
1.260720019708223560e+00 1.002211626170747688e-01
2.653686781788471283e-01 -2.848254507462565921e-01
1.626676722636670458e-01 -1.541233907461861952e+00
6.166005937822044425e-01 -1.983428171189922429e+00
-3.887033758943613249e-01 -1.235616053890837618e+00
-1.189092705256720173e+00 -2.637521387155307373e+00
1.648032075022417997e+00 -1.314408827014496906e+00
2.857294355716520906e-01 -1.162465782960560245e+00
8.509148245706799063e-01 -1.556292907294405170e+00
1.474713202580467453e+00 -3.785492864290974091e-01
6.340270357484375282e-04 -1.439174723625566532e+00
-2.926928589754672072e-01 3.861240359875409145e-01
6.852817759087916072e-02 -8.018043126174398960e-01
1.151779012274147584e+00 -8.403504365252734143e-01
9.545742298359378708e-01 -1.546461029365825857e+00
4.853255249197759857e-01 -6.810858209724726109e-01
3.212935691154148454e-01 -1.822644913873569195e+00
1.929874217542802306e+00 -6.219932495604748590e-01
-7.928628872762438773e-01 -1.001533289165580820e+00
6.194080149244000078e-01 -3.916347101219516125e-01
-3.111665807536214690e-01 -1.085001694204423162e+00
-3.862017537444421000e-01 -1.325097346639322105e+00
2.192836422204152758e+00 -2.379662396219934362e+00
1.744215927887773077e-01 -1.129507190366559888e+00
5.416846005283108001e-01 1.509810575946818112e+00
1.889015762855386305e+00 -1.354481715134589592e+00
9.805610396364378145e-01 3.539276550678882027e-01
1.923688763432946480e+00 -1.437232697704501794e+00
8.557074159249621337e-01 -8.839517860300072361e-01
1.896629199307108271e+00 -8.353566907910461303e-01
-5.587787188435594521e-01 -2.389116634360148872e+00
-1.197423118211581095e+00 -9.465155619642799945e-01
1.924371350983119511e+00 -5.700518408120321956e-01
3.001491727348612470e-01 -1.911428048036203586e+00
1.558397211062138021e+00 -1.383681989018832770e+00
1.177989049759956997e+00 -1.049291529965229008e+00
1.364923667284946518e+00 -9.946125583683181892e-01
-2.911515162677412727e-01 -7.527492370846357028e-01
7.344272548399977119e-01 -1.594257918509390803e+00
4.795242561341933607e-01 -8.505009797249546422e-01
-2.329150372499203536e-01 -7.892981175237719915e-01
7.048978734309734040e-02 -1.333976849476067095e+00
1.843804723887198849e+00 -1.037767241058448642e+00
6.207366840310798439e-01 2.728981289569051144e-02
2.407082356662907152e+00 8.563313678701113540e-02
3.566933541542785524e-01 -2.032464270786217497e+00
2.365243887377884935e+00 -1.365535961943841858e+00
8.258364197467547019e-01 -1.153641544038757960e+00
1.143677608314221716e+00 -8.465745022534186814e-01
-3.495665357100827264e-01 -1.020233440741678654e+00
-7.472446938008472372e-01 -2.974952911277965129e+00
7.278338535761704753e-01 -1.111457800277761310e+00
1.730263113279784770e+00 4.198183683333654437e-01
8.076794077388916859e-01 1.492204282236963553e-01
1.692716138995926378e-01 -1.588196797014194139e+00
1.896491956124239042e+00 -1.581296962598668143e+00
8.725145216847928209e-01 -1.782138600383905036e+00
1.735405765138444689e+00 -1.625204554679589020e+00
3.807136570656289437e-02 -1.477157088087033054e+00
3.933900110472061673e-01 -1.565393852810458952e+00
1.470246379289445571e+00 -6.801007384533837019e-01
1.676203348145725913e+00 -3.478098000737595563e-01
1.341482545406084581e+00 -9.464514226841427291e-01
-2.531451513773594897e-01 -5.994362154057540915e-01
7.063828733848324104e-01 -2.722964359032086001e+00
1.291472736637332419e+00 -8.210514477855322957e-01
1.322789789146480155e+00 -1.531110878484125859e+00
-4.168101598965313626e-01 -1.326543362731012587e+00
3.295431111834338234e-01 -2.583709607080549864e-01
2.145470526701499736e+00 -1.065584465548717219e+00
3.535207111445883288e-01 -1.481847650292131613e+00
1.704954781173966261e-01 -9.923941133067468723e-01
4.770774197717415066e-01 -1.635971481700241981e+00
1.243269735257777953e+00 -1.661843044220022492e+00
7.344875940896675726e-01 -1.218642169807437003e+00
2.133062955142937811e-01 -1.904254406761676011e+00
2.957341147955471206e-01 -1.408819383068862452e+00
1.374896529344124652e+00 3.148301902185319245e-01
1.877906425972913240e+00 1.211165444618822612e-01
-1.019532587469145907e-01 -5.841344257062394685e-02
1.664845478429462622e+00 2.040976179003414076e-02
1.124644360894893502e+00 -1.164519046408113878e+00
6.354801166185728434e-01 -1.568503477850167416e+00
6.929507229588611761e-01 -8.138887234815649352e-01
-1.862298205817909669e-01 -1.106789248278169158e+00
1.359174275880149496e+00 -8.847654153446089520e-01
2.084605129584283567e+00 -3.271402740162542289e-01
4.174858759025026345e-01 -1.067454628647893866e+00
-9.279088210842575402e-01 -1.339815274559282177e+00
-2.170781900149721388e-01 -7.669659462473691347e-01
-8.851061655299328201e-01 -1.130996571308590326e+00
9.385906751581859497e-01 -5.972150197394170412e-01
9.360251749568899715e-01 -9.853792070549342030e-01
1.082622919309975007e+00 -1.371904444276507373e+00
5.532607808075910016e-01 5.868862938236953791e-02
1.175687205452799144e+00 -3.844584780980175309e-01
3.273665394245664495e-01 -2.081248538933806014e+00
5.469850202272269479e-01 -2.013253098572153288e+00
1.906491989381840613e+00 -6.365955171349914066e-01
6.846966332632835606e-01 -1.720946274653079255e+00
-9.804750297365162348e-01 -3.143186237738353483e+00
-5.017808258091929208e-01 -2.110945747221337321e+00
1.896512159656173369e+00 -1.558385146611185545e+00
-3.429749521152525293e-01 -1.478100652405252458e+00
1.330338501239921811e+00 5.811550434771190800e-03
5.201433224234550678e-01 -9.697397326557370967e-01
8.782893661606017144e-01 -1.269715040173073906e+00
1.007042127508164908e+00 -6.813566167942551877e-01
-8.481101557247194833e-01 -3.675007978334402514e-01
5.287932874036966879e-01 -6.917123797452853218e-01
2.843212545750964382e-01 -1.544455933797066027e+00
8.653656561853984019e-01 -7.676265848923711221e-01
-4.882647105829084899e-01 -1.564493935464789987e+00
1.008298553942670095e+00 -4.040387400966556353e-01
9.341283633846272361e-01 -6.578095635662672969e-02
-2.436112993547463190e-01 -8.705947611160068655e-01
-5.809865066889245977e-01 1.538695696878496499e-01
1.687742442465387294e+00 2.403732803914479521e-02
-4.490715878764653946e-01 -9.861636583064687933e-01
1.420139410468673313e+00 -8.715163916378280140e-01
-1.448594798839123232e+00 -5.735341014794551606e-01
1.578324105372709507e+00 -1.130106366256339534e+00
4.310072689243175242e-02 2.531938340168842991e-02
-7.473781912558998819e-01 -1.982987865948277140e+00
1.330651441991386408e+00 -2.072852262737217899e+00
1.089506099032535147e+00 -1.032826894368689130e+00
1.905620812854842860e+00 -1.233041480055158789e+00
9.967211207081051461e-01 -1.044304820272186074e+00
3.738300768956244191e-01 -7.785332922097749631e-01
-2.007511519909064845e-01 -9.063585218405194599e-01
-5.568017484139563544e-01 -1.072724430189545775e+00
5.747451067721660173e-02 -1.721965131568787610e+00
1.505886659980328668e+00 -6.754054986071306166e-01
6.316057072807811368e-01 -1.520437403474665494e+00
-1.157623393287177338e+00 2.992662181665424193e-01
-4.755111275260248682e-01 -1.224794668227201067e+00
-8.739574199649867703e-01 -7.349388400386782649e-01
-2.701526070896561049e-01 -1.601805482189430974e+00
8.109465224689091922e-01 -1.379504797252275594e+00
2.442697365075201521e+00 -1.347140674756707623e+00
1.262776505094815871e+00 -2.587313410977028827e+00
-8.385919227744601523e-01 -1.066921052267777448e+00
-1.132978304867753749e+00 3.152722590712013218e-01
2.271529066031674038e+00 -1.529115115430031757e+00
1.342908558110037953e+00 3.729510145356492168e-01
-5.937360849702539856e-01 -5.842219400183197298e-01
5.933916977161919348e-01 -1.289865686023364599e+00
1.198222424861460356e+00 -1.352702014161303312e+00
-6.967218131417930727e-02 -1.802204413035352282e+00
4.992298748432441036e-01 -1.775632112465749701e+00
-1.709705700077374102e-01 1.430763486973451792e+00
6.770697958693804308e-01 1.757425647502697030e+00
9.515292011437264108e-01 -1.282005307115681836e+00
