-7.073297821374228134e-01
-9.438070395883358943e-01
9.497227459472811217e-01
-2.384463551907171908e-01
-7.199386015508122405e-01
-7.974686205071056522e-01
-4.123100446278300975e-03
-1.966023184999314166e+00
-4.511127580335473342e-01
1.242856016275032394e+00
1.090682293208561804e+00
-2.708143513250594811e-02
-8.406688491623337534e-01
-3.833256544064244653e-01
-3.027521201240446214e-01
-5.171257347996765369e-02
-8.196717998229396951e-02
-3.581261288394609332e-01
-7.019616309990841518e-01
1.760575588561129889e-01
-9.583774806189323536e-01
-6.254328745036594195e-02
-1.112167498433940693e+00
5.368661706547965817e-01
3.719461340652123749e-01
-1.664458723046376987e-01
6.795066677022280066e-01
-1.082157767638575852e+00
7.476416065762335750e-01
4.153637702808137266e-01
-4.224559276788349832e-02
7.183613217743014534e-01
-1.017925404079275786e+00
5.159516167055804292e-01
4.147634539629576067e-01
2.318399680542724828e-01
-1.338504983337872045e-01
6.974014007708441154e-01
-1.288499056100449180e-01
4.182430553383669758e-01
3.230412813390080573e-01
3.626057925334735255e-01
2.201192810569430613e-01
4.766675976144315041e-01
-2.683864190179337597e-02
2.176683399369361283e-01
-1.185531677018565988e+00
1.876422709941235334e-01
7.527878033245996026e-01
-4.047652199877192769e-02
3.215276663210042130e-01
6.154266814531593743e-01
7.745814718322267811e-02
8.275586789969092694e-01
-2.428684421876443345e-01
9.209278454353403420e-01
-1.129816162576301020e+00
8.216045883405296291e-01
-1.390094367715685619e+00
-1.723679197796933460e-01
-2.166160918801269403e-02
1.023493634290343568e+00
9.347717095159707723e-01
1.123895037991200274e+00
9.468419051016357946e-01
4.623431119915328846e-01
