9.278436129813107947e-01
1.156600941693179063e+00
-2.122748575320842768e-01
-8.314152548956849076e-01
6.078961108213566389e-01
-3.872254350253303001e-01
-1.618299955012501290e-01
-9.397323850856564853e-01
-7.000020715948499506e-01
-4.754459993734159173e-01
2.619327986593077418e-01
-1.701949182230345636e-01
-7.753445722151038888e-01
-3.182508337034939960e-01
5.041812671144586533e-01
1.059942134063403207e+00
9.037204531583976630e-01
-8.153898333531999221e-01
3.869655274671704448e-01
6.939074073920904473e-01
5.206774241459867225e-01
-1.845358783025818017e+00
-1.067221232824572930e+00
1.866878758695802443e-01
7.883316425364922386e-01
7.051171760303185376e-01
7.289107343963295849e-01
-7.285930466527387184e-01
2.044449484390772620e-01
-6.960049768004773485e-01
-2.233878265397133411e-01
-1.507701376096374446e+00
8.704378516908083396e-01
8.282559861366426412e-01
-2.630708078937682437e-01
-1.091902933513528406e+00
-3.611760178730594184e-01
2.553694463800383341e-01
-1.853151724485447849e-01
3.865320216943013421e-01
2.987667937495405712e-01
-5.476468499359633535e-01
-8.381892926228229346e-01
9.733885444126390007e-01
-7.744387234431888978e-02
6.145155184679342852e-01
9.642892051937390629e-01
1.831519221860477831e-01
5.533542254218682538e-02
6.115804105530827650e-01
-5.462610404509767870e-01
-2.874774548096269422e-01
-1.568928259571512607e+00
-1.251155127187738580e-01
-1.426917783291269115e-01
-1.754209275519062583e+00
8.189594114488323029e-02
4.104493312087529877e-01
7.219030443296653443e-01
6.860422782242587836e-01
-7.809610248174436720e-01
1.073446888806752098e+00
1.178738961718488243e+00
7.724576668877642938e-01
-4.867487777369795543e-01
5.786588505108084535e-01
4.184906344223207064e-01
6.069422671625062521e-03
9.614207975372897064e-01
3.036531159482088182e-01
1.387760170553849481e-01
-1.342979052808847100e-02
-1.124769539031307719e+00
-3.191883595564987131e-02
1.265343070983834250e+00
4.418586746190097253e-02
-8.404523930232267181e-01
-2.377631760432688812e-01
6.102476390567298514e-01
6.707307182250369371e-01
