1.511369098673177813e+00 1.766911252174453995e-01 1.446283196391254071e-02
8.262340409491499837e-01 1.084739679206283558e+00 2.028069706708819364e+00
7.714771607424306676e-01 1.398218597579658495e-01 4.170292642341133331e-03
1.381856268995246828e-01 2.460342596655170355e-01 1.426927393117399020e-03
1.984537139966044972e-01 2.133340621736505849e+00 3.348966078523104573e-01
1.663740877301924173e-02 1.484120366708789884e-01 6.542001175614868824e-01
6.285366487464183471e-01 1.061025557886068782e+00 1.111193514491340580e-02
2.264159330500676859e-01 2.041581844521682232e+00 2.396996941784600654e+00
9.031293338400242857e-03 8.694577246343004884e-01 5.142503733073403582e-01
9.413919152697796111e-01 4.572844933758339267e-03 1.196908886529122640e+00
1.254588720114512869e-02 1.773239956849287924e-01 7.671211304665525033e-01
2.554577145385262260e-01 5.414134038465812093e-01 1.142468174858040225e-01
3.683551923927588234e-01 2.187865596912059174e-01 2.200429060582821394e-01
2.467349828006680124e+00 1.795101741317429722e+00 1.667729940664870236e+00
1.713803275003018989e+00 7.152274846113718665e-01 7.299242991453667173e-01
1.415193306439451459e-01 1.166102447578058754e-02 1.919032270132443152e+00
1.561653786780328623e+00 5.917838902253623745e-01 1.370855604092499069e-01
1.459462441128639605e-02 1.378551148222652900e+00 1.517698367889546152e+00
1.233602151368608582e-02 1.087647349960685794e+00 1.138155891262060848e+00
1.764725437382938800e-01 3.300965116187205006e-01 2.465469268411592512e-03
1.022560062686343363e+00 2.257089550071156303e-02 2.736600623618231642e-01
1.047069765192834234e+00 1.142596207314989787e+00 9.125762505416322723e-01
2.874582943684520497e+00 3.434763730878985337e-03 9.868410480153274600e-01
3.075498548118810530e-02 1.899161548062352933e+00 2.867214307627238057e+00
4.424298467094566756e-01 1.753912547399389288e+00 9.879720325332919106e-02
1.837875135298465690e+00 6.702728167662830305e-01 1.472293503364942246e+00
2.729594571542734993e+00 2.266281845200707856e+00 8.191745443092339762e-01
9.636213210150080810e-01 1.139327969789306838e+00 1.916138330027697734e+00
2.360067905587276416e-01 7.848023269364364785e-01 1.262587844362298650e+00
1.069718387774333257e+00 7.462694119799465620e-01 5.573902834680332097e-01
6.856127881403091193e-03 9.735933583226370480e-01 1.090583600995814889e-01
7.751473256203761375e-01 7.459612436526749102e-01 1.170107043153073123e+00
2.898434697663024306e-01 1.508694828531938148e+00 6.910209683309767037e-01
2.796881204983075464e-01 -0.000000000000000000e+00 2.179525618055043121e-02
1.064309309390808922e+00 2.161334115075185525e-01 1.198334772471471021e-02
9.161463690082504926e-03 1.460111054258288882e-02 2.231052685321805562e+00
8.993348560659067750e-03 1.690050865907064104e+00 1.527320760838549521e-02
4.778799255659980649e-01 1.597793336529894359e-02 1.315425226515792856e-01
1.971603316552571705e+00 1.301537120302603157e+00 5.585762508350013977e-01
4.618598475451920482e-01 4.799061988057047867e-01 4.281113002423910241e-01
9.655584975965949557e-01 1.011372673874031403e+00 3.604525373697650137e-01
2.682937377686512859e-01 2.216540311177761791e-01 3.664935271647956627e-01
1.836420540644774002e+00 2.367971011513259894e-01 4.654561968027001728e-01
4.795240299240314252e-01 3.375988378520099475e-01 1.844138696141337797e-01
6.256712801175580152e-01 2.835640284229874464e-01 4.379272991472650256e-01
3.803038998704562357e-02 9.394288097956718930e-01 7.239740453073796322e-01
2.802984004537278473e+00 1.920350914149367760e+00 1.555342178942323628e+00
6.293075489982610238e-01 1.146105437937773530e+00 8.493957151650419757e-01
5.894555468688016386e-01 6.435656898342627663e-01 5.636339125766322011e-01
1.241427906400743852e+00 1.538448748430458535e+00 1.401211734316435698e-01
6.016192967255853605e-03 7.396908559854863396e-01 1.375796777728810483e+00
2.722971647388706673e-01 2.147382459856867598e+00 7.522918055828084483e-02
6.497202202015645023e-01 2.462849422993361181e-01 3.014495894193106595e-01
2.033195149547676550e+00 1.216492960167570692e+00 4.931558040731181397e-02
1.473892464966123805e+00 1.153460501215212465e-02 2.015167868004391849e+00
1.176556738993132623e+00 1.124146205106244301e+00 8.568937431010901218e-01
1.649373360413766421e-01 4.595571325040231393e-03 1.301787979887254698e+00
3.471692935983067829e-01 1.689729311513027410e+00 9.404085727930963090e-01
1.300618065347486363e+00 6.345181122167454189e-03 5.793500863819999076e-03
2.777360423491361252e-01 2.365364166610550711e+00 3.509994026318835059e-01
5.653058740086179812e-01 2.699466440137828105e+00 1.315136061838615422e+00
1.593346641880718506e-01 8.092524129579050859e-03 4.904012000667946625e-01
2.860637157869453162e+00 1.893129598604949004e+00 1.568903392235438191e-02
4.187470605947861690e-01 1.590062925910956659e-01 9.664646828025157121e-02
3.733668632507657903e-01 3.309531333482222670e-02 2.280336260080183752e+00
7.012271976256688744e-01 1.319769850726458006e-02 9.717576852398787102e-01
1.087492476232661653e+00 2.847241820087934583e-01 1.740574389835838121e+00
1.943816844452544469e-03 2.451251051290842753e+00 6.284272577192806519e-01
1.773451258697910093e+00 1.574283729278873167e+00 8.502762306956208604e-01
4.359270862937371094e-01 1.535058932483825828e-02 2.614400959638110145e+00
1.649513757920374052e-02 7.442157504301369908e-01 5.101094519234817826e-01
1.299838502463296699e-02 2.700222708963908591e-01 1.327711978431825202e+00
1.154475096292894021e+00 3.315839689270110302e-01 -0.000000000000000000e+00
1.328579821095627000e+00 1.726926347813451779e+00 2.048314297945042384e+00
9.077404612758623870e-01 9.643247754257157356e-02 8.279316438833007608e-01
5.096756617696489300e-02 6.985208986377614560e-01 1.071282203409645688e-02
1.297740012725111081e+00 1.220020503461952122e-02 1.111411636178373241e+00
8.603437558089552795e-01 3.643141195524463583e-01 1.549500290846310691e+00
2.336174531193425441e+00 2.395266736613766712e-01 1.077696437602007951e+00
2.433481258692487496e-03 6.334346823193626359e-03 3.825806402046496579e-01
