-1.635522052384558722e-01
-4.249700881859319046e-01
-1.918360540916601131e+00
-1.937525671207379396e+00
2.322382141783671528e-01
3.505932098653926632e-01
4.544174022639574373e-01
6.293130201806715895e-01
4.753749565711286040e-01
2.581177894261637018e-01
-1.852853867696747925e-01
2.934264965766119060e-01
-1.299469336850318069e+00
6.379273094767613506e-01
2.223204538887537940e-01
1.287783673643877247e+00
4.700920017256269290e-01
-3.096350764850546236e-02
-3.853304775387623171e-01
-1.179435445910872682e+00
-1.071008549398525078e+00
1.509579219263451177e+00
8.195063477282034034e-03
-7.510577519454550988e-01
-8.178830643699113168e-01
4.328538299479899737e-02
-3.137024216490774120e-01
-1.596767342303765380e-01
1.935488142101758069e-01
-4.467967329188509140e-01
2.773064543191898768e-01
-4.301731654198813204e-01
-7.408741252609136740e-01
-2.132629316758124505e-01
1.061978598420342035e+00
-1.385198439834193218e+00
-1.343800245764722318e-02
4.596205080989780867e-01
-1.760811393046514572e+00
9.112673905686444753e-01
-2.235372040105012559e+00
5.598889602964668422e-01
4.380430032520542527e-01
-1.489995670045446419e+00
4.944799769525602406e-01
-1.259180821375885939e+00
5.662406314442767208e-01
7.658387181157001733e-02
-2.037011905653924315e-01
4.579374657381488078e-01
-8.185664283995504331e-02
-6.082966094752846609e-02
6.368339608714913558e-01
-3.785940443729992610e-01
9.712476289792385531e-01
-1.083089771601323942e-01
4.029306851574968040e-01
9.595730804778961343e-01
5.789728717381066592e-02
1.373180980852954258e+00
4.823049370942139036e-01
-8.486249777959794516e-01
-1.435594206508979953e-01
1.229194511338382423e+00
-2.873324586519755419e-01
5.594253715210246725e-01
7.517541031908145377e-02
3.337559812939370207e-01
4.851802261656010806e-01
-1.385616771744185183e+00
-3.752203608864516232e-02
7.661906668766439443e-01
-3.171575574492449534e-01
1.262051591327600475e+00
-1.289663424170109263e+00
5.945124285457258073e-02
2.941041545768510734e-01
-4.017606405780763668e-01
-4.485678731184276624e-01
7.264602119201353236e-01
-9.856213538633813720e-03
