1.345628634882933161e+00 1.149174411439733978e+00 5.926698173552332749e-01
4.288018967360026634e-01 1.829962534084403458e+00 3.771635651514371190e-01
9.719706408081001114e-03 1.190842087466070343e+00 2.513790753635810477e-02
1.388662459860118492e+00 2.588120867600432362e+00 6.747157629569082715e-01
1.010247706920906069e-03 2.253967172436337485e-01 1.160677402009897472e-04
5.380415077714540972e-01 6.530704225372253001e-03 1.397641323728869178e+00
1.077248071739868251e+00 8.012491041051297280e-01 7.810697179593034667e-01
4.121545478288363151e-01 3.860390297104151491e-01 1.427275751622845146e+00
8.228189060694190982e-01 5.610690440530150536e-01 1.266091333750867465e+00
2.660938456031923804e-01 4.192472781186200592e-01 9.118759935201821154e-01
-0.000000000000000000e+00 2.483000264462354445e-01 1.127827264828460546e-02
2.547657939172180974e-01 6.847678552461473889e-02 6.969432736600390289e-03
1.209923655251834651e+00 1.772655246333277645e+00 6.757663520952225111e-01
2.234006749292808758e-04 4.297274396028339383e-01 1.065881241945701267e-02
1.277851797103547016e+00 6.942176413977612093e-01 5.917402843174701665e-01
1.383280836776353689e-02 3.811342923613620925e-01 5.407753262966123048e-02
1.168842818397233113e-01 3.413382546923812155e-01 1.338307345469267773e+00
6.250558784850382965e-01 6.207659864765743309e-03 1.537106813364787827e+00
3.558919249460948397e-01 3.997521732948120521e-01 1.068073915669031981e+00
2.102049368869665300e-02 5.702435026865837475e-01 9.847068356717466608e-01
1.720870378316772531e-01 2.224657255994619554e-01 2.051116647789072434e-02
1.227560494522119017e+00 7.570579893908370162e-01 6.174420142986897231e-01
4.414472401988590589e-01 5.152085252768072721e-01 1.154327321110423910e+00
1.313189822125770734e+00 1.307268824309360866e+00 6.535190599385767296e-01
2.185547021418125443e-02 6.373560637421237240e-01 2.211363905028667920e-01
2.903115134218017812e-01 6.156973056774118352e-02 1.323070147290600178e-02
8.736675351171492299e-01 1.283902751305031842e+00 7.005570181572504662e-01
1.191052567999346667e+00 1.248431370083249670e+00 8.648321934165265068e-01
3.651295280943022033e-03 7.880445201532557675e-01 8.646620407913198705e-03
2.959491871988922385e-01 1.816949027206483658e+00 3.889625994067696380e-01
1.434582897853399486e-01 8.631457301523670633e-01 6.284231310413735012e-03
7.899053596630548624e-01 1.270780094089136503e+00 7.522929373637672334e-01
6.586258106869225491e-03 3.165546774228015364e-02 1.576415676416168532e+00
3.140553461897672705e-01 5.074068866220360352e-01 1.351472336784407924e+00
2.074876203408668185e-03 1.372146353545199669e-02 5.180857801303669768e-03
1.090158250165274234e+00 1.522195655899586386e+00 1.430202859212321154e-01
7.477774244525811076e-01 6.229183576286468904e-01 9.026949376134533187e-01
1.985118284225735608e-01 3.039514694539210971e-01 9.672179560950558974e-01
2.565156115376341361e-01 2.688541273416906296e+00 5.986314014704173792e-01
1.215141728296891932e+00 1.062678657170778918e+00 6.119912314507801598e-01
1.060957347296898057e+00 2.407875291593661871e+00 4.899990095150315028e-01
1.065107946103843739e+00 7.891033875761479521e-01 6.699267018884743630e-01
1.882472764645747032e-01 5.183438469198951674e-03 4.521864836754368490e-03
5.965405744450473779e-01 4.449845719473179834e-03 7.362915372807361629e-03
1.423956789179869231e+00 7.832009850603016687e-01 5.374270515569427031e-01
1.320918527524069352e+00 2.085377117019968640e+00 6.514483603105702958e-01
1.404916554925191630e+00 8.008954527136501467e-01 6.432363445511234401e-01
8.747341428413371034e-01 1.076427626495249923e+00 5.623364279315662406e-01
1.478905933117224958e-01 2.039289622887567044e-01 1.269136477938334284e+00
9.441762255982372176e-01 7.957914770297903617e-01 6.014864331555563881e-01
1.271937202088694097e+00 9.177381636427107692e-01 3.583831197856532369e-01
2.113745509710968778e-02 1.074996635563418845e-02 1.547935770079686413e-02
2.111902877932884670e-01 4.572315437262915172e-02 1.486225814707595738e+00
3.436190178588268140e-01 3.272766029828306222e-01 1.083224383592791940e+00
4.383859084819156648e-01 6.303893941716003368e-01 1.123095003865111075e+00
4.346166020817942566e-01 5.337653498877179296e-04 -0.000000000000000000e+00
3.279227814375822447e-01 4.481311950558312107e-01 1.220364691682695124e+00
1.412964728330328379e+00 7.237603243425190236e-01 7.362606898101141661e-01
6.141515436488318436e-01 2.277190596852376181e-01 -0.000000000000000000e+00
1.947621891553032517e-02 4.010445920681577903e-01 1.155964662442978019e+00
9.798214443903035392e-03 2.936026834549017349e-04 2.514609563796451133e-02
3.760755110068565998e-01 2.160963536288334173e-03 3.942287070886651631e-03
6.195659709326075152e-04 6.978617348753420567e-03 9.769724935599774507e-02
9.216589648522414135e-01 4.856680490837612663e-01 9.665575634471124111e-01
4.126669029734222893e-01 2.630860294366547114e-01 1.260842432004824598e+00
1.499872650584517866e-02 3.802137636679017163e-01 1.329922351269040348e+00
1.056813110024831387e-01 4.605281180864805902e-03 1.544049437016081217e-01
5.363182691524871482e-01 7.603884761023936567e-02 1.064355737494508292e+00
7.887137778134484245e-01 5.174254755940670414e-01 4.229725298221276852e-01
2.927301560034193950e-01 9.830079025465763287e-01 1.432148292913475217e-03
4.440507085133361675e-01 3.729312144252852068e-01 1.382266123470243580e+00
5.211306538323640840e-04 3.703214005058123037e-01 3.288673408822119226e-01
1.698676731384025917e-01 2.232190086151077668e-01 1.199091724159291772e+00
9.664576140770989587e-01 6.801123892449438824e-01 5.390942111415403248e-01
3.881513266815704855e-01 3.241012465315956659e-01 2.372152939438415542e-01
-0.000000000000000000e+00 1.189767384520630911e+00 1.158606500323550392e+00
3.781755509631449241e-01 1.064887265342622791e-01 1.391697762139866068e+00
1.240137589996764600e+00 1.218649122063623524e+00 9.146775036789103197e-01
8.771535579998571697e-01 4.601364775518975159e-01 1.891189374991485150e-01
1.390983851105731528e+00 6.837356052198605427e-01 6.117033171098774647e-01
1.478440921433817890e-01 6.835874967647391776e-01 3.289369458588483047e-03
