-4.929047443048886201e-01
6.028175302177496420e-01
-1.924318016097897321e-01
2.673237059061014942e-01
-5.414997948333598599e-01
3.940002219488315527e-01
-6.376791078067391150e-02
4.639763176356922481e-01
3.586415986318602922e-01
-4.454988850798455857e-01
3.402108054300878037e-01
2.086955281527653749e-01
3.016918460651438760e-01
1.454094455145514275e-01
-1.680840224992350418e-01
-3.011942107885193787e-01
-2.794034588084887694e-01
4.998214185283235134e-01
2.710575586364511458e-01
6.545401769508427114e-02
-4.605522701841183175e-01
5.008404447614595023e-01
4.353527000065607888e-01
7.237415824262949382e-01
-3.283833255861557526e-02
6.283037925201341578e-02
-4.409708407702691013e-01
-2.386009034477641622e-01
-1.680887606472495077e-01
-3.790581961029189650e-01
-7.848280409856042139e-01
-4.298083166668247856e-01
3.004630668432625717e-01
-3.697031251591977041e-02
-1.438917073154152015e-01
-5.534955519273043745e-01
2.033925895148380458e-01
-5.211806129818832151e-02
-2.800265635758807381e-01
-6.859675862624035059e-01
-9.049393636437995381e-02
1.800581822601453053e-01
-9.502457768757190948e-01
-4.294694103413284614e-01
-3.526977073901880755e-01
4.968886378917672375e-01
6.376811320232019797e-01
-3.666625636792152365e-01
3.530916578633016556e-01
5.455518162847189378e-02
5.917345494507140202e-01
1.897317857646654560e-01
-2.380921638144224139e-01
3.707261124177482214e-01
4.670523120354285185e-01
1.893631950290903254e-01
-4.333745791226903954e-01
2.696758204674209458e-01
-4.656221044343197835e-01
-2.938712883129193099e-01
2.465940664711187558e-01
-2.435282841200407944e-01
3.173685145470249158e-01
-3.758102706047540542e-02
2.565730795904490047e-01
4.312629585031331203e-01
2.578111311825212471e-01
-2.054333183316491285e-01
6.041634513318438343e-02
5.452885275655307978e-02
-7.200104284610563121e-02
-6.974084281599618462e-01
-3.432682479154633426e-01
6.147173224432609349e-03
2.408656813967874344e-01
1.212161531484266530e-01
4.070700092544382032e-01
-2.356481921103809052e-01
4.363051786163495427e-01
