1.046873729417125087e+00
1.106534642217279041e+00
1.320207369003376208e+00
2.691116980458058805e+00
1.374884906897454462e+00
3.017365704961115114e+00
3.039619848957691772e+00
1.630192540614450181e+00
-1.104777799527527193e+00
1.866591256551854761e+00
2.493980868744956503e+00
-8.299102849318671371e-01
2.140638417791707049e+00
2.149399671200001194e+00
-3.257258826215291836e-01
1.559405832908721479e+00
2.395447213752546656e+00
1.957226882948837510e+00
6.453828932893197479e-01
-1.240889642727245779e+00
7.710495786256006401e-01
2.533621151747723843e+00
1.455371447230790372e+00
1.671148547590251665e+00
1.999926827992282385e+00
1.336180283461373186e+00
2.468248614529005902e+00
-8.719659694111516757e-01
3.317971816621634873e-01
1.599852701818803791e+00
1.445038690742986187e+00
4.915407249997713279e+00
6.093813559332474927e-01
1.520058032311913943e+00
2.979368902655780804e+00
1.600534774254288140e+00
9.564088735539973962e-01
-9.826884106208493286e-01
3.330951488510022873e+00
3.571937834137164369e+00
1.242462563013916332e+00
2.643499862672016754e+00
1.205508622902166316e+00
3.417700765485166325e+00
8.637783776283037840e-01
1.400207541342653572e+00
2.753463468521294644e+00
3.079896162002101256e+00
2.004975929793060066e-02
3.297052427905171612e+00
1.186034187145192265e+00
1.952611325034609546e+00
1.624389634962169371e+00
1.218312674129360396e+00
9.258792665408452915e-01
-1.209406344977079550e+00
1.303191842205847717e+00
1.180577006529939910e+00
2.396761631722682306e+00
8.062475977050165277e-01
1.416564049476572995e+00
-1.859034763724160433e+00
1.264870473337356138e+00
1.086023728920431086e+00
-1.997135704473869122e+00
8.903400473034769336e-01
7.521967265280262716e-01
1.819895550596632328e+00
2.366504475721688205e+00
1.909413115848204168e+00
1.638645957680254783e+00
2.097841195059166886e+00
9.659445053208915999e-01
7.589850992668932816e-01
1.581934942548670842e+00
-1.575449657742190590e+00
1.014947949741415556e+00
1.709305826469969647e+00
1.218597238445412456e+00
2.718393206747295565e+00
