-1.663800379917857730e-01
-8.247103720106926383e-01
-2.444196676220142250e-01
-1.188340451332617009e+00
4.235060990341790177e-01
1.921176392620348727e-01
-1.302368804556789175e-02
8.955460459452896371e-02
-1.346122117961475184e-01
-5.778080121899407257e-02
1.913792008538100220e-01
6.036962402441079512e-01
-1.017093215901853531e+00
3.204818614128326359e-01
-1.798359810830973404e-01
4.639091443067330789e-01
5.348029813180656816e-02
1.459671891762779616e-01
2.150821515373769338e-02
-9.622542107144460566e-02
2.808578073165486910e-01
-2.321338860099131929e-01
2.206656144734850944e-01
-5.169544610305309984e-01
1.476985498682108038e-02
1.379225126489167508e-01
-5.279353147212215713e-01
-6.734523414413009501e-01
3.080092651315147201e-01
-8.456216887360097356e-01
1.925946209362833783e-01
-4.514807500775968041e-01
2.039762836946265312e-01
-2.152793451647936895e-01
4.182646347813535614e-01
-5.409355061476084359e-01
-3.243325090151913392e-01
-1.162755055775096941e-01
-8.873624081238287165e-01
-4.246066986868131110e-01
-1.049291964914171871e+00
-1.825119219133155002e-01
5.097867878745924175e-01
2.098930607612729260e-01
-4.782819726522339332e-01
-1.245161397102500400e+00
-2.771113535938891231e-02
-4.465091079029483434e-01
3.619575827937098755e-01
-1.348815001389105650e-01
-3.109713500717141699e-01
2.965056654283921289e-01
8.747990189951221351e-02
-4.043840793934436184e-02
1.586881628355191198e-02
4.470472364055665393e-01
-8.121466122355069928e-02
-3.861670939852637763e-01
2.669373588536860242e-01
1.804578180546030086e-01
8.064902800235111968e-01
4.013167521229437096e-01
3.690998903587364710e-01
-2.148148931480078072e-01
1.904453321439137370e-01
1.190799174343596112e-01
4.284064376772823701e-01
-1.153179249459330979e-02
-2.008420153735667457e-01
-5.836921039708951875e-02
-2.521899092188434680e-02
5.715364440398044144e-01
1.276887000845840781e-01
-1.990677092470490017e-01
1.235020934931161107e-01
-1.470811578633665073e-01
6.927116348461798134e-02
-4.936936645294828785e-01
2.073127658787800032e-01
-1.800025753458413258e-01
-9.891212864183821646e-03
