-3.568486869632715441e-01
-1.465004815871711330e-01
9.402556385796457805e-01
4.650975711121867473e-01
8.617311584861315765e-01
-6.569435352359120905e-01
7.389384492481410049e-01
1.342534388044141491e-01
3.595078194874806177e-01
-6.875250309511139746e-02
2.050826267161667549e-01
1.001018320926831517e+00
5.839101453746311510e-01
-3.026290703477638178e-01
3.282918662594563330e-01
2.038978198232683781e-01
2.934761756140656930e-01
4.280512807512696916e-01
3.180117289415737014e-01
8.671810795424057527e-01
8.881788846323672715e-01
-3.259541284050612719e-01
6.833642808983161898e-02
2.852516572246951987e-02
5.952866407368908597e-01
9.651368023006907659e-01
-1.322130691127110680e+00
-6.884964810661853285e-01
1.859093410622003339e-01
-1.133772018635959000e+00
-1.142749175925308558e+00
2.115597360956497086e-01
2.900321415862878727e-01
5.270085677249787270e-01
6.650442509630463128e-01
-4.475110129068443077e-01
1.398107398822536485e-01
1.383220588374582116e-01
1.141576228130549708e-01
-4.433234235396553147e-01
-6.161072922250434569e-01
5.403175104711902543e-01
-2.385537665408827279e-01
2.223483856084120802e-01
-3.915081230823150293e-01
4.375497000124446423e-01
-9.278761356669578131e-01
-4.623188818666000288e-01
1.255897537252404772e-01
-1.187752316512921791e+00
5.071140100276297913e-01
-4.821179666815910148e-01
3.215666507794239237e-01
-4.146878606806462253e-01
6.656479017454759450e-01
7.794745787254611091e-01
2.468438364538020624e-01
-1.575362337266798418e+00
-1.403507567875180995e-01
2.399355659196776569e-01
-2.642790168741472878e-01
5.885283642581072838e-01
1.836456275741179534e-01
2.575123479844865226e-01
-1.304264507218898528e+00
-1.073393283401014031e+00
5.285436400100147480e-01
1.599165277825697618e-01
-9.653832874757525273e-01
3.296788478344862550e-01
5.069611424679292266e-01
3.929914357796148727e-01
-2.993948352788233097e-02
-4.016346069634450788e-02
-8.372789651240018782e-02
1.625636233606380654e-01
-1.587717461045020428e+00
-2.608482944980252544e-02
-9.195770750858278664e-01
9.391249043593764556e-01
2.018379911530148244e-02
