1.190851642245270431e-01 1.041509408662239178e+00
1.809677133216402167e-01 2.823346594938732079e-01
6.743462581891923602e-01 1.479930910372158737e+00
4.003738405307743706e-03 -0.000000000000000000e+00
6.379762631487578828e-01 7.364409734902249011e-03
1.810648970652379841e+00 -0.000000000000000000e+00
1.026939237773473623e+00 3.853910167385043214e-03
2.686896170531876571e+00 1.598592953082622961e-02
4.190333529215101160e-01 6.000978141512368635e-01
-0.000000000000000000e+00 1.630929266287063917e-01
1.148791499437370911e+00 8.108278855275224961e-01
1.052965556180224249e+00 8.129373968279082416e-03
-0.000000000000000000e+00 2.123993722312260135e-01
1.351952185182992983e+00 8.580474320350874873e-01
1.058832962925070342e+00 8.983977780627291354e-01
1.134765641549250859e+00 3.116361526540886197e-03
2.444963700743084445e+00 1.132219551896318288e+00
6.361924890607166816e-01 1.544735806024930824e-01
1.674776178092586276e+00 1.792013532414447274e+00
7.057582599210793228e-01 2.011920998828787416e-03
5.065449359712979049e-01 7.688086673468403909e-01
3.869611261195660123e-01 4.096052540201753321e-03
4.674508267433662850e-03 9.273790429343331532e-01
1.788917441452851165e-03 4.250415380431950552e-01
8.439467672704576984e-01 -0.000000000000000000e+00
1.113670203239419232e+00 4.012907296122827927e-01
1.963291188580276736e-02 8.086950296307542363e-01
9.812550751566903942e-03 1.219149388288034874e+00
9.102327317768885706e-01 9.805998057378433833e-04
4.371660208276817450e-01 4.735019514666515927e-04
-0.000000000000000000e+00 6.488827083825776665e-01
1.692274120613124558e-02 6.855982649060073930e-01
1.458819986845745653e+00 1.716070112346764986e+00
1.438113021555889213e-03 3.228340362877515357e-01
1.666881329922194066e+00 1.255125479338098593e+00
1.106647718154932347e+00 3.194985454197868391e-01
4.480363182085927293e-02 3.373369924295387401e-01
7.905293738718935925e-01 1.051190512247850428e-01
-0.000000000000000000e+00 1.027739780719174822e+00
1.429463876225622876e+00 -0.000000000000000000e+00
-0.000000000000000000e+00 3.422887003731344335e-04
6.519891054882761550e-01 1.120385788620317458e+00
3.089695162257819039e+00 4.098801153235408744e-03
2.779773631748853280e+00 1.630676261422868478e+00
5.502385833000313087e-03 8.137387592042947260e-01
1.864417774812683138e-03 -0.000000000000000000e+00
-0.000000000000000000e+00 3.353855641267309839e-01
-0.000000000000000000e+00 3.189689605100653136e+00
4.826985237197843337e-01 3.305608431529643101e-04
6.898281871143673305e-01 1.268306788281336805e+00
1.273281849088689688e+00 4.636273756990314521e-01
1.290876789759869192e+00 1.665018546820208778e+00
1.432143102420117886e+00 2.391719360925761872e+00
1.260710987279118456e+00 5.804806155672663781e-01
1.879098718765900511e+00 1.065106529939796376e+00
9.131370055211531778e-01 8.793142811909899770e-01
1.033319896834927976e+00 1.270745891371687142e+00
-0.000000000000000000e+00 6.502453376209483826e-01
6.310542172117347137e-01 2.325330406638592251e+00
9.369395339189199312e-01 6.171757637247338169e-01
1.095713738812059024e+00 1.635878230329168348e+00
1.853791334058717322e+00 1.934599385683634543e+00
1.705851898093782237e+00 1.021407149758456478e+00
4.883854138792909638e-01 1.725900169154792385e+00
4.764280099731975637e-01 3.605767638883641043e-03
1.895307220402184134e+00 5.100684379810522806e-01
3.119672831748657060e+00 2.383565249032796873e-01
2.634112917208514038e+00 1.187670334210479073e+00
1.122208565427434523e+00 7.888457436973517201e-01
8.090065918760581953e-03 2.744927129455803971e+00
5.517577522173982424e-02 3.258305011595960705e-03
2.118194490343569214e+00 1.627925516358147195e+00
7.761704057073931518e-01 7.287808321281472046e-02
1.390335794356667432e-01 1.380719635133067280e+00
2.197215674272640917e-01 1.355971562279328024e+00
2.079971093675692106e+00 1.484865608743356047e+00
1.542408885999192902e+00 1.532830041734685456e-01
6.139320949641585701e-01 1.716862974653238672e+00
3.896069833796821369e-01 -0.000000000000000000e+00
5.107263231028701285e-03 1.678384874754831113e+00
5.005026003444350557e-01 7.731160849224656406e-01
