1.084463383262074948e-01
3.420746378633086615e-01
1.345165952996538516e+00
-4.822013269833050342e-01
4.646774844029944451e-01
-1.356566973767300288e+00
6.500189647140383054e-01
-1.089915667976290692e+00
-1.115249994083089974e-01
1.199788118456685648e+00
1.913002298621410968e-01
9.316105001173908828e-01
9.426126874852248649e-01
7.705440287225565066e-02
-8.543855847555676952e-01
-4.795232940039156344e-01
7.807074984128499207e-01
7.174200045318993579e-01
-1.050381770083301136e+00
1.129637893898582268e+00
8.507607472443055041e-01
-1.161516572569785133e-01
-4.640374130516924933e-01
-1.393509543859383082e-01
-1.523192653867065094e-01
1.063603634896306938e+00
-4.423765487310526989e-01
-8.189582081177905204e-01
8.783381950912459712e-02
-1.794826600364896274e+00
-7.327097464847805997e-01
-2.853247594286736910e-01
3.244457850413467459e-01
6.156734392727420957e-01
3.737443989227726693e-01
5.515983033009163039e-01
-3.729725521447549985e-01
-2.376649716213113939e-01
5.798704702553472146e-01
-6.280920486769181466e-02
-1.088114485443802293e+00
7.765974099570973621e-01
-5.859321759420489384e-01
-5.599048495783855162e-02
-1.256270014619256525e-01
-6.408950233791869122e-01
-1.234147466801742921e+00
-1.850382875761297230e-01
2.800128851496806459e-01
-6.312148855195881536e-01
5.290708342022875099e-01
-7.349928822927642713e-01
5.538911232566996468e-01
-8.592038971673866543e-01
1.227359717929590754e+00
4.017219652164247257e-01
6.615572004481504731e-01
-1.428832584526009253e+00
1.180164726025093147e+00
-4.823361431131330257e-02
-2.072542116649564448e-01
1.939429565144972445e+00
-9.664715169435833531e-01
-1.666052558252490434e-01
-4.798841064327041273e-01
-5.695254549759855012e-01
7.895169527232769324e-01
3.340172415054900590e-01
4.034774660292792525e-01
-9.151891309820389675e-02
-1.158603451255826755e+00
-1.320943307591013471e-01
-9.229988506377063973e-02
-1.286158935039966381e-02
-3.674962612184393684e-01
-3.834815321721058989e-01
-5.050012191441066722e-01
-6.996357739911780449e-01
-4.274152141280034845e-01
5.839381942548586002e-01
2.944612127314940597e-01
