-2.195690110907498327e-01
-6.439227993175422604e-02
6.261477108874208275e-01
2.108766069269114862e-01
6.005651014456702130e-01
-3.675448022560565686e-01
5.190199628383490582e-01
1.098682310949134072e-01
1.466949908205471553e-01
-1.612609003082835779e-01
2.827914179341791678e-01
8.593319582635090548e-01
5.388629148809200853e-01
-2.896332885386729283e-01
2.220640094182721180e-01
4.521139329492250558e-02
1.406334843305339088e-01
3.679721778854759817e-01
1.713400605127912979e-01
3.791138975966940605e-01
4.246495256108520633e-01
5.270914242530829602e-02
1.176013440204151522e-01
-7.409774115598220801e-02
3.416168689091225175e-01
5.301805780135838697e-01
-7.926262789714269008e-01
-6.843114402583709843e-01
2.091892864410407060e-01
-6.207149143777701550e-01
-6.325862815946556861e-01
1.719443545659947725e-01
2.604012136790923582e-01
4.839142706726807797e-01
4.196385509126969726e-01
-3.897128232643565782e-01
-4.496030378857231863e-02
2.504876834418220954e-01
-8.043005707619507033e-03
-2.356366654262724014e-01
-4.447238382246302413e-01
3.654917469970322963e-01
-1.289963148390391723e-01
2.654169692714403728e-01
-2.314448992740019972e-01
1.941427665990460016e-01
-6.598764536602641506e-01
-1.847971171706715154e-01
-1.057038500954368687e-02
-8.151896121757881142e-01
1.958194781117565675e-01
-3.337363197935481751e-01
-4.831432243842365137e-02
-1.563562258581191189e-01
3.977461835060396300e-01
5.335107808234250681e-01
2.750337897762640815e-01
-8.761263078509670121e-01
-6.521139149176648220e-02
1.244960789915810495e-01
-2.686960850101681730e-01
2.728300823929299956e-01
1.914899511856127945e-01
1.445482523496149363e-01
-9.566704393229059633e-01
-7.188937379947302198e-01
3.432401696983806150e-01
9.239512479868138006e-02
-7.222607896886289458e-01
8.319560253560154273e-02
2.221030021316061642e-01
3.587666726141688911e-01
5.675643613782556385e-02
5.223563254608933754e-02
-3.046704864612312380e-01
5.917385553585950003e-02
-9.874208344809213278e-01
-3.100650354612162485e-02
-5.535400131113213940e-01
4.901941700630715881e-01
2.020372052769602855e-01
