1.943488097096327749e+00
1.989973888074227260e+00
3.464018828734347188e+00
2.552614182085544137e+00
3.526362278112618043e+00
1.496107491093777941e+00
3.196158396973694860e+00
2.558282358260369982e+00
2.658971306545097502e+00
1.890675804567075957e+00
2.839514351653381841e+00
3.761991496776237565e+00
3.224004106978179518e+00
1.747827130142223240e+00
2.651218973213598229e+00
2.336006766610021490e+00
2.559841507475218769e+00
2.853249594111731291e+00
2.566032652833444061e+00
2.825257891751146389e+00
3.124312125805245977e+00
2.337489056349347116e+00
2.464740146370030693e+00
2.100200627713372903e+00
2.900090247449516490e+00
3.422206685066093712e+00
9.984845594269812219e-01
1.259924043262630411e+00
2.491129067017393783e+00
1.172541197010463776e+00
1.183685426415649555e+00
2.530246724123615287e+00
2.717810948640272173e+00
3.022413595529304331e+00
3.031125093829464490e+00
1.566724938216019325e+00
2.371148196352800053e+00
2.645097802028803180e+00
2.070432759157672997e+00
1.729112489948156473e+00
1.521751701818037983e+00
2.944013957576255613e+00
1.902555282540425496e+00
2.438690219563115491e+00
1.905615845994030666e+00
2.650091769890042137e+00
1.199517897656416698e+00
1.951289787772560347e+00
2.085785655457571330e+00
1.047747193511183728e+00
2.497387101670219600e+00
1.706875825985960438e+00
2.238927263847077409e+00
2.084037373925580194e+00
2.893847532682951584e+00
3.112565983158283256e+00
2.778795352058522905e+00
1.040449088121177423e+00
2.034175478179724994e+00
2.472221985111946019e+00
1.727877365357582296e+00
2.830217440187046130e+00
2.563365034380823193e+00
2.339793634131537736e+00
9.609605624187906869e-01
1.052855370657602929e+00
2.793681532667832812e+00
2.172545712961481801e+00
1.131101152547658195e+00
2.415169509500955769e+00
2.646843189138783359e+00
2.820536001606035459e+00
2.115248893504868555e+00
2.146272741138776308e+00
1.912426366499475616e+00
2.519013433627671716e+00
1.029103201226363229e+00
2.160106645095893452e+00
1.358036285840597435e+00
3.256529312403572796e+00
2.509442634385338433e+00
