1.497074889036694945e+00 5.522669585841928352e-01 1.035463285670325639e+00
2.321278269913367442e-01 2.353628421580753916e+00 1.883247689443888317e+00
8.390453660700613117e-03 7.950335117887656899e-01 6.331057548962203130e-02
1.309104191162293818e+00 1.470050642905786908e+00 2.003466443075585246e-01
2.348641383486200218e-01 9.157532063544047973e-02 1.732585980098431122e+00
1.197586652589536449e+00 4.275404070510743955e-03 1.856374629378302055e-01
8.597937094666702196e-02 6.649104795476796781e-01 4.888965460287732490e-01
7.393658633454369689e-01 1.568388776394186775e-03 1.358061277572334191e+00
2.390301101823551766e-01 1.126086302427303121e+00 4.850655828086826715e-01
2.134939072013044559e+00 8.654875303455086821e-03 1.667538011985807839e-02
9.878161698139987790e-01 2.015167717970019201e-02 1.574323487885889383e+00
2.431544749806949235e-01 3.256541365582061448e-02 1.178473511720393579e-01
1.133225235227645289e+00 1.571304826221356699e+00 2.440085383116383788e-01
1.522680346930951889e-02 6.359807749483139538e-01 2.870278600518837153e-02
9.943664794437747645e-01 1.188036367168098018e+00 1.558641946788033028e+00
8.337828900705371860e-01 2.351121093830922104e-01 3.138366284545672236e-01
5.478311456467285095e-02 1.950656283476919883e+00 7.061282045470623769e-02
8.232119904341270722e-01 1.142308538279020347e+00 4.997981210848449485e-01
3.355820190259875546e-02 3.675321578384817961e-02 3.992329543030737060e-02
1.356283841881694485e+00 5.020594767606648690e-01 1.168441050352947652e+00
1.605209239225282858e-01 1.341672454008291382e-01 6.444017415567916407e-01
2.921114398769693032e-01 1.036169824297448194e+00 5.112704706298951685e-01
1.499888211720671105e+00 2.688612218220167230e-02 1.183629888904499605e+00
1.516770811518785234e+00 8.449718305022886344e-01 2.567264254885112340e+00
5.219930449886587276e-01 4.106493131575055799e-01 2.404593174869454675e+00
3.519613963165645759e-02 1.610474011741758471e-01 1.677077070405931861e-02
1.241987838226635554e-01 6.993147395178299641e-01 5.513049746722603617e-01
9.501287433987298803e-01 3.058590310312685467e-01 5.155222976972279048e-01
2.325992410106254848e-01 6.066781136122253448e-01 1.358038274735451800e+00
2.102336907787782039e+00 1.633420390290833746e+00 3.568043714446634401e-02
2.382707242778121792e-02 7.506173017367390177e-02 2.257088319089086206e-02
1.336049555136045452e-01 8.406455720765190764e-03 8.576298556437052245e-03
2.118882440376049558e+00 5.634423986723437888e-02 2.170215323054323076e-01
1.785734579190970672e-01 1.515118443927262470e+00 1.711407272440712002e-01
1.718777470494230908e+00 1.278583298186982686e+00 1.112871884654969001e+00
6.454412086805439985e-01 8.313079227708066732e-01 8.493440004792630615e-01
9.341261915720697195e-02 7.493258433106917416e-01 7.479033881401178641e-02
1.478232409232575151e+00 2.575711010306622195e-02 1.309737341355711848e+00
6.121205255842490089e-01 2.709137678906552438e-01 1.256437050879282147e+00
4.013384909517792032e-01 2.405697175568589863e+00 1.481790402851703270e+00
9.494729537898666250e-01 2.200263203348293839e+00 3.469231316701946732e-01
6.501228200530744239e-01 7.869770714770348008e-02 1.376566709743878569e-01
2.012825010335292930e+00 3.131372740456228598e-01 4.938823368155600413e-01
2.880949124788616603e-02 1.259507324794036376e-01 1.536016969505396457e+00
2.828451569643126717e+00 8.869690033832540454e-02 2.562004246747428757e-02
8.354324405986526259e-01 1.063132684203536682e+00 3.299421311393559431e-01
8.114122982220129954e-01 9.360355656863361684e-01 3.385016451407749649e-01
3.340384520456170847e+00 5.817497370709374949e-02 1.186708034529000200e+00
1.664903810211581722e-02 3.010812669508625916e+00 1.434971359008423673e-02
4.359627360973756804e-01 1.100921623339164102e+00 2.194745394642752881e-02
1.480758854562971516e+00 3.160636022262065109e-02 2.191886638117549690e+00
2.059856315758497924e+00 1.527608055321539628e-02 6.104499109848389171e-01
2.161131410881618822e-02 6.734770724536259801e-01 1.656185321738745442e+00
4.223352996106373436e-02 4.293018534260454461e-02 1.093338576670149553e+00
5.087102237506799934e-02 4.280794003130601599e-02 2.141563133831218213e+00
3.472397561456888604e-01 1.440424367950273288e+00 5.575806240988191720e-02
2.609736584755971700e-01 1.991046410185320914e-02 4.899172327410052374e-01
8.838005724914381744e-01 2.010917419790843319e-02 8.826187732249718421e-02
2.201333740466248148e-02 3.732352614653162981e-02 1.054887421484375504e-01
3.933773267964771336e-01 4.971500369279140963e-01 1.343183802913326952e+00
1.634174849023395382e+00 1.840017268863346045e+00 7.693595210136197071e-01
1.315183937781474466e+00 2.057751645196643775e+00 4.097414899640416247e-02
1.238783622205312351e+00 2.788772173852732683e-02 4.845899772143555384e-02
2.260709982649680011e-02 7.378238246592060401e-01 1.255187105557759031e-01
1.285459706377856115e+00 2.493621813352633887e-02 6.928033975248795162e-01
5.521912687408305973e-03 2.169292879273619079e-01 6.024621013523316915e-01
3.955422609237565501e-01 1.332427183033297435e+00 1.975416423135983646e+00
8.767993856124875474e-02 1.132161074951988144e+00 5.544709874599103028e-01
5.729034449798408035e-01 1.790156328722311216e-02 1.428937610074695608e-01
4.513253773406564195e-02 2.637304070590070632e-02 7.252834618547696621e-01
1.028591894179420985e+00 4.743215664597590364e-01 8.949405182601411976e-03
1.246266077658625182e+00 1.434005286854132644e+00 1.567665491802285427e+00
4.033579581876793607e-02 3.194362328471194584e-02 1.669643350024551109e+00
1.189321086152330675e+00 1.538834302953900890e+00 3.424293696540590681e-01
1.315245338357784899e+00 1.254901048058867929e-01 2.493275368777559953e-01
6.203468514136620260e-02 1.109689726002909493e+00 2.494436103755723680e-02
6.646561851823837852e-01 1.320434417923528614e-01 9.464333987988666763e-01
3.622457022299961915e-01 1.288036094908502904e-01 2.526502833443760032e+00
1.175184673994459361e+00 1.216468023663255620e-02 2.884470062015105640e-02
9.291353643367127046e-02 8.501224812116697782e-01 4.242121499262019313e-01
2.669582277612432275e-01 6.916789394381486211e-01 7.842538200479297339e-02
