-4.769539397877471387e-01
-2.900735197855104364e-01
-9.168535200001302066e-01
-1.243383764807355796e+00
-4.601407383386599270e-01
1.591967931343287512e+00
1.476538039911202693e-01
4.258695787369052299e-01
-1.783046238064827094e-01
-5.037057878884476647e-01
-4.391462763532751334e-01
3.694065368926345849e-01
4.894001530895992352e-02
7.853844094314689495e-02
2.798903252251123130e-01
-1.619231652472891803e+00
8.822888965938210926e-02
-1.729229170600408150e-01
6.194856996797273307e-01
2.592672576855161171e-01
-3.324294304725337046e-01
-4.986490246793631731e-01
-4.639051928750673529e-03
1.288250378974553412e+00
1.973624063233161419e-01
-5.764565053401332628e-01
3.841024054720235115e-01
1.280899088984585044e+00
1.594998172104173273e+00
8.695440956218724038e-01
-6.325263619242902369e-01
6.406585505390373081e-01
1.833307238072543255e+00
-5.682984268942210537e-01
4.298262894861775707e-01
-1.401691158951635208e+00
1.894839135488206872e-01
8.663423361006985512e-01
4.553796830481246505e-01
3.883312253934925740e-01
2.173986023660277322e-01
-4.509457364747042618e-01
-1.322958616887915939e+00
-1.476512059437796287e+00
-1.318273881445247486e+00
-7.064187590612798218e-01
2.019791876798693764e+00
-3.137654210256045628e-01
-1.777799591509923727e-01
5.255718965063097547e-01
1.230567927036722020e+00
1.631862955982909258e-01
5.861813964095916596e-01
2.877083197088430716e-02
-1.728605817927852117e-01
-3.169031310545628588e-01
-1.064812600778700658e+00
-7.861369357911890399e-01
-1.175610871347894326e+00
-1.719964255522858365e-01
-6.946370963950759814e-01
2.218590804034321629e+00
-1.179024549228641500e-01
4.268529090234909895e-01
-1.420902764035797627e+00
4.652459945315339240e-01
-3.882798870920780021e-01
-5.050119470454091930e-01
1.259904383510693227e-01
9.026635575988108950e-01
1.920261784342284783e-01
1.127008529851619478e+00
-2.149596389887578618e-02
-7.098488992037477185e-01
1.683667600086028671e+00
1.002011280691108119e+00
-5.037340080785412955e-01
8.503694491277083989e-01
4.434922079879546550e-03
8.130441037975844054e-01
