4.126669772291561844e-01 9.029803005516724712e-02 6.827223719812267055e-02
5.524399477386179313e-01 2.653525498433409457e-01 1.995826867338830121e-02
1.590662140420588330e-02 4.461424750961163338e-02 -3.558975500804130720e-01
-1.484108540748824145e-01 -6.640544262696576050e-01 4.507347079244847232e-01
-1.241473837239667616e-01 -1.008466953972999430e-01 3.138767111567189461e-01
4.035886179843413690e-01 -2.549395431495224962e-01 -4.167397853709429723e-01
-2.212914609867919491e-01 -9.509628230016273220e-02 1.785023466720399646e-02
1.900166394391990532e-01 -7.588804950775711600e-01 -2.387049958678011397e-01
1.186255048409499925e-03 -1.006408685073380438e+00 2.886074467045105646e-02
6.178120592492185592e-01 1.588603836165652095e-01 6.430499168741862226e-01
2.042383058531010293e-02 -6.045662429621451173e-01 2.744442476037808887e-01
-6.645803604326664393e-01 -2.466766981172147377e-01 -3.652995028921501852e-01
2.319485509394985656e-01 -9.107555843016791608e-02 9.780335985130792498e-01
1.194328202507226377e+00 -7.378598941325101856e-01 -4.227667522794653077e-01
-4.629378826054872387e-01 6.624266832850318754e-02 2.715463025478286330e-01
1.005415196965740998e+00 4.538759862487846131e-01 2.180159502294520379e+00
1.706259085754195937e-01 5.932904565385702655e-01 1.384259435456664800e-01
3.075551605118373444e-01 -3.939391150864403612e-01 4.543093851269038308e-01
4.589340572509174598e-01 -2.761755164190308198e-01 -4.708913084328044119e-01
-1.466255873856019964e-01 -8.123636361065155187e-01 -1.507658846802147623e-01
-1.456511667072173111e-01 4.055994432589666299e-01 4.518548449387401258e-03
7.845770454745086830e-01 -4.027249823282431085e-01 2.780717997382954956e-02
-2.179342951252841443e-01 1.980455484468411631e-01 1.407461221359955494e-01
9.426010419492534265e-01 -4.238911106363673076e-01 6.193391997054414899e-01
2.184467274416976579e-01 -5.156028781830308133e-02 2.603890315542325418e-01
7.384430360622629141e-01 -4.459197644609282918e-01 1.864295138180164235e-01
4.577869777944196077e-03 5.475021950899515433e-03 -4.126546780677074235e-03
1.071012494448346786e+00 -3.867345336493399621e-01 1.198560343868909639e-01
1.771332095706128762e-01 -4.847037995772087715e-01 1.448512255778432178e-01
-2.911136851561835215e-01 3.755773350486444895e-01 -7.176626748104798503e-01
-6.393274263535518587e-02 3.811725547489670518e-01 6.170852435128670876e-01
5.431505891085223192e-01 -6.762968539566621695e-01 2.392031231008535236e-02
2.955456119294244122e-01 1.854081160726091804e-01 2.378116455960270770e+00
-1.168284666085312340e+00 -2.724946044578729243e+00 6.563123906492511761e-01
-6.947577876372400540e-01 -7.338301000067426472e-01 7.677505331187478577e-01
1.053853054773497222e+00 -6.601096971652448131e-01 1.077818892249195581e+00
-6.356848871244502597e-01 -1.312642402310188472e-01 5.766112796706963639e-01
-1.281477384005438036e-01 4.501451938321085477e-01 1.122962127648193115e-01
-7.324734432300837872e-01 4.170295696914357308e-01 -3.746030116576197777e-01
1.891921502794462195e-01 -5.162867820955200360e-01 -7.732624428085549395e-02
-8.968718386269699527e-01 2.800858385012529594e-01 2.352122356827496485e+00
-1.440710865344400071e-01 1.049992102159093221e+00 1.005867430811667962e+00
2.042197246962958457e-01 3.036661792674837934e-01 2.072695239293930181e-01
1.117661251837491543e+00 -2.892116080520126253e-01 -3.267672417429316467e-01
-1.247422523603051447e-01 -8.556451585460913556e-01 2.798663907769057824e-01
-4.372165951910009785e-01 3.965116477599754941e-01 5.244516145779798411e-01
4.841059412773187631e-01 -8.220518357578346924e-01 -8.349326160202698299e-02
5.001241822202238119e-01 7.690835539492953121e-02 2.285116370589201917e-01
2.507289112569922596e-01 5.773708659977186963e-01 -3.282819490559565380e-03
7.375342908968147704e-01 -2.127464729169664115e-01 -1.720683602576973392e-01
5.608875236001027442e-01 -7.810726193776371673e-01 5.630891940089993719e-01
4.699765035979498462e-01 2.982911368536402819e-01 1.473845892580074590e-01
-1.267858673056567520e+00 -3.211548783944203067e-01 5.736695813687634482e-01
-1.399058843915091499e+00 1.191142888538156530e+00 1.390259804387434794e+00
3.886371300764289716e-01 3.824034589355641833e-02 4.034939327250040009e-01
9.348469833592537581e-01 2.849497613843187116e-01 9.674699704414609081e-02
2.941983984289058829e-01 -5.000988465713267495e-01 4.138240388474621057e-01
-4.947695232371344676e-01 -2.695930905845583259e-01 -4.475083357365792214e-01
-3.203605892080563788e-01 -1.894571150831482420e+00 5.698241998209491177e-01
1.335553161855130844e-01 -6.046431859571181899e-01 2.733364812005507627e-01
-3.317188794024691911e-01 4.095865922148055338e-01 2.792273980696370894e-01
-1.583293889750587935e+00 8.974089990021546503e-01 7.184680079435690203e-01
3.688757726342367649e-01 1.848065053847939287e-01 1.027351959090970351e-01
3.841068848865838992e-01 -3.596209101876585157e-01 2.077134787925504877e+00
2.611185931810065114e-03 -2.692510710454490974e-01 1.659747280933253077e-01
8.178848285930856443e-01 3.572287062814104991e-02 -5.757906741921074989e-01
2.489156534837584367e-01 -1.323354631959176020e-01 2.872037672980370937e-01
1.310945871224494574e+00 -1.310658647723146109e+00 2.996989410450127608e-02
9.791600444226618294e-02 -3.557062598704351375e-01 -8.924403398871828541e-01
3.706893562860301417e-02 3.805801295232884573e-01 4.170078670380706898e-01
4.320928926699738604e-01 -2.346398588538051444e-01 3.970203158419128853e-01
1.568416274358513940e-01 7.321332973859404625e-01 1.472272043918479156e-01
1.278875325481848346e+00 -2.385768712374305434e-01 8.572220480448961011e-01
-6.765309311568528106e-01 3.213001099938289640e-01 1.358625964028238542e+00
5.763257384366834435e-01 3.082153989176902309e-01 3.035017036034528548e-01
-4.867072894202131850e-01 -3.900812330312676268e-01 2.487371751498873851e-01
4.187895784842750047e-01 -6.069809504538836720e-01 5.526130463933679460e-01
2.336582455916752232e-01 2.070855468615712472e-02 9.563237668112578582e-02
-1.760485475771459418e-01 1.270547168355708467e-01 -5.454993099393020684e-01
-8.956237021277067001e-01 1.144779106164591331e+00 -6.646691159983078578e-02
-1.950195048425324706e-01 5.192292130240964143e-01 -2.826228942034033631e-01
-3.811468156001728176e-03 -1.209210779267752001e+00 -2.036405783930373137e-01
8.386358712539891958e-01 -1.373603208904933259e+00 1.852798606318211971e-01
-1.280389767205375229e+00 -3.278374051968990788e-01 9.319943453853742898e-01
-1.617469823281027175e+00 -2.020258576027605724e+00 8.104385206381916618e-01
-4.347227980018052856e-02 3.507225494761295193e-01 2.363989211999655560e-01
6.071879755911406829e-01 -3.738131444808219239e-01 9.346957436661114116e-01
-2.071635546474189793e-01 8.509147012260447063e-02 1.521737032855780825e-01
4.145640762683132641e-01 -5.989117097015088653e-01 2.497595050783172899e-01
6.012898825077663822e-01 -1.806049241492252211e+00 1.276609734266936025e+00
-1.253940103624436309e-01 -3.689873231144610854e-01 5.692315068441892167e-01
2.135772315801920118e-01 1.320720235982656421e-01 7.314098913141493519e-01
2.851695749240923394e-01 -8.721633671609686778e-02 -5.785095278417697051e-02
-3.376992379104915010e-02 -9.991109640110124382e-03 3.024449824032541811e-01
-5.450614759946400545e-01 2.531992648288623471e-01 4.033512228025484259e-01
3.359499033338203544e-01 -3.450660043709402047e-01 3.772420255428816649e-01
-5.706554029303727571e-01 1.600129002943716239e-01 4.339360555902196936e-01
1.013368629611452576e+00 3.469004821368700253e-01 1.849169798256674158e+00
1.239202484911655855e+00 2.710749271437067343e+00 1.661680527981440059e-01
7.920093177776325044e-01 2.536610178765255630e-01 2.144960386350430959e+00
-1.525838433518833179e-02 -6.065123696816335785e-01 2.511946029745947828e-01
4.481201467018018358e-01 -6.232683716204252544e-01 2.855091989195025493e-01
-2.714806124826645850e-01 -3.505260231997177622e-01 -9.188370349180704708e-03
-4.967374761138970696e-01 5.444066424793426728e-01 4.681620211297065071e-01
1.323011962019940979e+00 -2.029136390200116935e-01 7.826749312131519032e-01
-3.883941716870966676e-01 6.529105064107094680e-01 2.873617849324743845e-01
-8.333707582386384871e-02 2.425702226803552741e-01 3.537767571874986805e-01
1.769141853183959778e-01 -2.817711333978882293e-01 1.086474454238840481e+00
1.412803113809044386e-01 3.259600212505807115e-01 2.664193170485422146e-01
1.629765046086770752e-01 -6.126805861185001811e-01 3.924702440585561281e-01
3.142401041432519859e-01 -1.411007619031410254e-01 -5.958294351050659188e-01
-2.787137549671779291e-01 -2.197696919758478362e-01 7.480435970313667471e-02
8.399679724212921750e-01 -1.055493964438423138e-01 2.015861670786925908e-01
-6.493428375094882632e-02 2.345050315227928672e-01 -6.597087550450186910e-02
-7.193352791454141193e-02 2.136892573340657409e-01 -6.346369628109989509e-03
2.227171820698629345e-01 -2.779497311550099270e-01 -1.046287869134000653e-01
3.504875508116806482e-01 -4.813699437357376598e-01 4.853690831114429449e-01
-1.244608966943330924e-01 3.541224930905337853e-01 2.156493197099117465e-01
3.212329192713156978e-01 4.407190686668594481e-01 2.814239303769672240e-01
-5.710554832392080726e-01 4.716533169356885713e-01 6.378857961348192163e-01
6.894656284773909016e-01 2.686502814631423486e-01 -3.824129486577093617e-01
-1.886707937554447934e-01 6.915075361563342016e-01 1.332289833657327005e+00
2.982617192085642785e-02 1.860445827726691648e-01 2.090686690884778098e+00
-9.433441331174844402e-01 2.022029264247827918e+00 6.462185285620556385e-01
-4.209658050424952003e-01 -3.853558927419751257e-01 6.960679130036653839e-02
6.249500453120303556e-01 -1.754684683441627424e-01 9.427723216377810467e-02
8.550563965185461468e-01 2.423321419665182275e-02 3.625468757616703286e-01
2.291496087736836884e+00 5.321243438711696916e-01 1.387911050786758693e+00
7.517216199874178217e-01 -2.068298732195073819e-01 1.278249116383138650e+00
-3.168033028654478889e-01 6.702568533356081382e-01 4.323442404450747456e-01
6.242534412032045843e-01 1.794028126567432518e-02 4.664006967213325805e-02
-6.954246012139050359e-01 6.839881005473696929e-01 -3.466044471332407895e-01
4.974271800226510720e-01 -6.764447223934740849e-01 7.284523318697470884e-02
1.536684515240953619e+00 9.338511950583869292e-02 -3.498117148645383256e-01
3.665100731836611336e-01 3.527530322492186121e-01 2.625404278342112763e-01
2.670961592158583794e-03 2.790471159455834484e-03 -7.486678070622300408e-04
4.077468781782465218e-02 -2.085865159859396079e-01 2.406157830583572632e-01
-8.272031770454078003e-01 8.653285639871428625e-01 5.355660861850051191e-01
1.554316790525387182e+00 -2.300310544099704035e-01 6.853135793675275700e-01
5.188244444334491057e-01 2.002307664242889695e-01 -4.615577125184768259e-01
6.646404018154955518e-01 -2.792086134016912302e-01 9.712043360492800259e-02
-2.626294340139745387e-01 4.591390379021554335e-01 -1.826820952580036073e-01
-9.855538296861084957e-01 3.964847926424212576e-01 1.887619084305903749e+00
5.348715835344527297e-02 6.785248286260476824e-01 5.953000456117308881e-01
5.727655566135284593e-01 -2.221411948293791905e-01 8.961416723075442403e-02
-4.839539495365358795e-02 -3.087818101385610414e-01 -1.285142722512582214e-01
1.879165691899465918e-01 4.286060793475558461e-01 5.338195755567682471e-02
7.332303243654073599e-01 7.337395148842756898e-01 1.557694355089855209e+00
6.825587724018619129e-01 1.535192808770455164e+00 -5.469553686081788380e-01
2.410053498760724930e-02 -6.934753283644294886e-01 -1.148797134048435281e-01
1.098147890738012666e+00 -5.550226735024142988e-01 4.191771516123770636e-01
8.383202041535254834e-01 -5.494912823065196683e-01 -1.170273919393491346e-01
-8.712645350993052373e-01 7.309198260543864345e-01 7.114366480929100733e-01
5.849821176789060662e-01 -9.852090002689571913e-01 1.351004451155885411e+00
7.515138007416523047e-01 -2.861103546942899145e-01 3.842784602632901558e-01
8.205330323439733453e-01 2.743286537940236025e-01 2.788166581531563715e-01
3.381098386859182070e-01 2.045289493835988348e-01 9.785890795257909391e-02
2.697351970923806408e-01 2.103284137911641538e-01 5.494489040242716421e-02
5.219578799122521762e-01 1.674470105919523832e-01 -4.731690621368965233e-01
1.122761753209282842e+00 -1.300538872275841307e+00 4.855705903444558769e-01
-4.175098148684097121e-01 5.325988351168139401e-01 4.005653672002696952e-01
4.952516154719554531e-01 -7.240912386732989425e-02 4.691150536411160532e-01
-1.361354039690119699e-01 -5.058939463421183169e-02 7.020522702846848651e-01
-2.888004020831419494e-02 1.893638892234200399e-01 7.080407521824667594e-01
4.410131594743840755e-01 -2.377309397146053493e-01 -9.874416806401691005e-02
-1.937662445239232978e-01 -1.414221372318500147e-01 7.604923799734664147e-02
-1.206109282471805738e-01 -3.798942516432046723e-01 1.840376579537245788e-02
-4.317298492667369647e-01 -3.635092460836936157e-01 -3.025452557377765750e-01
-5.359946319065207743e-02 4.404892629502720203e-01 -9.549584051440010990e-01
-4.364315822950290413e-02 -1.981530300988843252e-01 2.267455085166788509e-01
8.558424107444961848e-01 4.994296163003218436e-01 -8.107376318323750164e-02
-1.128296195194919971e+00 4.093826018731671068e-01 3.009307764754484138e-01
1.160707426876420312e-01 1.150196601146098452e-01 1.130411019741181633e+00
1.003962039813090928e-02 2.013584800401516106e-01 9.822160605195826566e-01
-9.680012861913457611e-02 1.846069758300295793e-01 -2.216879690582187479e-01
2.041227716797915648e-01 -1.823389239565020026e-01 -3.360672908182922580e-02
3.979861704041354198e-01 -2.901200855578050519e-01 6.732341650468786076e-01
