4.908177655355175917e-01 2.543808394806789663e-01 4.135253646495634650e-01 5.163359583039116574e-01 3.392683663758918611e-01 2.977170253164972483e-02 -0.000000000000000000e+00 3.666437922798008731e-01 7.978227485689098897e-02 -0.000000000000000000e+00
4.299739236286077015e-01 2.981274777463817083e-01 4.454094300863919997e-02 5.355752051257732793e-01 9.009187895438469651e-02 3.574640729409820916e-01 1.324512483824329678e-01 4.416439788567093627e-01 2.925762067059000660e-01 5.768060312129778822e-02
1.386359718492313486e-01 3.584116548917452016e-01 7.158678835894379811e-01 4.585118888712309548e-01 2.334677406442024761e-02 -0.000000000000000000e+00 1.095865499053887554e-01 6.832590670177086933e-02 -0.000000000000000000e+00 3.352587965290309002e-01
7.837566347776015255e-03 1.598691479728661484e-03 -0.000000000000000000e+00 3.761808732805012601e-01 7.944478219691385457e-01 2.082984505079692739e-01 4.527341177238601230e-03 3.066787307723716771e-01 8.611436358515522915e-03 2.995694968437922490e-01
-0.000000000000000000e+00 1.756476145859952875e-01 4.156834379692942449e-01 4.638055528471264344e-01 3.779188263557424210e-01 -0.000000000000000000e+00 2.835096740656939396e-01 -0.000000000000000000e+00 4.969321986559276372e-01 3.333130951110336304e-01
8.663988673246600380e-02 1.381178848350883837e-01 -0.000000000000000000e+00 2.534916528860453599e-01 -0.000000000000000000e+00 4.514408528147917030e-03 -0.000000000000000000e+00 3.463300608659247715e-01 2.967195749685239137e-01 8.373479352810944132e-01
-0.000000000000000000e+00 2.607591122638229231e-01 -0.000000000000000000e+00 2.565942034655294690e-01 8.507186470787030108e-02 2.408720555323181842e-02 7.932213459548065337e-01 1.784017746137685862e-03 4.704035431483723495e-01 8.867865965845316001e-02
1.975548483171928327e-01 3.051578033496665232e-01 1.913781949247673753e-01 -0.000000000000000000e+00 1.411511485666119281e-01 5.019987772173204604e-02 -0.000000000000000000e+00 -0.000000000000000000e+00 -0.000000000000000000e+00 8.993228057841990974e-01
3.229779508546068434e-03 1.792210086511697165e-01 8.800237501735671056e-03 3.878623708790195773e-02 5.031886699488993253e-01 1.073026430217319076e-02 1.424725548816934417e-01 9.301535178025463479e-02 1.299254962281771453e-01 8.167880306092035747e-01
4.375157662846840267e-01 5.536252431879596925e-01 5.646326725805058677e-01 -0.000000000000000000e+00 3.533340232619474053e-01 5.467844171867426023e-03 9.075266301757768314e-03 -0.000000000000000000e+00 1.234217121709526438e-01 2.075545244121985711e-01
1.465066987624685513e-01 1.129514146587195372e-01 1.043085702036721935e-01 3.559858655923540671e-01 3.516929066931010484e-01 -0.000000000000000000e+00 6.698130695034060222e-01 3.392041030890075581e-01 2.491480871714954193e-01 2.805350410116273507e-01
5.969631777575873377e-02 7.110375024064020943e-02 -0.000000000000000000e+00 3.345676680661295310e-01 -0.000000000000000000e+00 3.605511860673022567e-02 1.784967125213948735e-01 7.076136977970040043e-01 3.839449551962136331e-01 4.451439766426829037e-01
6.751432793631369743e-03 7.980293933604004630e-02 3.998195959224611351e-01 -0.000000000000000000e+00 4.216957289758502259e-01 6.613722164889287436e-01 4.410210156787233715e-01 -0.000000000000000000e+00 4.896308842317101395e-02 1.469448293298584729e-01
2.287840524697647062e-03 3.576130023798053670e-01 4.648246697601056052e-05 2.763617186636480039e-01 7.528147837891139282e-01 -0.000000000000000000e+00 3.643802602524839722e-03 4.785195812525964154e-01 -0.000000000000000000e+00 2.745720355989413834e-03
1.894345508910911038e-02 1.662274228752235739e-01 6.271368818055557404e-02 4.062188232143228439e-01 -0.000000000000000000e+00 6.776922438708215049e-03 4.889225066191131286e-01 4.145624935262757771e-01 4.134474392052940872e-01 4.702880608670768625e-01
2.180265024426567000e-01 3.634583102750548744e-01 3.774704352976365751e-01 1.472033996612204200e-03 4.835604206003229488e-01 1.831266655977922819e-01 4.817560763251928502e-01 1.385772444617905941e-01 3.983667982067811697e-01 2.284015806059229090e-02
2.174262396788616547e-01 -0.000000000000000000e+00 3.940033937702012712e-01 1.554650893425412739e-01 4.740969699745000709e-01 2.682868069245598203e-02 6.093746153288638334e-01 3.857146848868536759e-01 1.664836538556389578e-01 -0.000000000000000000e+00
1.444331777646691573e-01 4.053372668080674757e-01 5.376914267427633787e-01 2.941376557141986980e-01 4.324733378577156340e-01 3.825751558980765021e-01 1.166519417232130401e-01 2.067892859246379667e-01 1.492771786664674472e-01 1.648078522879990182e-01
7.301149464324735439e-02 -0.000000000000000000e+00 -0.000000000000000000e+00 -0.000000000000000000e+00 -0.000000000000000000e+00 3.558346949908070544e-01 6.991440828969287535e-01 6.148108061658662526e-01 -0.000000000000000000e+00 3.544312997815846772e-02
3.008348643273187854e-03 4.508666521637155755e-02 -0.000000000000000000e+00 -0.000000000000000000e+00 5.087479131120552500e-01 3.877647904117780767e-03 3.748311657850671441e-01 2.225837763358987087e-01 1.276585593529435958e-01 7.299178166760672548e-01
1.825978527123537087e-01 7.577152334887969909e-01 3.451965551671246635e-01 9.914576744528758034e-02 -0.000000000000000000e+00 -0.000000000000000000e+00 2.588431501437536975e-01 -0.000000000000000000e+00 4.433230513360985059e-01 -0.000000000000000000e+00
1.711586875173201350e-01 2.479808850489109429e-01 4.230176683702856488e-01 1.853965767404336940e-01 5.015306759771469558e-01 5.523635410611976541e-03 7.678235163103691412e-03 4.794950862533919334e-01 4.302355357892734440e-03 4.629663196442762030e-01
7.514623190636481320e-01 2.224146096165577624e-01 -0.000000000000000000e+00 -0.000000000000000000e+00 1.143776877121084196e-01 3.249642979936671061e-01 4.943244898416394861e-02 5.031504448576304966e-01 1.069926897167314817e-01 1.003499944635951636e-02
1.675573632226683846e-02 6.337657470479841626e-01 4.290733760563816834e-01 2.885834785527646718e-01 2.488580056977327815e-01 1.187579510747514555e-01 4.918022984052757840e-01 1.128087199318826006e-01 6.437806007401598342e-03 2.307755636475195340e-03
2.687075297275992591e-01 2.608767271106285923e-01 6.541454491018620920e-02 3.903554140662830463e-01 2.732746998773034619e-01 2.538546295607764236e-01 7.073879812481280727e-01 -0.000000000000000000e+00 -0.000000000000000000e+00 2.521194046207090311e-01
2.808607941328518653e-01 8.215546033547798110e-01 6.755476590676381780e-03 3.471057231416168368e-05 1.862792861336428629e-01 1.399347421159890803e-01 7.373125627872825771e-02 2.473416777293678259e-01 8.280032277777545644e-04 3.538686431142947786e-01
2.657444980589622752e-01 3.774209268939710676e-02 4.878413594318560809e-01 3.189709444779745828e-01 2.763655277605427396e-01 1.874962204566354429e-01 8.069418262669542097e-02 2.382459738768517299e-01 4.914973810918829011e-01 4.145462970271674985e-01
1.202190773401775881e-01 1.729540489307492823e-01 -0.000000000000000000e+00 2.855348689613558255e-01 8.321292717290765806e-01 3.081873487757350594e-01 9.177045195056584160e-04 2.744760373704243084e-01 1.065251375179693122e-01 -0.000000000000000000e+00
9.892213903547007747e-02 -0.000000000000000000e+00 -0.000000000000000000e+00 3.383977332425477935e-01 6.139066278449396563e-01 2.627128580823249182e-01 -0.000000000000000000e+00 1.152231442880485845e-01 -0.000000000000000000e+00 6.453879593326784514e-01
5.876391247411277829e-01 -0.000000000000000000e+00 -0.000000000000000000e+00 2.585099089248031334e-01 -0.000000000000000000e+00 1.856124394654318848e-07 7.154430863733832191e-02 4.578883765919140036e-01 5.785708174898414047e-01 1.957762541625016894e-01
1.793463576997147632e-02 3.747634908446467739e-01 3.739824480102285631e-01 -0.000000000000000000e+00 2.926846882987770015e-02 5.608311611573426614e-01 1.241158301058312846e-01 4.820511461868780545e-01 2.397084019375553265e-01 3.142314496909431321e-01
5.136035601139686824e-01 3.618225484706956707e-01 -0.000000000000000000e+00 4.490072331113058313e-04 5.136507835701579205e-01 4.720914927453581655e-01 4.335637232615460572e-03 1.797907730023215744e-01 -0.000000000000000000e+00 2.936743094946675514e-01
3.052293845673845762e-01 -0.000000000000000000e+00 4.957811830389496355e-01 2.683031230621690365e-03 5.538700799028557498e-01 2.730965337346967226e-01 4.425724342628707952e-01 -0.000000000000000000e+00 2.894575137050998670e-01 4.364484543146505274e-03
2.071204274904485734e-02 4.801374114572147522e-03 9.693704081839848996e-02 2.197621000837258753e-01 2.077631824894182466e-01 5.896571317528618295e-01 1.257023007435423279e-01 3.707216589513910934e-03 5.106693852124010932e-03 7.315420865279265161e-01
-0.000000000000000000e+00 6.038134430508869388e-02 4.488056066320978421e-01 4.066636753151900985e-01 2.393987873601397323e-02 6.508206505752966997e-02 5.218897779502875700e-01 1.347741751792552178e-01 2.916278749077444998e-01 4.991629462020823471e-01
3.561178566057889849e-01 4.524643517072113874e-01 4.007214083213253564e-01 3.921783135316592728e-01 2.774545248001751840e-01 1.308540021562127342e-01 7.409326638412805366e-02 1.185083428350183765e-01 7.487976144910147604e-03 4.902863586772542859e-01
-0.000000000000000000e+00 8.085825740363350043e-05 2.242124882595903923e-01 4.608363259046496796e-01 4.623965224767823123e-01 4.362937728831378092e-01 4.752407527332851989e-01 1.337688805540462600e-01 2.185526964538677952e-01 2.041633327789927066e-01
7.901905365884125121e-02 5.827058739428847556e-01 1.495500325257347052e-01 1.359826761533178274e-01 1.065774373169849631e-01 2.264329483400716603e-01 3.954491344763517158e-01 5.876248731834362582e-01 2.188301750661772738e-01 3.395685333745575990e-02
-0.000000000000000000e+00 -0.000000000000000000e+00 6.614633354092645801e-02 3.618887824650127150e-01 5.092112509961647937e-02 2.013860007316791434e-01 -0.000000000000000000e+00 4.838083880707844675e-01 5.359757051312702414e-01 5.478789798435047542e-01
1.989515799368843096e-01 2.065362119140060904e-01 3.259331489425217054e-02 8.460504314756419481e-03 7.682042354045270915e-01 -0.000000000000000000e+00 2.691680145507068245e-01 3.355732521567797999e-01 -0.000000000000000000e+00 3.760699174170586967e-01
3.340141381006819787e-01 8.690159093523290926e-03 1.361390834775128289e-01 5.588003855378247640e-03 2.054149204891171920e-01 5.729842465128381912e-01 4.679652944495201750e-01 2.676743296287351637e-01 3.322454233725178896e-01 3.134639367323855952e-01
4.139725328275200567e-01 1.580627757295914246e-02 1.874434842719427396e-01 1.679805229350686824e-01 2.817217686173764113e-01 2.382160570611520922e-01 4.004485248065576264e-01 6.234113150216136212e-01 2.766639338210810650e-01 5.802346097367150346e-02
3.756162972636721276e-01 4.231622211034431758e-02 9.048900158581212050e-02 5.292935599095407451e-01 1.990154972940105793e-01 4.332190926331771497e-01 7.998545152320872542e-02 5.787664466386539530e-01 4.789954932303742800e-03 1.022919073391116533e-02
1.595992047556344939e-01 8.838010253112978942e-01 -0.000000000000000000e+00 1.736407456480150158e-01 2.841497601869086287e-01 -0.000000000000000000e+00 3.276660952371876598e-04 1.312022523006231844e-01 6.475150930917216406e-03 2.554908624260108230e-01
4.644180667095477166e-01 1.507526179181663262e-01 4.479503726311158049e-03 1.126420951266619980e-01 7.120642535353546299e-01 2.718010888385337734e-02 9.366350329057032340e-03 4.154380324827636195e-03 1.375342090637899153e-02 4.907268043358032905e-01
1.802624939908121782e-01 -0.000000000000000000e+00 3.311482029284454343e-01 3.375988102951504866e-01 8.443255719449477281e-02 1.941771405971289000e-02 4.671086679591875124e-02 -0.000000000000000000e+00 8.141701856248063640e-01 2.670438984023199014e-01
4.360616803202059868e-03 9.696832838457464243e-02 -0.000000000000000000e+00 9.462726109723293422e-02 9.110050920716173950e-01 3.790888567481545679e-02 1.823735094011466606e-02 1.933354536615582500e-02 -0.000000000000000000e+00 3.867170301775869068e-01
2.315933549878544662e-01 2.004750692346679297e-01 -0.000000000000000000e+00 -0.000000000000000000e+00 1.775273900624296242e-01 1.751978173211370948e-01 8.419311755114330387e-01 3.304087414497237640e-01 1.610775415751756479e-01 -0.000000000000000000e+00
2.180732012765081718e-01 5.683436918024765278e-02 7.014620535564294879e-02 6.926205175390921509e-01 3.609189567414194388e-01 1.852926499683268391e-01 9.277558444735409943e-03 3.415847513456899409e-01 4.216705781839165113e-01 7.349905106076468075e-02
4.277343885363811271e-01 9.047522173433483750e-02 3.311909929687708795e-03 4.645683204951242019e-03 7.865487917434806908e-01 4.055042856627651404e-01 1.257540392809537418e-03 1.604078149713086821e-01 -0.000000000000000000e+00 -0.000000000000000000e+00
-0.000000000000000000e+00 6.121408339501851481e-01 2.821820893694160781e-01 3.666977527857634978e-01 4.464220473853547366e-01 3.357689994619285634e-01 1.331467431034362991e-01 4.035836742445722200e-03 1.607237543040779815e-01 2.357534563595955757e-01
5.319923366129712949e-01 7.071503287444966812e-01 3.799140614971081159e-02 2.201240150261051520e-01 1.200460379941348799e-01 1.425331571637340755e-01 7.682876896305400327e-02 2.123363957838355909e-01 2.845879888169302596e-01 1.783696124097625818e-02
1.869199741182527019e-01 7.838967478004573927e-03 6.663948378427618779e-01 4.127009647237552259e-01 1.695266278328918727e-02 3.713126495153858952e-01 2.276750959575366551e-01 1.390416556086695359e-03 2.906191087444164878e-01 2.759302126746174255e-01
4.201405159177905579e-01 9.538174473125805852e-03 2.765753889401988963e-01 2.430472602657372527e-01 6.679655620405217271e-04 3.634987265857628214e-01 2.429231234576358645e-01 1.196621370365016359e-03 6.839601327134576803e-01 1.699374716181161205e-01
3.869274751243814703e-01 3.869231904842674874e-01 3.755557025483336475e-01 2.482926145161869214e-01 4.323340477227903822e-01 3.401098912418145659e-01 1.455109037222172830e-01 3.764730782729316383e-01 -0.000000000000000000e+00 1.799816568771549496e-01
4.566163834716345793e-01 6.320263408126659543e-01 8.944664074003233489e-02 1.531680854519963664e-01 7.002627201361177889e-02 -0.000000000000000000e+00 5.358183465211680679e-02 3.193706487198396671e-01 -0.000000000000000000e+00 5.008100596862929965e-01
-0.000000000000000000e+00 4.204282313281193506e-02 3.037850301479350090e-01 5.775749747063699951e-02 6.288756343437585938e-01 4.369160820675731527e-01 3.367879513535730340e-01 3.466947260247714713e-01 4.415073809622084480e-04 2.874149431872536353e-01
-0.000000000000000000e+00 4.762079981962041852e-02 4.155398981988325108e-03 8.824316476368809781e-01 2.776231744578727123e-01 1.571483610227089323e-01 3.472929355338809192e-03 1.446469215131276354e-01 3.081340281752817378e-01 3.711835803820069668e-02
1.068071942924248702e-02 2.813278165041465106e-01 -0.000000000000000000e+00 4.110932134957279160e-01 7.461160549774237087e-03 5.654089094600867060e-01 3.170927631733437280e-01 4.556538467206896169e-03 1.343629034530714056e-02 5.755440308957188167e-01
6.139777430005621123e-02 6.302966267529025446e-01 3.116003579680178340e-02 2.918271603027389194e-01 1.361042340630845560e-01 3.779150883404338024e-01 2.858638667266359401e-01 3.732759050303574022e-01 -0.000000000000000000e+00 3.611443038347695866e-01
6.017418055470434846e-01 3.441924841115926448e-01 1.054812162819442484e-01 1.575805168525366284e-01 -0.000000000000000000e+00 2.779580921857677800e-01 3.052349105503066595e-01 1.555711860675149383e-01 4.190402764430128935e-01 3.365326554914824797e-01
2.089851615836023913e-01 1.344301300775701223e-02 3.825545966845629864e-01 1.418772198007431373e-01 1.435454752008478562e-03 4.476652027943923695e-01 1.325537550652173494e-03 2.641203360366065067e-01 6.558570876632109359e-01 2.989168780397411518e-01
3.263022583883209427e-01 5.958439202133391024e-03 4.069395683360610416e-01 3.848546992789158572e-01 5.560363813537461120e-01 1.968284267234235718e-01 2.897024740750197003e-01 2.664214841588318228e-01 2.774032510198509160e-01 -0.000000000000000000e+00
2.073217109268810435e-02 4.380673047128490483e-01 7.944652766882980000e-02 3.918911581854651882e-03 2.916205242700689038e-01 5.913450225181261510e-01 4.017998581709016914e-01 1.324079508340030020e-01 4.331669974663968636e-01 -0.000000000000000000e+00
-0.000000000000000000e+00 -0.000000000000000000e+00 4.073854594619134017e-01 5.051395309957779078e-01 5.928447432001732187e-01 3.072991419676244784e-01 3.646553022379543374e-01 -0.000000000000000000e+00 -0.000000000000000000e+00 -0.000000000000000000e+00
2.145107331324496922e-02 2.585488711453102773e-01 1.188524676721857548e-02 3.227317182738322909e-01 4.958855146202101327e-01 3.771393025545514976e-03 -0.000000000000000000e+00 6.710487971464234036e-01 -0.000000000000000000e+00 3.635548878028351805e-01
6.573314757525415553e-02 1.466116242012358017e-01 1.252415995127273141e-01 -0.000000000000000000e+00 5.372938116711041268e-01 4.646464651375928345e-01 3.440269924067784202e-01 1.657486890138767932e-01 1.987453041467288073e-01 5.182575168300472823e-01
3.105408679460419097e-01 4.949778778866014695e-01 -0.000000000000000000e+00 4.957950297071942458e-01 5.996080719485421540e-01 1.374175297396858274e-03 1.010543482009370470e-01 -0.000000000000000000e+00 7.665981867002220548e-03 2.072343634244586674e-01
-0.000000000000000000e+00 4.934197115873744099e-01 1.470394915948482206e-01 3.465825675382539495e-01 -0.000000000000000000e+00 5.577639021418312471e-02 -0.000000000000000000e+00 7.117026900829959146e-01 5.382970436212441284e-02 3.197929613964961559e-01
-0.000000000000000000e+00 2.507845246601075329e-01 5.043741734393670795e-01 2.953037434780278470e-01 1.718256655357092433e-01 7.637748376738439683e-04 -0.000000000000000000e+00 4.338639700773814223e-01 5.299619926639124179e-01 3.112671096627759870e-01
1.275985745440884334e-01 5.359321476669625106e-01 4.592008175571932194e-01 3.640202638354202436e-01 3.375073105387205175e-01 4.811822239620078823e-01 6.054263223939716082e-02 2.669656934120220870e-02 5.738953812517914171e-02 -0.000000000000000000e+00
8.096171757869676799e-01 3.864279122476270423e-03 9.858063853141902852e-03 5.550782622071225893e-03 6.274583087728196479e-03 3.678992892249427493e-01 -0.000000000000000000e+00 4.187331491381236503e-01 4.184982261198934295e-03 1.833926981593002603e-01
1.436256167958909757e-01 6.167203852902505279e-01 1.207138396330483393e-01 4.543710188225117200e-03 5.746591292200687873e-01 3.385816336564511329e-03 3.345349244132850286e-01 9.319363402840572311e-03 3.617166194904632426e-01 1.065420791797273142e-01
2.631218893384192903e-01 -0.000000000000000000e+00 -0.000000000000000000e+00 1.873433022822293403e-01 5.086158699138477318e-02 1.907617469195744542e-01 4.871853234243103126e-01 -0.000000000000000000e+00 7.738580399166082868e-01 1.431314361636022714e-01
1.890377163255877735e-01 5.979187589322549901e-01 4.682957496523084129e-01 -0.000000000000000000e+00 3.104530683004129155e-01 5.026331697131012355e-01 -0.000000000000000000e+00 9.645976522822624633e-02 1.645826694965677184e-01 4.520882725110462325e-02
-0.000000000000000000e+00 6.242179920293454767e-03 5.076015047422882676e-01 2.830134905937358170e-01 1.163539062086467873e-01 3.360222518819973025e-01 7.192349877085091325e-01 6.614099621253284080e-03 9.360506001085275307e-03 1.353720559600192219e-01
8.047845019899027563e-02 3.338732342160558586e-01 -0.000000000000000000e+00 5.954617719826270639e-01 4.655327928584623298e-01 9.404700455450067109e-02 2.658677511829252160e-01 1.223987260234131067e-03 4.808536726633795833e-01 2.031394834921278550e-03
-0.000000000000000000e+00 2.933908699063869085e-01 4.812637482694490654e-01 3.693818075922115918e-02 7.364598592966561386e-01 -0.000000000000000000e+00 1.815644856669787477e-02 3.563164586358695818e-01 9.278215499340825012e-02 5.167054189360965194e-02
3.499437985992836508e-01 1.158659230109664873e-01 1.132212063870726704e-01 -0.000000000000000000e+00 2.640508775020196652e-01 5.876706988714550661e-01 3.848719770533875345e-02 5.573279847428639355e-01 -0.000000000000000000e+00 3.523065723834481466e-01
5.067094798327117511e-01 8.796242419090206238e-03 3.666419911923063379e-01 4.904862500524957980e-01 2.917675760424621057e-03 1.163297810079388650e-01 1.928338509581909443e-01 1.933466750107093457e-01 4.622354098663976063e-01 2.576712677857808109e-01
6.658236893533255041e-02 2.287646937816810444e-01 9.142356463575682102e-02 6.525390029472676323e-01 -0.000000000000000000e+00 -0.000000000000000000e+00 1.644242600379607067e-01 4.484299003375605275e-01 4.975790946502209877e-01 1.826428653112175116e-01
1.666767552420783671e-01 1.553123183221329084e-01 4.797355296151261175e-03 6.057512801293498672e-01 2.356884306330102596e-01 1.266546407787946527e-01 7.133736168921831489e-01 2.424996609700191472e-02 -0.000000000000000000e+00 7.674799319556406020e-03
8.890279593208356979e-02 5.452728065169061278e-01 8.048137811392343244e-02 6.550035211269828080e-03 9.657772457484965073e-03 3.427521652564631816e-01 1.007130795836355536e-01 -0.000000000000000000e+00 -0.000000000000000000e+00 7.486910313394944394e-01
2.171350234924225020e-01 1.099200151285320386e-02 7.090127366182706614e-02 5.018215973454690504e-01 1.192076873355416185e-02 5.261035426985233299e-01 3.352071174545517840e-01 3.798574524730047915e-03 3.069391687729257079e-01 4.608282921563075507e-01
1.234035082823311050e-02 -0.000000000000000000e+00 3.385445269317472472e-01 4.155014363244835529e-01 2.579920264596349821e-01 3.327638601095475601e-01 2.376033653708071458e-01 1.237007888718623903e-02 2.688099264434923655e-02 6.913546392943185070e-01
4.142430257505729657e-02 9.489832704233980287e-02 9.721477860072347266e-01 8.285850717639282881e-02 4.090526281559395626e-04 1.002232176097178074e-01 3.920846932115920440e-03 6.392996417124457986e-02 1.522940697507340069e-01 8.525945848629866300e-04
2.966112362241588585e-01 4.703567995619690745e-01 -0.000000000000000000e+00 1.480660395914909777e-01 2.179051993491006381e-02 4.468901476757485836e-01 6.817417026386221046e-01 -0.000000000000000000e+00 -0.000000000000000000e+00 6.249258840690916778e-02
1.282120906644861891e-01 1.815871614535498613e-01 7.435775404156330648e-01 1.212633905373551174e-01 8.070546369179558074e-03 4.949533232564866103e-01 1.923659266093293366e-02 3.403670007708640699e-01 1.504707241759655444e-02 1.465786890611080195e-01
4.599898340525104476e-03 3.867625136238886374e-01 -0.000000000000000000e+00 2.239695213314064209e-03 3.231258543382157788e-01 7.146882934302913881e-01 2.499806025671207771e-02 3.813545424707296891e-03 1.053038305149251869e-01 4.727267343629033003e-01
1.915158267907609846e-01 4.186720214799881656e-01 1.407973935444382409e-02 3.355399059254114968e-01 3.360816843175369328e-01 2.952990934986706728e-01 4.997965804601483542e-01 6.245489387741161129e-03 1.350524619124939506e-02 4.744256382015028528e-01
3.577147082593820637e-01 -0.000000000000000000e+00 9.514457166567779570e-04 6.538656281702247275e-02 5.791981161871605915e-02 5.396200215976696413e-01 5.056496658227754848e-01 2.260125836973040508e-02 2.455640163343470739e-01 5.066806882219576647e-01
3.540526971780401100e-01 3.008895908014608822e-01 1.583965125738711344e-01 4.009853986508119528e-01 4.100984242687725767e-01 4.029550610150490209e-01 2.696667613734129998e-01 2.677326444164948235e-02 4.091608424927888343e-01 1.637996732240361020e-01
4.066059510977990676e-01 2.529372595274327895e-01 -0.000000000000000000e+00 -0.000000000000000000e+00 1.066254840044189300e-01 5.601475809783817983e-01 5.333708967383297139e-01 3.747963339043808642e-03 4.012209119622948683e-01 9.124475163032431252e-03
2.991381319471875591e-03 3.900274385218805654e-03 1.080421123430940489e-01 -0.000000000000000000e+00 5.200223049030889833e-01 -0.000000000000000000e+00 5.128318908275616428e-01 1.184074401117325842e-01 1.650696528878856223e-05 6.639749042435092452e-01
3.196006710869285228e-01 1.215413962308768735e-03 3.959770376377195755e-01 3.447331300793206599e-01 -0.000000000000000000e+00 7.091269500650223545e-01 1.844917750443566817e-01 1.502530208269167999e-01 2.142989965324358093e-01 1.296800368179102103e-01
8.975226937937303556e-03 7.067815782772087774e-01 5.237651020113330835e-01 1.358636047676567149e-01 2.090161201472053865e-01 2.709001888412488346e-01 2.766843993809260938e-01 -0.000000000000000000e+00 1.026164349202186715e-01 5.857819006978503412e-02
2.361581032398588631e-01 2.946080213347911925e-01 2.503755045663594858e-01 6.271530298774785628e-01 -0.000000000000000000e+00 1.172171295532697666e-01 4.083055664522274864e-01 1.919712762805892217e-02 3.219166032241238540e-01 3.420153909853801411e-01
5.335457553695411859e-01 3.537196215400119637e-01 1.774542854704135308e-01 1.779407049188387047e-01 3.657495942495593289e-01 4.522362716431074792e-01 2.491412885995857029e-02 1.988156881903387074e-02 4.332080103238661883e-01 9.102553389716125029e-03
5.691716885086406386e-01 3.962333661160740705e-01 3.056586056631930837e-01 9.610882128137210323e-02 6.027695485276524275e-03 3.719861012045717810e-03 2.307766913004259124e-01 4.166741922415253541e-01 4.352621886190411460e-01 1.130687244826718345e-04
4.869605143908274369e-01 4.124846997787825487e-01 1.372557074598037552e-01 1.078459166724580059e-01 9.266241031518848703e-02 3.384784506410087879e-01 6.411060266647672368e-01 1.854024253777887933e-03 1.675181964887126618e-01 4.387947015019722126e-03
4.653622080041350251e-01 4.958890369883286464e-01 4.924351564775759915e-02 1.125597099271596763e-01 5.537762629446131291e-01 2.531297231035166684e-01 2.791818148312005810e-02 9.007923751453245044e-04 1.155588936725665495e-03 3.884753382580217185e-01
2.805718464199568607e-01 3.587555971428341706e-01 4.065074629665818007e-01 5.742080920251786402e-01 4.187092437437087700e-01 3.026047619717923132e-01 1.029212605306765865e-01 1.418828794703740903e-01 -0.000000000000000000e+00 -0.000000000000000000e+00
6.580793411941668891e-01 8.000298619795379040e-02 8.211228771432577123e-02 4.684197579077526430e-01 1.337964001722038478e-02 1.070386407233300634e-02 2.393090869719819921e-02 6.220776885941987910e-02 5.263696038578438013e-02 5.717209752419082358e-01
4.482907947761192169e-01 1.785833082148719983e-02 4.058555503097195927e-01 3.033594601133036139e-01 2.337404303998003585e-01 2.926042814249389390e-01 1.069818131542938679e-02 3.812595563451128267e-01 4.722271685377533723e-01 1.823378736769266373e-01
2.972478773180423084e-03 3.274006703055916123e-01 3.970032544167205191e-01 1.140945552362165050e-01 6.505134043263859356e-01 3.313862944424634804e-01 7.484906127994221670e-02 4.211134580882467948e-01 5.896736511683390615e-04 7.903780283015804375e-02
1.000173614815793866e-01 1.507391958178354308e-01 2.223090106317142656e-01 -0.000000000000000000e+00 -0.000000000000000000e+00 3.589640676514669893e-01 1.872422587395245752e-01 3.408806052026865929e-01 7.985603296676545559e-01 6.314554091511099913e-03
-0.000000000000000000e+00 1.673061296181526103e-01 4.644916185828411037e-01 1.974049354240211551e-01 -0.000000000000000000e+00 4.492666828045860372e-01 4.615094542382099374e-01 -0.000000000000000000e+00 5.460496164685075815e-01 6.546582661078494125e-02
9.297518612635760973e-03 1.647969285666569805e-01 4.619441673070709149e-04 5.535697230624953696e-02 5.065814511111212948e-01 4.987762173796267406e-01 4.335536720726265725e-01 3.659184810178950364e-01 2.956033597754507136e-01 2.346102543481438096e-01
8.261293681730862148e-02 4.193885452133337688e-02 3.929653081112248758e-01 -0.000000000000000000e+00 9.830192149724499909e-03 2.412120701224425116e-03 2.958060093185636074e-05 9.417142008986615145e-03 7.999990476188427735e-01 4.436269729617952629e-01
5.201590201669487046e-02 5.085797489900332202e-01 4.698323530603932818e-01 1.979851475153986962e-01 4.817161930731589936e-01 1.906246566951354804e-01 1.267517146977407971e-02 2.954010569274372888e-01 3.070792248393257040e-01 1.690919308928504339e-01
1.726905950810004309e-01 4.903119130818593407e-01 7.827223929398827162e-02 7.784079735708150649e-02 1.520975978283888863e-01 -0.000000000000000000e+00 -0.000000000000000000e+00 5.509344873631887296e-01 4.889898251639774457e-02 6.233240360846442618e-01
1.932735488921371869e-01 2.240307382217417154e-02 1.522822941485932891e-01 4.097041994610750026e-01 -0.000000000000000000e+00 -0.000000000000000000e+00 4.014010898509767777e-01 4.645755164501405576e-01 2.616689135421536028e-01 5.706769170747666431e-01
3.201333561866621102e-01 4.589495650143162186e-01 3.037855943189604058e-01 1.581344627945525938e-01 4.567082880492053243e-01 5.965240613038371720e-01 1.909233811827169142e-02 -0.000000000000000000e+00 -0.000000000000000000e+00 6.928060283157017052e-02
1.069493563966662508e-01 4.809601128323297559e-01 7.560643719740990686e-04 4.427346590255757386e-01 7.675766603940857927e-03 4.415511297028060222e-01 7.453978349034742941e-03 1.943538689147814857e-01 4.866375048453480678e-01 3.025777392383050546e-01
2.176654957551055203e-01 2.578273878265299746e-01 1.493154274772545420e-01 7.442441567352221787e-02 1.894408840012524187e-01 3.396105600835304661e-01 2.293616216988863532e-01 4.762971406149884013e-01 2.439643560046262094e-01 6.067167146161686064e-01
1.366427244990004175e-01 2.135947057021856110e-01 3.764464358700368440e-01 2.479768483739053786e-01 3.979523641591046212e-01 2.454262693875081391e-01 4.646854245556810703e-01 5.370655481904831191e-02 -0.000000000000000000e+00 5.432168585919098236e-01
4.413773354611758536e-03 1.529881908658041745e-01 3.952122433367650234e-01 -0.000000000000000000e+00 3.581744684669715961e-01 3.667253262434891359e-01 6.726110301827894489e-01 4.995639382139876322e-02 2.325398886840652213e-01 2.205220192423499315e-01
6.301686955947087831e-01 2.153256753956771796e-01 1.360233541444670069e-01 4.706078422938041184e-02 6.786002709208233119e-02 3.413299340749504918e-01 3.608263294568648250e-01 4.712552163885156964e-01 2.498338891095733261e-01 -0.000000000000000000e+00
2.700222112128995433e-01 4.874914552532030876e-01 -0.000000000000000000e+00 9.777818650643527176e-02 4.329860171118875556e-01 4.565687050159306093e-03 -0.000000000000000000e+00 1.266672645966335775e-01 6.901707945049710968e-01 1.206121739704135287e-03
5.064807248299089126e-01 5.991898251060624736e-02 3.346279994780408940e-01 1.411650925612325247e-01 9.648158057539746313e-02 9.983243828624532856e-02 3.369963832114866720e-01 2.319375572247108497e-01 4.784946702855894518e-01 4.386223388667734313e-01
4.413075043489220750e-01 4.467219201535447271e-01 -0.000000000000000000e+00 3.059692556751160697e-01 1.874044489974809879e-01 3.982039738821088748e-01 -0.000000000000000000e+00 5.541139881278578372e-01 -0.000000000000000000e+00 1.064935823548024685e-01
7.068875055167428423e-01 -0.000000000000000000e+00 3.681026100829711822e-01 3.434454190241139661e-03 2.499626761876463654e-01 3.748714376701017259e-01 1.016700489667609481e-01 9.527770799908460292e-03 3.515836188355996872e-01 1.665838375840882901e-01
1.654727919796043500e-01 1.131971581449306014e-01 9.432297684348851102e-03 9.204142041320261024e-04 4.090690502080883695e-01 3.275566728813957273e-01 6.796768825925495472e-01 1.615567788054168841e-01 4.268883326980246751e-01 1.216123974386970202e-01
6.761137997976762390e-03 -0.000000000000000000e+00 5.854720979435974471e-01 2.405827504161496978e-03 1.238170447167285110e-01 3.681105644901886409e-01 4.593457907513116140e-02 5.012541102601616450e-01 4.843299912636188087e-01 1.356232437302420102e-01
1.702962123400385275e-01 2.888134795248223918e-01 -0.000000000000000000e+00 6.940780497675927974e-01 1.712466375563212739e-01 3.569114717383318758e-01 3.546499846181458415e-01 1.768961788451178518e-01 2.034017978483117217e-01 2.251427643915480392e-01
2.963654493188134786e-01 5.664586360358937478e-01 1.110943264251799262e-01 2.176886816708916983e-01 1.726663985883824248e-01 -0.000000000000000000e+00 7.708543720958793526e-03 3.930995949016758972e-01 1.143613128977511717e-01 5.779990608743219571e-01
7.998100781784808072e-03 5.418576484406423255e-01 6.211288907760846856e-01 -0.000000000000000000e+00 1.768183822353874834e-01 3.191228658067639112e-01 1.252381262559428277e-01 2.404768145245502475e-01 6.970327399828218917e-02 3.302254434146721374e-01
3.776660940317002058e-01 6.711262899584232722e-01 2.179580260183419382e-01 1.427853558519615734e-02 4.545392622574076502e-01 2.371016360390373889e-03 1.062087466771187427e-01 1.445444157327843149e-01 3.414406903254240122e-01 6.230211079059117668e-02
1.051572132998588593e-01 -0.000000000000000000e+00 2.862074567033363881e-02 4.836969782321876542e-03 7.531615673907222641e-01 5.631539911257712472e-01 1.781907073886872528e-01 1.562027804579226020e-01 7.813789619167510470e-03 2.179274206831099125e-01
4.002058945253201272e-01 -0.000000000000000000e+00 9.219301006965979761e-02 2.629796011823760937e-02 -0.000000000000000000e+00 5.836223224878124283e-01 1.597575393135776400e-01 3.920933561593354932e-01 5.574669690279548950e-01 -0.000000000000000000e+00
4.119457593824898956e-01 2.759093260283705384e-01 6.689016963978006679e-03 9.314023331410199030e-03 6.083770188276894642e-01 3.557452908092995636e-01 -0.000000000000000000e+00 1.346053190819902490e-01 3.461526644472195380e-01 3.455801978688275988e-01
9.959512655646311774e-03 5.015774092362440539e-02 3.003342046187542497e-02 3.237929562091214630e-01 -0.000000000000000000e+00 5.816116429993937187e-01 5.747215208803275743e-01 4.364966737057136004e-01 1.803741896896992880e-01 -0.000000000000000000e+00
-0.000000000000000000e+00 2.471392485605273248e-01 1.819578427725833947e-01 5.369606330351433393e-02 4.622885849747936926e-01 6.457507015478602952e-02 6.322453432350990665e-01 6.592792758798131370e-02 9.365999878520324395e-02 5.217247660651540553e-01
4.591131016838784218e-01 5.644461626906550622e-01 1.126402404116463038e-03 1.678546526708983881e-03 1.108349583229905344e-01 1.879415406306962980e-02 1.377772079343206335e-01 5.467824695941907454e-01 -0.000000000000000000e+00 3.741929538220629126e-01
3.262826813563439732e-01 4.071646602661974645e-01 9.466035813779083430e-02 3.035080117982300596e-01 2.364969734754404640e-03 4.041725326090434556e-01 -0.000000000000000000e+00 2.703018306567973594e-01 6.247012704517153070e-01 1.751710843605455963e-03
3.003074471271000023e-01 4.138621779039016180e-01 3.041342013399707112e-01 2.204488503731972526e-01 3.795698706781462928e-01 3.593938687438446578e-01 1.551288601499632713e-01 3.679170079966136431e-01 3.729921283240262841e-01 1.601560845284710211e-01
3.901360004331462239e-01 5.544192211688117045e-01 1.602521255668896416e-01 -0.000000000000000000e+00 7.548900244206099841e-02 4.797670157098037763e-02 4.760473803521753089e-02 5.602930315620164858e-01 1.220843272515171052e-01 4.190859768254601159e-01
1.213381137357524009e-01 1.111260608083620843e-01 9.512936628868337574e-02 6.672273533127420081e-03 7.219223208706357191e-03 3.038210765768880606e-01 -0.000000000000000000e+00 3.551586505828317475e-01 7.335152743828734501e-01 4.552935938565379481e-01
1.644589720315340620e-01 7.945489548776470956e-01 4.560435220855062477e-01 2.078173892569943060e-01 4.037421059389199179e-02 4.088769005475033358e-02 2.812057175625306549e-01 2.307054611392240877e-03 8.971530980123278154e-02 6.982014377034821695e-03
6.940130470281242747e-01 4.395862934244834097e-01 5.170340753039581738e-01 -0.000000000000000000e+00 8.402684017924812176e-02 1.170105645925323271e-03 6.247603894158478173e-03 1.592805273528585808e-01 1.585364555240724171e-01 1.343653476730516903e-02
3.824833306135776989e-01 5.759682383373073700e-01 1.737856142766323886e-01 -0.000000000000000000e+00 5.976656367465276419e-03 3.411297950874169760e-01 4.226679955809982681e-01 3.300081050181506714e-02 3.769834100654841924e-01 2.313149660858603573e-01
2.952141732242968483e-02 3.160473551097903872e-02 4.113585893140135341e-01 4.962589662040752247e-01 3.933331656659577041e-02 -0.000000000000000000e+00 1.208549647417934553e-01 1.307172879915735218e-03 7.526526656276434357e-01 -0.000000000000000000e+00
1.561962607144522508e-01 9.308068135533953055e-03 2.698962707827098351e-01 2.350754603582500546e-01 2.200415471654552368e-01 5.824152522007159938e-01 5.620698161785135927e-01 1.383407008121280701e-01 3.531177311231106231e-01 5.748973185448993939e-03
5.359441632143312484e-01 1.559559545840290273e-02 6.283810650379602070e-01 6.073398268873224370e-02 8.388912230781619961e-02 4.393290773185916098e-01 7.794097111214835782e-02 5.274284693928751183e-02 3.229621862460886894e-01 2.757992244572279525e-02
3.225396810577176310e-01 1.541875218576197470e-01 5.328577626989268179e-01 3.369023129567632058e-01 5.326101597243989572e-01 3.850214291738502381e-01 8.132353031056711173e-03 2.144299670712371611e-02 6.957561377684709503e-02 1.935768891983670470e-01
5.327161446414652168e-01 1.681008487822560279e-02 1.460746309934377596e-01 6.023078775435667387e-01 3.496473134467332766e-01 2.837765020844981723e-01 1.123289674341235861e-02 1.113293918770601326e-01 1.289579086695283316e-02 3.411001220916456411e-01
5.610368040440540938e-01 5.183598771723175146e-03 2.849408670720689554e-02 8.835629190984819331e-03 3.023806349923737202e-01 5.937975906291655948e-01 7.142342556425748668e-03 4.332898250326938094e-01 2.244769205772844389e-01 4.593749046279805431e-02
4.265404396758148975e-01 3.925096530623327085e-01 2.922050075392558770e-03 1.664205348965080988e-01 2.660520050839037531e-01 3.820242016726347889e-01 4.502483235269422179e-01 3.756376673258227661e-01 2.752093081933590923e-01 1.248767517334166627e-03
4.370119757381975001e-01 3.356384568529239276e-01 1.106161285119252741e-01 1.070030928704070010e-02 1.085985766019015031e-01 -0.000000000000000000e+00 6.517218576846212259e-03 7.641262969800424187e-01 2.941722523263368694e-01 4.188672920938874694e-02
2.735283005469452133e-01 2.535245085382660801e-01 4.357777379328835188e-02 7.233482209692606579e-01 3.823192126786876255e-01 -0.000000000000000000e+00 1.935836696010916069e-01 8.788180013730020196e-03 -0.000000000000000000e+00 3.899436774647428994e-01
1.126288914473570490e-01 7.334019540653713420e-01 3.634671183649056947e-01 -0.000000000000000000e+00 1.011065078462749893e-02 6.547809133316020991e-02 1.396594800115512625e-01 2.196142248388305469e-03 1.232701585608431682e-01 5.274781790354330369e-01
1.700242599590800485e-01 4.125432161669123077e-01 1.558382570586412386e-01 7.153321355019118810e-01 3.503922162281434272e-01 4.548956788376961463e-02 1.557782783084817602e-01 3.069159952818546477e-01 -0.000000000000000000e+00 1.469895004518969595e-01
3.201347190674980747e-01 -0.000000000000000000e+00 2.561994088160453598e-01 1.727470384506951118e-01 -0.000000000000000000e+00 3.406168611123506773e-01 4.578974054760702739e-01 3.764836064718021236e-01 5.783948780389583932e-01 7.978995985323976067e-03
1.017942642447809409e-01 3.411443304916669805e-01 3.141930475531456435e-01 4.684500175020056001e-01 3.519069227937410838e-01 5.256567805138651073e-01 2.004409746672414783e-01 1.456914105958534988e-01 7.770118697646302697e-02 2.958077152425490630e-01
3.757472654528248857e-01 5.348999557844336117e-01 5.055683577442930954e-01 1.335724278818532229e-01 6.532233899558473333e-02 1.201528336216615422e-01 6.935358108684054612e-02 3.767743806995151323e-01 1.969944831080410255e-02 3.652320346574627341e-01
9.875428086946051384e-03 6.219438545290287834e-01 4.674940122583907121e-01 1.834329041991326209e-02 1.350003561488982984e-01 5.904044953962915843e-01 -0.000000000000000000e+00 1.636639184133735492e-01 2.475373502923677513e-02 -0.000000000000000000e+00
2.726729194709187065e-01 2.101247134202747779e-01 3.899823699868917165e-02 4.908480599688435642e-01 3.881188132559159620e-01 3.694854163932269064e-01 1.781056973113659680e-01 1.600083239472166463e-01 5.386212236938556774e-01 6.672024761630734879e-02
5.576610923608922299e-01 4.373133898739283154e-01 3.961002952187328563e-02 1.233131436530211268e-02 2.329839562549659571e-01 3.188800091483875443e-01 8.140498200885905311e-02 -0.000000000000000000e+00 5.774576470604371181e-01 -0.000000000000000000e+00
6.903276460248655155e-01 1.438562426206929368e-01 -0.000000000000000000e+00 7.943038874724793474e-02 1.760510119125868050e-02 -0.000000000000000000e+00 -0.000000000000000000e+00 6.114429749261726110e-01 2.709723156567935831e-01 2.210101556701815628e-01
1.508359450963009385e-01 2.974586112718929365e-01 2.893597926098280815e-01 1.373079288942682386e-01 8.369393998384511146e-01 5.559173774596751043e-03 1.921798359041459667e-02 1.358616401000566770e-02 -0.000000000000000000e+00 2.917738116587492159e-01
2.102453406653592705e-01 -0.000000000000000000e+00 5.016129662847305104e-01 2.699554065960883542e-01 3.332268791314391687e-01 1.757062192655428345e-01 -0.000000000000000000e+00 4.400937286091610168e-01 4.321381471778056316e-01 3.301010611334522227e-01
2.347986422301110709e-01 6.848567014540545284e-01 2.674654743326462802e-01 2.196641170253849917e-01 1.405698256445768110e-02 3.737571087622705845e-01 2.622441804287125033e-01 1.511190606574778494e-01 1.767956779974629855e-01 3.054392317325678730e-01
-0.000000000000000000e+00 -0.000000000000000000e+00 4.604575770360194720e-01 -0.000000000000000000e+00 1.406629343745408323e-01 1.144919148547337562e-01 6.860294506484202470e-01 -0.000000000000000000e+00 3.229437492257000164e-01 4.244470376327690864e-01
3.103187083671890556e-01 2.596673780392594888e-01 5.623453083072336156e-01 -0.000000000000000000e+00 1.931503424740949604e-01 1.674819573300631581e-01 5.509191431063935607e-01 2.823580123096283145e-01 2.672970184249758852e-01 -0.000000000000000000e+00
7.704974705173993632e-01 2.899613848661912741e-01 7.191568420884256185e-02 -0.000000000000000000e+00 -0.000000000000000000e+00 -0.000000000000000000e+00 4.997890804776572438e-02 5.246149406472579990e-01 -0.000000000000000000e+00 1.984072840839539720e-01
4.063272974745048977e-02 -0.000000000000000000e+00 2.174866444856220771e-01 2.073777933324396361e-01 1.978473306788301744e-01 2.803215155100164391e-01 -0.000000000000000000e+00 -0.000000000000000000e+00 -0.000000000000000000e+00 8.889990288305452681e-01
1.677193167518238048e-01 2.326916994264481287e-01 1.789112956714512814e-01 5.225889865802425538e-01 6.002753512675562675e-01 3.737351967458585333e-01 -0.000000000000000000e+00 1.723160407847592057e-01 -0.000000000000000000e+00 2.879496321489962707e-01
1.211333303311339679e-04 3.398226065224712600e-01 4.196354645056721844e-01 6.029485700803107751e-01 2.215835756714297222e-01 1.386548579993418517e-02 7.988665619192272804e-03 2.109441190045997783e-02 5.430712708049858506e-01 1.236726812432990125e-02
4.292148668512365400e-02 -0.000000000000000000e+00 3.947685992598228694e-03 3.257389142427210508e-03 2.562313070486345150e-03 4.601202875896588940e-01 -0.000000000000000000e+00 4.207938517583281191e-01 4.614259359305379893e-01 6.296292136211383283e-01
4.876284613019655212e-01 3.644901962166190446e-01 9.989392208427487485e-02 1.233244197460127284e-01 4.819686121291171799e-01 2.761056747293226254e-01 2.932577688303286134e-01 2.011100675026967766e-01 3.862171258220896686e-01 1.415646114366817254e-01
2.586383854862989162e-01 4.451956665388579482e-01 5.380965656318075219e-01 2.562946792837083043e-01 1.445267240450662238e-01 -0.000000000000000000e+00 3.689918459931494643e-02 5.950405494275525786e-01 5.758968416166333065e-02 5.725076593451152752e-03
1.627513833216358676e-03 1.027293867937858901e-01 1.249622105160233254e-01 3.433214919525820474e-01 5.442080670591075905e-03 6.372218414994207207e-03 5.851279877568285048e-01 5.075026161922774337e-01 4.555859687108663181e-01 2.199917262079744418e-01
-0.000000000000000000e+00 2.860194796347893531e-01 1.846509863147855271e-02 3.021145829546576303e-02 3.203857641475963969e-01 3.996559598338950137e-01 6.848632715197634502e-01 1.531945439862779368e-01 4.010271830966831708e-01 3.518764732213201102e-02
3.707306808063693393e-01 1.366257896528439916e-02 1.301586223730399339e-01 1.166584932196331748e-01 5.157953128290635458e-01 4.885902211068198220e-01 3.476714815421879656e-01 2.057992932894368021e-01 4.042693381863377011e-01 1.984717448673149059e-02
-0.000000000000000000e+00 2.235602613512940040e-01 3.174638561243822155e-01 3.823234873491471175e-02 2.686058691610360497e-02 2.229802435031691399e-01 1.421861663758408056e-01 8.811038414753024073e-01 -0.000000000000000000e+00 2.780704256096436580e-02
4.726454875610266357e-06 7.503539059254353827e-01 4.962879668281026113e-01 2.890159156503355198e-01 1.201675625211008538e-03 2.062951996395669674e-01 4.451809530486480412e-03 4.268474519639721410e-03 2.540309847660701670e-01 2.852577755806785884e-03
6.134641663607857121e-01 1.509527009209475079e-01 3.041897738319665825e-02 4.364791354872267770e-01 3.870977448565865453e-01 5.100753087677756085e-03 4.022259830818528670e-01 3.120820931972663817e-02 3.165915891704361874e-03 3.111193504132526710e-01
