8.314187666375468799e-01 2.262693478586188731e-02 2.284851446718855872e+00 3.359856405168549109e+00 2.306264460922547332e+00
2.286799205899062937e+00 1.827494187526508940e+00 3.234585166762669051e+00 9.796194829349538953e-04 5.340671414970735498e+00
1.451607054671025132e+00 7.466364921287748091e-01 1.836311867576595036e+00 1.871778625744046076e+00 4.031637554325912198e+00
1.935192392704738973e+00 4.233781495623818891e+00 3.675350103240603072e+00 9.686909520546133079e-02 1.528122467112224880e+00
1.631968781219468756e+00 9.298656164257015355e-01 9.477307280043669596e-03 3.633259641065892165e+00 1.892968000252851057e+00
3.024627627938107910e+00 1.233911797289708040e-01 3.042058213459720939e+00 2.540243720796198978e+00 3.196710545654974034e+00
3.336667421511549492e+00 4.964254525585337419e+00 7.749961319600557896e-01 9.207687028735238588e-01 6.760675434847436271e-01
4.391846697729431703e+00 1.902870693196626606e+00 3.405891819900696227e+00 7.703427589687549260e-01 2.148461824118333752e+00
2.370812043515982293e+00 1.878098593348024092e+00 4.748419998958619992e+00 9.040931941872172584e-02 2.279894361170982986e+00
3.648448943975110548e-02 2.959698681857078295e+00 4.891742543412957112e+00 3.587109147404954901e-01 1.853504250751123600e-02
1.620919637661045964e+00 2.357352872613130312e+00 4.471864880249317054e+00 1.518645725151427164e-02 2.841478786445523763e+00
5.622282493852512886e+00 1.272606868805941982e+00 2.337568083823342580e+00 1.540343408001298764e+00 7.474017595358003474e-01
2.804752805674870064e+00 3.625957438489403994e+00 4.104544013107802591e+00 1.403521413448008959e+00 1.929502358519632685e-02
9.401820290690305129e-03 1.824190314546943359e+00 4.036883300700462307e+00 2.494612972315882082e+00 3.176234403718940946e+00
1.969585096738675656e+00 3.986629064870252037e+00 8.477456139183295880e-01 2.213760700070479093e+00 8.132357233812803621e-01
1.543116320383571161e+00 2.277838141069674194e+00 1.049226747138214816e-02 3.378397140193722503e+00 2.669995533803858567e+00
1.089703102598789553e+00 1.283310537896504400e+00 2.146612450607154887e+00 3.899277670305590249e+00 1.373554678454805833e+00
2.075834995259404625e+00 1.482184141820665824e+00 2.083073573298283687e+00 4.829289326400166282e-01 5.651603649676642860e+00
3.461572591056131465e+00 1.738817937155063761e-02 3.313005673548857555e+00 1.823096208657903228e+00 2.322184932888490483e+00
4.477911770481295406e+00 1.847650828164194348e+00 7.298640144840380373e-01 1.688410353705894096e+00 2.056715689340906206e+00
2.252444251866947855e+00 8.449090129952163686e-01 4.386344648413825098e+00 1.055049846650212508e+00 1.896989105446921300e-02
2.820865228282285919e+00 3.062873681101504347e-02 4.101213330746787733e+00 1.535374950307670516e-02 4.928172544640142760e+00
3.359578039283611872e+00 1.270854550848970810e+00 4.149084062104747339e+00 1.688591038456259685e+00 2.183686464578195707e+00
2.680644722834214733e+00 1.276901085487495147e+00 3.163760441593120643e+00 9.137542349038605544e-03 5.698585167801859086e+00
3.480113820431979477e+00 8.297043331067549543e-01 1.199032670000475198e+00 2.445991740089712874e+00 2.648566784758748405e+00
2.854501219642191057e+00 2.809297027890268250e+00 1.138411169444268678e+00 2.845817535118500885e+00 2.077093173552441829e+00
1.447049693239702284e-01 6.398837567563423444e-03 4.660763936709776623e+00 2.837355224767268869e+00 8.207686643772303323e-03
2.503616025193133421e+00 1.164498693035449950e+00 6.309293567841953720e-01 2.267929899454822706e+00 3.576199201509625336e+00
3.326489122227358930e+00 1.261856206413771053e+00 1.489908449281553748e+00 3.249699896938655908e+00 1.037918458816163847e+00
7.320234404831471586e-02 1.774176543376070336e+00 4.176688083858127953e+00 2.615868674670989602e+00 5.129249611201999737e-02
9.761042266454963423e-01 9.264366534096667508e-03 1.943897530075722635e+00 4.232236980322829467e+00 6.770412041128745333e-03
2.236093269751854073e+00 1.251212152512792608e+00 5.473013034088645146e-01 3.889253767959413466e+00 1.278622817057868399e+00
3.181434663753735848e+00 3.406850598662748177e-03 3.004044080683600182e+00 4.443163647975452157e-01 4.777612841435191271e+00
4.293491788283573030e+00 3.898133140288483567e+00 7.865659543995709990e-01 1.410014690957917205e+00 3.980274478999229482e-01
3.374477557958575069e+00 3.685144999268027188e+00 6.280973438430729194e-01 1.072583932054143929e+00 1.107539788797779590e+00
2.287879197439071532e+00 1.042314742112244660e-02 2.900361440332251295e+00 2.878551649917221678e+00 1.297763185905410621e-01
3.316047187962346321e+00 8.000211557605294566e-01 5.092848164305795677e+00 1.159150744074759709e+00 4.166715923710562208e-01
4.019062177227085364e+00 9.237405612330632509e-01 1.367031339043589311e+00 2.905506049407681424e+00 1.192163531682712163e+00
1.128545262064428067e+00 3.639225232153469936e+00 1.905055403450540627e-02 9.235743170778223377e-01 3.054013461048925571e+00
1.724830886809541441e+00 2.134906182241192329e+00 8.680483334150249641e-01 3.711957780098954718e+00 1.066025988687556852e-01
1.510132910858811739e+00 2.131581296901653655e+00 3.387910348865255661e-02 3.071110002990188104e+00 3.872229103833089159e+00
7.762284986794940611e-01 5.284154588618471315e+00 3.440909474046943028e+00 1.871045371698165996e-02 1.559410249064023812e+00
6.490204263484572467e-02 2.313601402001272067e+00 2.487584083227587298e-03 3.266890778113109572e+00 1.001764639988582006e+00
9.388354461420058694e-01 6.046648127819227447e-01 1.192909120091140140e+00 3.877152204498043542e+00 1.460382582220755898e+00
4.165359863717547739e+00 9.319521614705328361e-01 2.252372189457586327e+00 2.825716797636586897e+00 2.331235790456277421e-02
3.595351993485087938e+00 3.456479294695733007e+00 3.347851307848228153e+00 1.081188464753997325e+00 1.249330654437056820e+00
1.031809442752583461e+00 4.169142689571921245e+00 4.376408514663565619e+00 2.210810935450614398e-02 2.869808347074975785e+00
1.622090301664283807e+00 1.030244899664589653e+00 1.560426253961901162e-02 3.338874714781568720e+00 3.021189235450064903e+00
4.435002566310785710e+00 3.605261290923512885e+00 1.647224121015899545e+00 7.152605313395831166e-01 1.841957942966117034e+00
2.990021457949858963e+00 2.733423608114363912e+00 7.540760616819061068e-01 2.270171210386440652e+00 2.619636320564967313e+00
1.593070423167987082e+00 3.752770547156581316e+00 2.114689029567242695e+00 8.722008442813993234e-01 4.078375726841264814e+00
4.324911251654880218e+00 2.766459304500139549e+00 2.101249789747456076e-01 1.377965549216765728e+00 2.783873526359977202e+00
1.724436916797167374e+00 6.487507805428648355e-01 4.232951511053875571e+00 1.969002372033734405e+00 8.076108076598070840e-01
3.830120230929160985e-01 5.544407458390157473e+00 4.388739606133889026e+00 5.220345044819080238e-01 1.540247353459586854e+00
2.285711336177162156e+00 7.598379324690350822e-01 3.471310337055436346e+00 3.623396313035002342e-02 6.214995216390603261e+00
4.015327249646310825e+00 9.780372803524624015e-01 1.199597487719869848e+00 9.649289064455895959e-01 3.951264020156008083e+00
6.814539239926369341e-01 3.789820126989503102e+00 1.562084691586074769e-01 3.065071098085117907e+00 1.699016730293148258e+00
4.921474067089213200e+00 1.929412658543701253e+00 2.599517565296351140e+00 1.089139913568732521e+00 1.142635933114478197e+00
7.637355966984423761e-01 3.743281212288364079e-01 1.782224373654053284e-01 2.977814047989572721e+00 4.554118087152113858e+00
1.423986450315321492e-02 1.869963137153144578e-02 3.720156884023995580e+00 3.690313428382209437e+00 2.058975995553594895e+00
4.619557196640654340e+00 3.525262258488306877e+00 8.173695093434976133e-01 2.772321327903825086e-02 1.935185591508279845e+00
2.013740049942918997e+00 3.112624422450264383e+00 9.216082720397749117e-01 2.870015810408196977e+00 1.040384137970073564e+00
1.343034116699763691e+00 2.621819628683044190e+00 3.149294862692070485e+00 1.356310982557902722e+00 3.078445702922576910e+00
4.523890223842436775e+00 1.700540571670849488e+00 2.511436183084667650e+00 7.487022936511594784e-01 1.235842070961865602e+00
1.411195550793294062e+00 4.347529129835640660e+00 3.108124124942906796e+00 7.497807388103545911e-02 2.706866418565341270e+00
2.720404416346291487e+00 1.445007811122100971e+00 3.144799865604633204e+00 1.972461646872948116e+00 3.169834373387463877e+00
4.876548624769244000e+00 3.211412943611672954e+00 1.579380157374606020e+00 5.134795210871588855e-01 1.099173097807303767e+00
1.143408853708876904e+00 2.166246848233348565e+00 8.369461659696798561e-01 3.065896756996971284e+00 3.076961629363549999e+00
3.136282919049247081e-02 1.625103094981674934e+00 2.440319194807834435e+00 2.887940101366848200e+00 3.743648563754168102e+00
1.254019848011250771e+00 4.421251229483072365e+00 3.402826516636204612e+00 1.383719303992513860e-01 8.665857746597180888e-01
2.826096806203831413e+00 3.615599644102615251e+00 1.059678385326101591e-02 1.047818759369064656e+00 2.633337973704416246e+00
1.823635910792030801e-01 1.609394582987601074e+00 3.400435266636266281e-03 4.337589034549647060e+00 1.068674817227397877e+00
1.775072904986522981e-02 1.529049830076383065e+00 4.853780585234837019e+00 2.537634357642394978e+00 1.835263202424018344e-02
4.306029474864661033e+00 1.445836185079910630e+00 2.260425599738764557e+00 2.334432573666451294e+00 4.107755453545215985e-01
1.959168819367228309e+00 2.861495474777012049e+00 1.099439168775716347e+00 1.236489258148889991e+00 4.720983194932977689e+00
8.991870299765234442e-01 4.665543830065754238e-01 5.386476018811607425e+00 6.770631925005907714e-01 3.058243005217464727e+00
4.949093862720680193e+00 1.032743979986887162e+00 2.079470145189288743e+00 3.255169589011713827e-02 3.910768629805511321e+00
7.687569346360361155e-01 1.334704297568668263e+00 3.679707441350622776e+00 2.611380026859758008e+00 1.083824271016553764e+00
1.473704616282478508e+00 3.373250635242809548e+00 4.422972707760105315e+00 1.049383698744210322e-02 2.925614046616882291e+00
