1.326880108257213697e+00 4.703969836194641374e-01 1.550069112353517908e-01
1.253097437349303345e+00 1.619848697320525943e+00 2.668832160736713366e+00
1.888646658800567035e+00 1.202823138696519800e+00 2.161423121471271469e-01
1.146557732550766762e+00 2.104880149839435943e-03 5.382254617563819732e-01
6.933661966989577638e-03 6.397934890549602516e-01 2.354056078629114257e+00
2.756504667698703084e-03 1.403416549018648152e-01 1.678638343410038536e-01
7.820368177406171739e-01 1.103196325699384639e+00 1.129188640200420535e+00
7.231490786119728620e-01 1.045513902680495821e+00 1.370030891942605744e-01
1.493022021177935033e+00 1.539323561809584073e-01 9.368562737029283438e-01
4.851323332961391954e-01 5.149331868717463845e-01 1.499879504765439409e+00
1.670197586318229677e+00 -0.000000000000000000e+00 2.328035420819194012e+00
1.108869927789481791e+00 1.121908390003681921e+00 3.417448152495650149e-01
1.539120753649104723e+00 1.076769694608805006e+00 1.063782082649237015e+00
6.845932605139679605e-01 1.974525751259931794e-01 1.058047810422583224e+00
3.782519732882090591e-02 2.652466071906011802e+00 4.319031664891476163e-01
5.807405953485998973e-01 1.847763361183492048e+00 5.536142026611516886e-01
5.569446558848308859e-01 1.342615144863342547e+00 6.028809414680034659e-04
2.492448518024804049e-01 1.051508622762423878e-02 3.028810153723947796e+00
8.333990829669302158e-01 8.518789664090602523e-03 1.166521781631991717e+00
1.654189495096626494e+00 1.398265455054990142e-02 1.157155026356063675e-02
3.038004308362854400e-02 3.473921816399772045e-02 3.185412385820818870e-01
5.468258756971483558e-01 5.788022560859008570e-01 1.193846856335132323e+00
9.412608222582169448e-01 4.609583797703941666e-01 1.394816915711709848e+00
4.962508201720570722e-01 1.658049037147589111e+00 1.232805870081169708e+00
9.738852037719221144e-01 7.321722608793390652e-01 2.251937894004579110e+00
3.689764381066240051e-01 2.256840168706131522e-01 2.057731974599460653e-02
2.537131840203003530e-01 2.397851195732337182e+00 2.913486205388045924e+00
1.492906729859311797e-02 1.718832447452824791e-02 8.161915857311277112e-01
2.610561997598816131e+00 1.165549871259949244e+00 5.481658252057582947e-01
1.169358549301090289e+00 2.307463249487784474e-01 6.768896393855742266e-01
3.224211070514881178e-02 1.221888354089843309e+00 1.449734215966216544e+00
8.031003087605519397e-01 8.168562311219544902e-01 4.599951626477825628e-01
1.458491992638107915e+00 4.238108544519713083e-01 1.112268251854891643e+00
1.501923291416911166e+00 2.481978208508501815e-01 8.279624394698755774e-01
1.918464848816298529e+00 8.144358696752612703e-01 7.912427021762580281e-01
3.541043733223411816e-01 8.178648969814612535e-01 2.013827970491250063e+00
1.386909560825783538e+00 2.488782890535635506e+00 1.175884228213887717e+00
2.331817779938365920e+00 1.525377983376651869e+00 1.062358797427175094e+00
9.970776378549061070e-01 1.895855197220436050e+00 4.177322607532557575e-01
1.363021522750803127e+00 1.088138015881751963e+00 1.088500139586335402e+00
1.709226851895079946e+00 1.647921904114045197e-02 1.143545475118725951e+00
1.571305978087611077e+00 4.987121143749327287e-03 1.437292164647168358e+00
2.142853657807292755e+00 9.462573316381611699e-01 2.818889353830186240e-01
5.427091527515313096e-01 6.641461872218449303e-01 1.541766150883581821e+00
1.544356565051139718e+00 7.428771276970765891e-01 1.358221282038455158e+00
6.302120767286257808e-01 1.352491244029651041e+00 2.380352897722484151e-01
3.170114158415671679e-01 1.410107054280829164e+00 8.015485649116026456e-01
9.290403914264639962e-01 5.253668430452164140e-01 1.064230139321613811e+00
1.415079825695298332e+00 1.696495106867538516e-01 3.346918231533571042e-01
1.286151540522645076e-01 8.095322147916803601e-01 7.116912098763487071e-01
9.167378662739062989e-01 1.054880756180433643e+00 4.561369423183218030e-01
1.320452748940931897e+00 1.682331434345106347e+00 2.714277927857314809e-01
8.186362543321794583e-01 3.818385380009338415e-02 1.252534380771504141e+00
1.385961626730533469e+00 8.283515974969718476e-01 3.591269993555741558e-02
1.214365117595526788e+00 1.191896068132945130e+00 1.143468195382995045e+00
1.628451626446147049e+00 2.545416875729254458e-01 4.971255204977166331e-01
3.134871090422503559e-01 5.915672497454227408e-03 6.045669937211763934e-01
1.648068041846990184e+00 6.834094617950361439e-01 1.073357550511721437e+00
9.067433791282447642e-01 6.189951578169644933e-03 1.455186053608240826e+00
1.634886637544316068e+00 9.575973307884556585e-01 8.531678212666432559e-01
2.976070998180544436e-01 3.541124515272575657e-01 7.046915976533913994e-01
8.586549855267496811e-01 7.457802678415812458e-01 1.274422054161385987e+00
1.419052344048012060e+00 3.374289964304695855e-01 6.799638901578068939e-01
6.809982968298637640e-02 5.374067922525391783e-01 1.607915259284189990e-01
6.415913989060888500e-01 1.349905571444584229e+00 6.552343173875481153e-01
5.325206906186519783e-03 1.489543842921578376e+00 8.609089812240088291e-01
