2.220935079371378684e+00
4.546119531499719812e+00
6.608610987542513637e-01
4.434917624758392130e+00
1.615755406662636062e+00
1.618390068302780316e+00
1.458586902226965076e+00
5.883655042830916670e+00
-1.659290077684993925e-02
3.287113335461131047e+00
2.130255852185615861e+00
-6.792544284995635229e-01
1.808156485310997486e+00
1.396203317626082407e+00
3.413604087209391125e+00
1.550379871731569326e+00
2.393781063135725251e+00
2.193710244855260616e-01
4.484146209487270163e+00
2.523352375787087265e+00
1.238205552177462199e+00
1.285303966148712229e+00
3.524713382377381521e+00
5.919456947437648608e+00
3.213325269364216918e+00
2.817708103829859589e-01
2.379681780447269634e+00
3.502887805034292867e+00
3.356246999913472084e+00
3.552461835208477581e+00
3.095494329225393138e+00
2.917356710421691979e+00
2.211438089636419413e+00
2.485595889324538899e+00
5.522182674089619603e+00
1.193958520790007860e+00
1.501758294978346120e+00
2.452766431353631038e+00
2.212223850406216830e+00
2.917367568495256691e+00
1.457476241566767750e-01
6.410901337007596235e-01
1.857921477972617419e+00
3.076021744708381522e+00
5.240870267663650939e-01
2.971676463624409958e+00
3.018244007059963874e+00
3.012141754204767707e+00
2.180108440644735079e+00
-3.466859275672071194e-01
2.718103831106925661e+00
2.577490109965787202e+00
5.170975590530436428e+00
2.675325386893809831e+00
4.658626640583758416e+00
4.617181256972556547e+00
3.493495753964142025e+00
1.518632212728866726e+00
3.174551801402766049e+00
8.871740200509596885e-01
6.324372474609794015e-01
2.770766371934802574e+00
5.239183553583057318e+00
1.796903892585991036e+00
2.604805988617016954e+00
2.078701260239502524e+00
1.434425765762150640e+00
1.653851085109010466e+00
2.836135748762992570e+00
2.103706356123723697e+00
2.442650923807536678e+00
1.864886046714350765e-01
2.734142367807261831e+00
2.966977144526679044e+00
5.337636452462974468e+00
2.455255619817913182e+00
2.508290754612013895e+00
1.095651193935650580e+00
5.799270308405155561e+00
4.810072895602501397e+00
1.367442845397878859e+00
3.340569044865702608e+00
1.366277560472918040e+00
4.733612580474477305e+00
2.400717211091472514e+00
2.323748733116579146e+00
-9.503313210102348751e-01
8.976101060811905175e-01
1.092861167684498147e+00
2.323800058285319547e+00
3.986926268002816354e+00
2.250079721551283995e+00
2.224373655236761671e+00
2.123064629188531338e+00
8.452180817975699645e-01
3.844275107288511073e+00
1.593740594869235361e+00
5.540404246196501958e-01
1.942107408764607746e+00
4.558148087096459911e+00
4.799533886389777820e-02
2.829022599208014022e+00
1.250632920597182229e+00
2.214313670696514524e+00
4.713305117663060706e+00
3.548357363380993501e+00
2.178298078836571339e+00
1.915975632555729335e+00
2.687977691877789344e+00
1.397064772831961399e+00
2.384025154356481657e+00
2.865953913963724897e+00
3.158743645898732133e+00
2.512304841286981283e+00
5.539033655099353304e+00
2.271166080044885849e+00
1.021894872193010784e+00
3.199814009688186189e+00
6.054410616323536054e+00
3.316254320114081722e+00
5.107919213157860128e+00
2.458595246841468185e-01
1.639154434098296198e+00
4.087812426664463317e-01
5.060919044816790446e+00
3.620998469835084776e+00
9.679485347015834851e-01
2.466725938174431754e+00
4.623616974252928280e+00
5.858427836736790795e+00
3.463029323694577055e+00
2.469879602614303504e+00
1.534981003352928308e+00
5.127159709603500148e-02
-5.711945642926070654e-01
4.538988109754726885e+00
3.148082047918410620e+00
2.215071769815052605e+00
2.009380726285074026e+00
1.808497517151024025e+00
3.031939055532492322e+00
1.669856041877303188e+00
4.962873897387970246e+00
2.414237125208369417e+00
5.731595218042811801e+00
1.593917905853406980e+00
3.144981328411439403e+00
2.717769211949990549e+00
1.431469096019609255e+00
2.659064629381760803e+00
-3.974558781968162147e-01
1.350449060339548903e-02
2.781677004898869043e+00
3.246214199469704020e+00
1.911870171661944173e+00
1.652118140120229395e+00
2.661110924859527493e+00
2.170509670652342571e+00
1.484706331224160847e+00
2.399626305578151264e+00
1.697119124635249499e+00
2.546697145084491964e+00
5.400713302852680364e+00
3.809835714872991552e+00
1.885512264354803680e+00
5.309420832808768864e-01
2.325283390466812428e+00
2.873566630594230897e+00
1.099111900277772724e+00
1.483008247801257617e+00
3.209697204452008013e+00
1.711856207799773877e+00
2.774768870601452608e+00
2.198721036785107052e-01
2.017286856523420102e+00
3.683991046986620166e+00
5.632233481229046435e-01
-1.359104492843312140e-01
7.569667631580657696e-01
2.608606508038330052e+00
3.106287959368106755e+00
3.839677235723053528e+00
2.555181398643719071e+00
1.725624945616260453e+00
2.502451066766093746e+00
2.168055143944037422e+00
4.694609003777614475e+00
2.529041464962812125e+00
4.206857524464888143e-01
5.498147140750202055e+00
3.433244858547505718e+00
8.051939987608994764e-01
1.943627191411843036e+00
2.392388672590238574e+00
4.302972863094316480e+00
1.611799299772345373e+00
1.159558373000466602e+00
2.395604910125287201e+00
3.956912346455623730e+00
1.187079508291651653e+00
-1.981017718196591837e-01
1.577877398433118916e+00
3.733167786596533588e+00
5.593891961669802404e-01
1.739784396454211679e+00
8.676121202580571179e-01
2.037242515807947019e+00
2.914285368925058073e+00
2.128826923725205267e-01
5.306101805204296307e-01
2.027761244220699588e+00
