2.887943612266549387e+00 4.346177747038235811e-02
2.399743017195274941e+00 2.957135056035884446e+00
4.417602829138811971e-01 3.805702238956906562e-03
5.732092929754817323e-01 4.171767674420079342e-01
3.258712265986426007e-03 2.398366151869404383e+00
2.322813727979880838e+00 4.923228259916033744e-01
1.712194872680034452e+00 9.128865202430080927e-01
6.399692646257109097e-01 1.950534107204534795e+00
2.295524357627078404e-01 4.054054921222068897e-01
2.167346744052154051e-01 1.001207862658220593e+00
6.915214946171502897e-01 1.572464919798395089e+00
8.227908269400060481e-01 1.365975792057649407e+00
7.228551110594280127e-01 6.015634388545125716e-04
3.648193550408764668e-03 3.544569422050231289e+00
1.598830265263742278e+00 1.818623276605870531e+00
2.458200102451809088e-01 3.184975489696996731e-01
5.984904836928276461e-01 1.154309844597528611e-01
1.883697834610333910e+00 3.027299150795098037e-01
1.378803661015215010e+00 3.255349637407384082e-03
1.253164479205387094e+00 1.359399470201939353e-01
2.182612640342491417e-01 1.292041761667580113e+00
3.375420301793191413e+00 6.040608536892406732e-01
1.827312412252489748e+00 1.379782513875972005e-01
1.141771827893401231e-01 8.582225706913383656e-02
6.959617000005746896e-04 9.934415515025392385e-02
-0.000000000000000000e+00 1.005811956003005214e+00
6.961145089642173378e-01 9.249396263863030043e-01
1.417666227473987961e+00 2.250360149301492640e+00
4.661236110230198570e-01 -0.000000000000000000e+00
3.179513074039180733e-03 2.504282565092880830e+00
3.194155981405525591e+00 1.464144053782743482e+00
1.274425012635046484e+00 1.016183501163409053e+00
1.779346017996658036e+00 1.308381827168423994e+00
-0.000000000000000000e+00 1.169792657036386796e+00
1.115473660474602724e+00 7.272696339015926048e-01
-0.000000000000000000e+00 2.011233488304022821e+00
-0.000000000000000000e+00 2.456376517361485989e-02
6.156000368308229831e-01 5.151415028792150769e-02
1.435953315977303468e+00 3.260455304775877750e-01
4.058544594419782880e-01 1.347588515914843965e+00
3.490418127853388564e-01 -0.000000000000000000e+00
5.756118562066247016e-03 -0.000000000000000000e+00
8.162922441957268793e-01 2.367325860359523304e+00
1.979468735601755142e-03 8.942252555124804436e-01
2.040033561459258515e-01 1.224282540717125611e+00
2.191311484354424799e+00 2.532564267906163569e-03
-0.000000000000000000e+00 1.495689254410671465e+00
4.132509013236393969e-01 6.052279889786474909e-01
3.315907591128091969e+00 1.404803120237958225e-01
2.811534890229415051e+00 1.169109059138631990e-05
2.849237789459428075e-03 1.596634172352131120e+00
3.899974973419120111e-02 7.043602297237530965e-03
5.803970787883504234e-02 9.523675294452208506e-01
2.316504395235684743e+00 1.126037196217235303e+00
7.587400381156842455e-01 1.098244081548705592e-02
6.477643748825655523e-01 6.291453268775114814e-03
3.176692810882477680e-01 3.322136017735011215e+00
8.590920066384229864e-04 7.303699933229671482e-01
3.551879096396706736e-01 1.167158015654027547e+00
1.075470500197085011e+00 9.659147684630200459e-01
1.231267674702972048e+00 2.317721665493393868e+00
7.030020874032899547e-01 6.836028644460472904e-03
6.740114140066836776e-03 1.535421623972131666e+00
2.128289693283970330e+00 3.276785579662565718e-03
2.539532695739115109e+00 1.139689350700468617e+00
3.261747114568173123e-01 3.228792375227846012e+00
3.518808671156452017e-01 2.880961883277932158e-03
1.550008524826203660e+00 3.716182777359593181e-02
3.349273978662560491e+00 2.008329681219374940e+00
1.856080254624241421e+00 1.437985571875311175e+00
1.200378807431604633e+00 6.331351980636880112e-04
2.696262704014367254e-03 3.609274717809482169e+00
3.025961196091310479e-03 1.812215581989113256e+00
5.532224779805242632e-01 6.414603392310129770e-01
3.964195968805062781e-02 3.353274771293431877e-01
-0.000000000000000000e+00 3.313221790245711174e-01
8.140461608555675998e-04 1.031583110050102281e+00
3.131673864664178547e-02 2.180618203282278067e+00
1.265832724823920508e+00 2.896187407224609101e-01
-0.000000000000000000e+00 1.089677767267546171e-01
2.117131883834570960e+00 1.047482230762649194e-02
