1.601972935074534421e+00 1.230269437329939874e+00 1.743406093354902819e-01
1.130561473510879322e+00 1.262662200088344289e+00 8.082287148003282073e-01
1.664324039550792556e+00 4.873857879572860985e-01 6.344847651534475386e-01
1.015888262456006830e+00 2.221137951217979495e-02 7.040607671340061158e-01
4.732342881615412833e-01 6.219495265423456987e-01 9.479819799298514482e-01
9.891092488064425758e-01 4.362829750425485931e-01 1.267290852168230453e+00
1.240978840169240982e+00 1.817627264677039792e-02 5.318290525180238149e-01
7.001392479616407316e-01 1.448371838519017629e+00 1.190247793573435686e-01
3.129473376782165306e-01 8.455019389579950806e-01 8.564979356682296263e-01
7.491093014194477595e-01 5.614715110312515911e-01 1.225525348746947074e+00
5.018545890922910813e-01 9.008288480204797999e-01 1.013607886119607393e+00
2.814634899415212332e-02 1.010578870628259684e+00 4.268002967522870894e-01
6.025688427939495107e-01 8.197925423258939359e-01 3.941313232909738340e-01
1.414928177251085106e+00 2.288873378960488425e-01 1.469525334320917143e+00
8.796164432056592375e-01 5.545453954666138552e-01 1.431865929321728848e+00
1.066971460535356631e+00 1.201647915146763168e+00 6.761329582452418885e-01
1.527471755683006194e+00 6.683072699597536470e-01 1.594737086829373762e+00
1.849235456148759171e+00 1.384243464186097006e+00 1.496899746662699038e-01
1.193110564309162402e+00 3.187163646348851187e-01 9.426848255008134503e-01
5.423501909856477399e-01 1.164878410884850668e+00 1.190443447376008157e+00
6.625086896604585052e-01 1.638562664266028923e-01 8.720522966944893595e-03
5.879888659838599096e-01 3.974901084445117139e-01 5.888384784856194321e-01
6.082747786837924275e-01 2.706047810856524599e-02 1.133864980356164898e+00
1.228053055861247467e+00 4.327264047610673847e-01 8.590599243113534733e-01
6.951576306943287875e-01 3.095829874058612097e-01 8.649124815307105418e-01
7.975058831774964885e-01 8.319664365388941274e-01 9.823571449700909675e-01
2.354901432799159922e-01 4.279731426132946659e-01 6.367475330229902530e-01
1.210111924487027313e+00 9.591507953422249988e-02 4.865069630865718198e-01
1.116524099366433376e+00 1.344154488227975897e+00 4.919814964706505089e-02
9.793779940818854168e-01 1.647872249581071591e-01 1.573759491012680090e-01
4.895440473822105371e-02 1.604813274618438201e-01 8.699878108835158441e-01
3.988712519786167254e-01 5.663124976050988302e-01 2.590376976286773991e-01
1.434809415107148045e-01 1.548720437699268038e+00 1.398344564757766584e+00
8.169824110553178809e-01 7.611292295473128799e-01 1.154939484101056069e+00
1.097541299679901439e+00 8.044661406613769217e-02 1.166902774688048927e+00
3.216068990279223327e-01 4.924050535500718029e-01 3.658342306411745820e-02
8.156617094803216839e-01 6.417020634015299096e-01 4.155830036885849177e-01
1.168641462215901615e-02 1.394429369530415103e-02 3.204035006365441030e-01
