-1.888231302797654276e+00
-3.019645688025708985e+00
-2.308634544244184905e+00
2.146875562904016821e+00
-1.444401567825679633e+00
2.479944634932317316e-01
-3.409591513233515947e+00
-1.005295549993225762e-01
1.545638983405009048e+00
3.096401284210168470e-01
1.571525649016070614e-01
6.630395770613192186e-01
-5.111441681740551690e-01
-3.358980322067662838e-01
-6.248499710795977213e-01
-1.600087243496773670e+00
-3.991850364283658914e-01
9.137316649728417506e-01
2.204948156591805652e+00
-6.604320718904667098e-01
1.100238561132765192e+00
2.598629777165932242e-01
1.965977291131537630e+00
2.064802429803993977e+00
1.284147004107631052e+00
6.293601997324094199e-01
5.830392679190092409e+00
2.356405740603785937e+00
1.383319015717257461e+00
2.182739117886914659e+00
2.467174537335854012e+00
9.679638346042543917e-01
9.927745576795711235e-01
6.161820289809859241e-02
5.280865791893100125e-01
3.568616480003055980e+00
2.489059160714579000e-01
4.088870281195060130e+00
