6.223547124739989833e-01 5.234235917860836640e-01 5.105823058894929378e-01
5.312919890447596050e-01 4.464269865026022077e-01 4.354176547760057470e-01
1.704179280012670930e-03 1.493488252874037095e-03 1.464053037550859873e-03
-0.000000000000000000e+00 -0.000000000000000000e+00 -0.000000000000000000e+00
3.289111043440591797e-01 2.761624776432345940e-01 2.693152836600424815e-01
-0.000000000000000000e+00 -0.000000000000000000e+00 -0.000000000000000000e+00
2.009368028279324286e-02 1.721420802357625721e-02 1.683089883534927625e-02
-0.000000000000000000e+00 -0.000000000000000000e+00 -0.000000000000000000e+00
3.866043687736762501e-03 3.446511987750108461e-03 3.386183762284677729e-03
-0.000000000000000000e+00 -0.000000000000000000e+00 -0.000000000000000000e+00
1.519850151472269817e-01 1.278067601200859604e-01 1.246726196047716478e-01
9.552009195552713106e-02 8.040977516824006355e-02 7.844452426533338185e-02
-0.000000000000000000e+00 -0.000000000000000000e+00 -0.000000000000000000e+00
1.448516366391013922e-02 1.278717683484400895e-02 1.254945026488064712e-02
4.314178907249116568e-01 3.624963347073097419e-01 3.535556360091686168e-01
4.998769328983612703e-01 4.198338023861108992e-01 4.094593151201170178e-01
4.410723103715526450e-01 3.707276493998172273e-01 3.616003680327978809e-01
4.401363830085018559e-04 3.965062547777395158e-04 3.903226133559130643e-04
3.400677382617586231e-01 2.858909672986902906e-01 2.788605333785281193e-01
5.209608903463786023e-01 4.378841367581687849e-01 4.271008360326779552e-01
5.252583638321346449e-01 4.412533019740827456e-01 4.303590799338818385e-01
1.108062801028724623e-03 9.903515281840030368e-04 9.732897435229136054e-04
-0.000000000000000000e+00 -0.000000000000000000e+00 -0.000000000000000000e+00
4.877447167143176832e-01 4.100039451537332291e-01 3.999093820619012973e-01
2.528033495537642117e-01 2.125850626969260082e-01 2.073580715974456534e-01
4.844133998137949426e-01 4.070468224028805371e-01 3.970071504551745956e-01
3.208796060527737137e-01 2.700092760195441643e-01 2.633987478999040288e-01
9.796328731108638020e-04 8.756986017468607313e-04 8.607046004984942504e-04
5.207908829367832899e-03 4.611404996961599584e-03 4.526690875759640902e-03
1.681682170574660832e-03 1.473607228809138778e-03 1.444492593006025923e-03
3.171557138770402483e-03 2.818182616268804456e-03 2.767640590824738990e-03
-0.000000000000000000e+00 -0.000000000000000000e+00 -0.000000000000000000e+00
4.912874457963392616e-01 4.128175430500040655e-01 4.026333125811289992e-01
5.452889082615127725e-01 4.578589452824292638e-01 4.465215668248654901e-01
-0.000000000000000000e+00 -0.000000000000000000e+00 -0.000000000000000000e+00
-0.000000000000000000e+00 -0.000000000000000000e+00 -0.000000000000000000e+00
1.968918721840769235e-04 1.753213515029510244e-04 1.722160555912955024e-04
8.044426439692509145e-02 6.749066095237479801e-02 6.581636152363114223e-02
3.142659656806856203e-03 2.797460251455495626e-03 2.748539224395897193e-03
5.247064216593726460e-01 4.404642104075050524e-01 4.295412626651293198e-01
8.659657010858354265e-02 7.300206353330837561e-02 7.123693994077949510e-02
-0.000000000000000000e+00 -0.000000000000000000e+00 -0.000000000000000000e+00
-0.000000000000000000e+00 -0.000000000000000000e+00 -0.000000000000000000e+00
6.121338925909854956e-01 5.140422338758221521e-01 5.013183425017903039e-01
1.458134100362065699e-01 1.232905896889663622e-01 1.203537076130853090e-01
5.069532647269620051e-01 4.255457683235917554e-01 4.149956490426636169e-01
4.808406304732240066e-01 4.038033755764047217e-01 3.938136077689414760e-01
4.638694219444192829e-02 3.924435173149638106e-02 3.831264829422534324e-02
1.982065257817936799e-01 1.667629519109589120e-01 1.626805595686090511e-01
5.464137192016101929e-01 4.588598272927319477e-01 4.474994943649739931e-01
-0.000000000000000000e+00 -0.000000000000000000e+00 -0.000000000000000000e+00
5.404725457673337924e-02 4.550877086379903624e-02 4.440300332138898132e-02
-0.000000000000000000e+00 -0.000000000000000000e+00 -0.000000000000000000e+00
2.674622882462304174e-01 2.248572545634267283e-01 2.193292114996049647e-01
-0.000000000000000000e+00 -0.000000000000000000e+00 -0.000000000000000000e+00
2.550616112418399828e-05 2.339742127372341463e-05 2.310573823474207128e-05
1.336101050533450383e-03 1.162378918195560752e-03 1.138301779365268485e-03
3.473447042824623909e-01 2.917816306751335742e-01 2.845733513823560656e-01
3.431133152366639960e-01 2.881635373753305140e-01 2.810355208321290155e-01
3.431013115078863085e-01 2.891320340449299309e-01 2.821155748929785045e-01
3.817650956362059547e-03 3.393098234300724863e-03 3.332848851678380832e-03
5.257779059262773780e-01 4.416819524494597360e-01 4.307726082216701280e-01
3.860255425788124417e-01 3.245068259856391246e-01 3.165302579767179658e-01
4.816653200073350849e-01 4.047693384187872057e-01 3.947936742152372558e-01
-0.000000000000000000e+00 -0.000000000000000000e+00 -0.000000000000000000e+00
4.834366893479322691e-01 4.060099933237374392e-01 3.959752426364874789e-01
3.379589864529423671e-01 2.837810447600304098e-01 2.767588930790710888e-01
-0.000000000000000000e+00 -0.000000000000000000e+00 -0.000000000000000000e+00
4.012723555410132592e-01 3.368284448024807531e-01 3.284733461147056333e-01
2.994727390011412554e-02 2.632740870778560102e-02 2.582396151694201294e-02
5.608293172207749061e-02 4.734912758265017590e-02 4.621396496819209221e-02
4.666467220165335605e-04 4.129337146008611628e-04 4.053258151021284792e-04
7.419335897046947566e-04 6.583880737871765495e-04 6.464641843238588250e-04
-0.000000000000000000e+00 -0.000000000000000000e+00 -0.000000000000000000e+00
5.269731145018304863e-01 4.427922304473883575e-01 4.318737482027590890e-01
5.949842599701995333e-02 5.008011157887296699e-02 4.886436238013627115e-02
-0.000000000000000000e+00 -0.000000000000000000e+00 -0.000000000000000000e+00
-0.000000000000000000e+00 -0.000000000000000000e+00 -0.000000000000000000e+00
5.612657334310275914e-01 4.718995816780036656e-01 4.603017851978548070e-01
5.371640425226595905e-01 4.512423099426773332e-01 4.400984675758575215e-01
