1.228037373113317551e-02 6.912958847837277210e-01
5.507450661814197734e-03 7.032412658233327951e-01
1.093368727843900157e+00 1.287490215912312053e+00
1.698082652407093329e+00 1.386409143617551853e+00
6.536384218200700369e-01 3.310589578126031662e-02
7.758988471859094016e-01 1.189721899128293403e+00
8.591995635564804168e-01 1.601458891018965769e+00
1.223008144028468358e+00 4.505945465188780918e-01
1.189366785014294825e+00 3.180961822800015826e-01
8.494472409318259976e-01 9.662627651747803803e-01
1.010820544737873083e+00 1.264976809246409539e+00
8.130089060857318417e-01 1.334817700009791830e+00
1.387459580954867544e+00 2.202634142991793720e+00
1.277898278192268755e+00 1.056272540366508972e+00
4.517906648827799132e-03 7.384684562445941181e-01
4.467117053873699839e-01 8.767615672845764374e-01
1.723259978046620011e+00 1.978047532715120349e-01
1.400970453199453569e+00 1.107381097907528478e+00
7.785267262007453670e-01 3.873197487708195386e-01
9.657487476089107736e-02 7.675433424532893678e-01
1.707692510867228730e+00 2.436140930309395672e-02
1.674341876507310145e+00 5.565218166880241644e-03
1.997946340311944347e-01 1.036761814772698909e+00
3.940524567176253989e-01 9.119675046082695857e-01
2.115783737723151425e+00 9.924738129899609573e-01
9.753792059461607877e-01 4.517216790231152190e-01
1.200318021510027311e+00 6.141784829191332395e-01
4.518471050756249774e-01 8.420836157848679004e-01
2.420604086496692120e-01 2.212304322002756063e+00
7.084795505017617012e-01 6.619501530081085550e-01
6.257286679448836875e-01 8.189731324484601505e-01
1.193377204866045371e+00 5.733588196716710161e-01
5.937396978439760664e-01 5.651634678288923741e-01
1.600194204720990498e-01 1.027217867601560419e+00
2.521904986053673525e+00 1.573539405653295642e+00
1.387953361474859371e+00 9.340561042418664695e-01
5.955117665312149589e-01 1.861750310384089113e+00
1.286622246387438606e+00 1.793823801553354080e+00
2.043819375550336659e+00 1.172225281823506604e+00
1.353826026559093121e+00 1.941189907666901748e-01
4.151114270537344803e-02 1.967681483460034908e+00
1.005849817296892157e+00 1.471434975657902378e+00
5.170404155355559084e-01 1.093669327500034427e+00
1.332017186594981473e+00 1.124262125230690357e+00
8.167856589348052587e-01 1.322032690064617766e+00
1.313741163694333247e+00 2.697079977545762883e-02
9.227110931735962307e-01 1.429402259042206413e+00
1.756049176083071872e+00 9.597307041588304388e-01
1.463529418276253047e+00 1.703441746314804384e-01
4.978255105109850587e-01 6.578036462095787629e-01
9.927013856816478965e-01 1.758053940807878579e+00
1.077508032338644339e+00 9.587593472349803525e-01
7.674748879691778436e-01 2.018233240954254437e-01
1.133017989423564131e+00 8.980781196367986219e-01
1.300617112659179675e+00 1.089052065504001243e+00
3.509978362058706614e-01 1.270947923749419228e+00
8.353455152114973581e-01 1.982972338934012813e+00
1.170351459333029087e+00 2.270123928309565886e-01
8.296348159933659705e-01 9.505878485992153015e-01
1.034574515465793487e+00 7.983432243673900253e-01
6.450716039168372662e-01 1.048780020175340555e+00
5.928424332623325466e-01 2.005553307871578150e-01
2.306425869961445663e-01 8.556170042190911484e-01
5.850986294809132904e-01 8.981852460793454673e-01
9.032136276137561204e-01 1.143996151689009144e+00
7.055859864113519508e-01 8.934649297530484757e-01
6.859953230348283526e-01 6.588889697369509912e-01
1.701617625171168990e+00 1.639244188239511235e+00
1.602826394128498810e+00 5.025791990883305971e-01
3.962757355132609516e-01 3.842984066856438008e-01
1.267543513144573142e+00 1.094028015308569302e+00
1.565655205409975270e+00 9.049617035560807432e-01
1.734463390013398290e-02 1.549948704511063813e+00
4.662741639554161543e-01 1.756845666626525970e+00
4.347552894637443308e-03 8.648605834503300116e-01
7.733612368958799888e-01 1.918137762558088433e+00
1.132920221261282556e+00 1.216050349638434502e+00
1.085317616272821084e+00 1.699883083924510485e+00
1.116711083231037405e+00 2.586331556011929322e-01
2.766656230784396708e-01 3.793582185104552584e-01
