1.087660100551890885e+00
3.973671277840103322e+00
1.044316268799407421e+00
1.301866520006539352e+00
3.056370950946622589e+00
5.739730973169590023e-01
5.989522589440358091e-01
2.140765561321002153e+00
1.083237306377476061e+00
1.857084002235970033e+00
7.432022765544179510e-01
1.635300493285495760e+00
1.357193351889036892e+00
3.483773656195794377e+00
1.363175758968318219e+00
1.962167259445528833e+00
1.650716772302749380e+00
7.014433050849754325e-01
1.280534690650509955e+00
7.497568983897020534e-01
2.142733951958444294e+00
2.171591308130129683e+00
-1.394907494558767294e-02
1.847499088354471963e+00
2.873479403633717677e+00
1.582014583215476611e+00
1.614024606452312494e+00
3.047016180991880541e-01
1.465756184336667767e+00
1.074514563917578824e+00
8.158956363317925176e-01
1.550348171518949325e+00
1.849737854070365506e+00
9.489174275619356447e-01
1.637292852485757733e+00
3.397034421077468558e+00
2.002504795146331951e+00
3.919161934878328535e-01
9.148993103297174967e-01
2.232259643091782930e+00
2.628477677292444081e+00
1.545763900717262329e+00
2.522792236858813486e-01
4.220412939873541269e+00
1.738025974866384660e+00
1.169756403797081123e+00
1.698133735330704663e+00
2.205463998713681484e+00
1.376409835760449729e+00
1.090727539519317002e+00
3.640485944085501968e-01
2.040945243387837782e-01
1.258550344958117906e+00
-2.781640424383087784e-01
3.593194276222043904e+00
3.856076819968152325e+00
1.238767239882022919e-01
4.083439059483960243e+00
4.466569315438806420e-01
1.756944114278223390e+00
1.835752970009149942e+00
3.903652219387863997e+00
1.125468679647158687e+00
1.326005702566023237e+00
-1.775129073813623282e-01
3.662597029227259604e+00
8.840243703651129437e-01
1.768465963801612917e+00
8.669837906285151607e-01
4.244513717347255799e+00
1.179210849275307060e+00
7.080057535321984119e-01
1.918939346084160835e+00
2.725547788612220357e-01
2.960962912947961545e+00
3.836482835416462400e+00
3.354652134504073846e+00
5.741439219869861610e-01
1.187589691383620361e+00
2.343951698324801214e+00
