1.943660977000866596e+00
1.640495547859955883e+00
1.425873499569404901e+00
1.844718646506686488e+00
1.829782601375712581e+00
2.950824855854420115e+00
1.386177416128785866e+00
2.249957665466692180e+00
1.858574141130305168e+00
1.825866823883079970e+00
2.250593432787971970e+00
1.539929785947520280e+00
1.560368511980346984e+00
2.020838448312587854e+00
1.786270412061899293e+00
2.264627336923783929e+00
2.040531339960071744e+00
1.951474042141052134e+00
2.217654176349992401e+00
1.460855517936122006e+00
1.826466963594900905e+00
2.698482202095965565e+00
3.098001008212918794e+00
1.801137098483752919e+00
2.071453746093005144e+00
1.546056549850998163e+00
4.433883602205336061e+00
2.852371305862762441e+00
2.174192132855454762e+00
3.195396678717963290e+00
3.601463829464059963e+00
3.217763963588658793e+00
2.004008003858134490e+00
1.658101237273273298e+00
1.695181526405518779e+00
2.401055317766014330e+00
1.899903872980548414e+00
2.857916875227500153e+00
1.836405432145036043e+00
2.560566851075471551e+00
2.666428926839310432e+00
1.974423771419232754e+00
2.505228796857577489e+00
1.165346016884271307e+00
3.657549319813642175e+00
2.724646706787966277e+00
3.164341936699825553e+00
2.499404352603549206e+00
1.608346327427442324e+00
3.202790139911730893e+00
1.490672822987595403e+00
3.198612948129910372e+00
1.600901838249582765e+00
2.801849655535824102e+00
2.072864664561498760e+00
1.413275681100141679e+00
1.920112137445933564e+00
4.160072933396002703e+00
1.716130898908711844e+00
2.630120913777763469e+00
2.416322156469076887e+00
1.873895073005833245e+00
3.061600266458228248e+00
1.658261473826998289e+00
4.300540990395343321e+00
3.586490277028271834e+00
1.930437638470317907e+00
1.649637287434608801e+00
3.777046678930459311e+00
2.064062752428738712e+00
1.971583762445247467e+00
1.751609235207431281e+00
1.438486532660976591e+00
2.215620040755240883e+00
3.917318098853204589e+00
2.338092920355028248e+00
4.243881599868225329e+00
2.163736721978119171e+00
3.827475293101684439e+00
1.222329373459669855e+00
2.218909820942798650e+00
