4.056727817706587302e+00
4.478471778448183116e+00
1.792946709753284518e+00
1.357985582089512588e+00
3.247942118958591085e+00
1.652893348764916670e+00
1.797142631752963515e+00
1.240032545393605412e+00
1.188061050090895687e+00
1.286978439662925133e+00
2.354773705281918872e+00
1.981117793357430434e+00
1.318523352246580016e+00
2.135329887141383054e+00
3.341484981726535075e+00
3.553739674379210456e+00
3.301538994266342453e+00
1.717222751631955147e+00
2.790023893022414381e+00
3.257920780471510014e+00
3.513576065216620581e+00
1.046773294328946724e+00
1.499400569420736629e+00
4.188425652539689459e+00
2.993035168022709414e+00
3.388062658991862541e+00
3.418289198991229405e+00
1.305874611972895449e+00
1.587773671006651455e+00
1.442175003176323633e+00
1.321535529903108630e+00
1.066379070790242523e+00
3.732061876030256187e+00
3.735106353249072697e+00
2.081234783067676286e+00
1.363050585420784167e+00
1.478927904673773108e+00
2.483491262182672799e+00
1.757587197607784368e+00
3.462477139416754390e+00
2.568889290574691842e+00
1.821778142199144801e+00
1.497483896570313666e+00
4.043512740242307224e+00
2.525565131717490974e+00
3.063676359225802059e+00
3.765948344119094848e+00
2.174280380439664651e+00
2.699615315813452376e+00
3.909620480792925346e+00
1.409995380275930854e+00
2.136939148482810413e+00
8.381124012463480044e-01
2.296784142913456339e+00
1.923453852435696110e+00
1.271952825267578913e+00
1.762586377725553266e+00
3.051156291295816558e+00
2.969299982301647489e+00
2.979666145534895616e+00
1.870267603887273866e+00
3.222811042939943249e+00
4.234262802710612839e+00
2.714485696076112564e+00
1.786315392219662401e+00
3.280613698646659859e+00
2.962495283981741778e+00
1.883330206958372832e+00
3.556650878069428590e+00
1.921291767513225501e+00
2.768158491729884485e+00
2.033594496821200526e+00
1.308181922230179817e+00
1.531386423381652095e+00
4.497472307031884498e+00
2.522944524810292410e+00
1.380398100861520927e+00
1.487859622293491224e+00
3.706474301421953221e+00
3.161545053336054067e+00
