2.951466706600847090e+00
2.700366873487335173e+00
3.041009183210259259e-01
-1.685585869812007420e+00
1.847923951874962833e+00
-7.417356749052345100e-01
-1.119677833970452729e-01
-2.739099142165797307e+00
-2.032426003510730883e+00
-1.459961163315397048e+00
1.078070723133485398e+00
5.750891456876264796e-01
-1.563506400882565650e+00
-1.126256215492006940e-01
2.505426747341010785e+00
2.415379647377362105e+00
2.169150412472597100e+00
-1.087837343819087144e+00
1.843253616601733480e+00
2.537589170449768172e+00
2.740331973474531946e+00
-4.424997497253542633e+00
-1.941888827939001860e+00
2.773757874535177859e+00
1.457599470555219323e+00
2.817949100220265457e+00
2.411840524862216117e+00
-2.227273914859536852e+00
-8.446853759576276044e-01
-1.690696542847777595e+00
-2.006028387486066045e+00
-2.963529088835280323e+00
2.471906107297050958e+00
2.738826295308042003e+00
-2.035324894680589636e-01
-1.074069669071789468e+00
-1.647115084433417476e+00
7.450924841594764869e-01
-6.053175068637611789e-01
2.532962352838842968e+00
4.929203730295945163e-01
-1.380543508530121644e+00
-1.862950781971310477e+00
2.932586881382276633e+00
9.634567195210567148e-01
2.455134127764576402e+00
2.630680109046778625e+00
3.198252647187566633e-01
1.269426141001924524e+00
2.635285429461822204e+00
-2.966002291525925427e-01
2.738759449928261924e-01
-4.093912558893441300e+00
1.133048905488285518e+00
3.283389893188168873e-01
-3.640802311144243575e+00
-2.582708648404493171e-02
1.928114567605287100e+00
1.782290820882288740e+00
1.469320632938555304e+00
-1.708238763504521307e+00
2.269120563560397930e+00
1.947954204814964063e+00
2.629487341976128434e+00
-8.465418984177065509e-01
2.622055208092583634e+00
1.878138976685280293e+00
8.147607955811125846e-02
1.965849649884976458e+00
2.753486366321790668e-01
5.374473445291771956e-01
-1.447088879488855895e-01
-2.212278461611460134e+00
-5.273893489569286830e-01
2.977699801421342496e+00
9.196899385090507861e-01
-1.587236556815006860e+00
-1.149606074774187858e+00
2.953089556202221466e+00
2.565586211663169802e+00
