1.502079336126814213e-01
-2.749848359332246472e-01
-4.250324867668947015e-01
-1.270967554990115378e+00
3.414001035506956661e-01
4.157049965195339092e-01
3.885298546586277157e-01
2.621947230311828109e-02
-2.574378474166344466e-01
8.294468438802936328e-02
2.624185851220395618e-02
2.100818663575074741e-01
-2.139937167654882011e-01
-7.409650637314690869e-02
7.208613933397386986e-02
1.062899542334072023e-01
3.038420142054130135e-01
3.514155468748523387e-02
-1.059700576778499909e-01
-7.711835630027844002e-02
1.103068846727595781e-01
-2.676835890930304163e-01
3.601301302386543668e-01
-2.046217932502590320e-01
-3.038184526189382506e-01
6.877118780466698333e-02
-2.273969949257081402e-01
-5.623353957522320146e-01
7.924814352701847406e-03
-2.416047683601100227e-01
-2.828233614269755614e-01
-8.152252642108565039e-01
-7.061063287584760928e-02
-1.335151364518652184e-01
2.022550707759931121e-01
-3.091928801511469316e-01
-3.469623444737710005e-01
-2.787797863677198285e-01
-3.992618507649768889e-01
-4.728770510066014898e-01
-6.912417225799064591e-01
-6.053363599204398815e-01
4.283516021507316474e-01
-2.106498752407200692e-01
-2.823696001630250363e-01
-8.651358612853758956e-01
-1.282330881873198769e-01
-3.905887297710483042e-01
3.682384626869079081e-01
-1.238663982960350463e-01
-1.872839078151565528e-01
3.256359129236545691e-01
-1.349797276413267633e-01
4.029845231063510641e-02
-3.625960834155257384e-01
4.845350176107741658e-01
-3.213996331107469850e-01
-1.988026143681216329e-01
1.244524445998294315e-01
-3.599303899941434792e-02
3.304108347856112293e-01
3.518674688578674603e-01
2.688380131688136165e-01
3.047668680714119005e-01
3.115562825153356807e-01
2.347882404824357394e-01
2.935602969221944858e-01
-9.784404178640600247e-02
-2.115869273750326796e-01
-5.065868070355765695e-01
5.155087636718690136e-02
2.920992483677338769e-01
1.447112372273791636e-01
3.355866889361416167e-02
5.625326851788094856e-02
-3.196568676958718158e-01
2.103676607576864532e-01
-9.576402362821076486e-02
1.473908368599861629e-01
-1.516685950279017814e-01
-2.281621001450547526e-01
