-2.958903450886311015e-01
-5.516654445197870515e-01
-1.998676728124640888e-03
-5.220295353984029108e-01
6.449079334799301400e-01
5.204834304173724391e-01
5.852923620531145232e-01
-1.102291852195637079e+00
-1.441617415653266843e+00
7.156142119212648423e-01
3.694573775290383444e-01
1.608506646869348744e+00
-5.665182378093077675e-01
-1.083364095453777320e+00
-4.269703666649503071e-01
-3.319263710668481915e-01
-9.337107456721439602e-01
-2.840662112852102017e-01
6.295846772991816609e-01
1.915816634002586449e-01
-1.063426179423080820e+00
4.216952092531264240e-01
2.520512677020204095e-01
-2.233657547883337868e-01
2.216577378108108495e-02
-1.229168466909803081e+00
2.199104191387730722e+00
2.015377846840380738e-01
-2.397421452942134490e-01
1.351080468429648705e-02
6.504020107345025448e-01
-8.645164806205875296e-02
-2.597710898758350817e-01
3.309514468840205614e-01
5.535430469015801824e-01
-1.225701768993903373e+00
-1.895530847067333768e-01
1.437147419925800751e+00
-4.014029781724665624e-01
4.128016584265574163e-01
1.480337077906862975e+00
1.725086644503486921e+00
1.151425906424339063e+00
5.590349826969329486e-03
1.823966633062614473e-01
-4.824061500517307643e-01
-1.088601729519347749e+00
-9.543156753361793365e-01
-2.406228598868106749e-01
2.680091693056687457e-02
5.255716763735356345e-01
-2.071285225473842861e-02
-2.818526428735837475e-01
-3.905848853619073302e-01
-1.730807354684332555e+00
1.270186632988775099e-01
-1.522557195467293401e-01
6.651510137591999661e-02
2.292784452712608723e-01
-4.115761855527649837e-01
-1.447654630578788792e-01
9.287744693802059137e-01
1.061260501307019488e-01
9.154827528014584104e-01
1.020127789492552006e+00
-5.704897819486923760e-01
5.153531346274931035e-01
-1.575018714862942981e-01
-7.564069058618323460e-01
-8.080094209805241956e-01
2.347663276481120054e-01
2.477941029083250424e-01
-1.151248304606762973e+00
7.338805033067633543e-01
7.370988490407674731e-02
-2.600729394721331134e-01
-2.340543038658078612e-01
-8.937191939545022223e-02
3.245663353078089841e-01
3.411964647876301604e-01
