8.273476797246055447e-01 5.612402166306159623e-01 2.247745739025762760e-02
7.944545737609585156e-01 4.843415565838439796e-01 3.664084971670727997e-01
6.487552504190218228e-01 3.361752804001781336e-01 6.827172225025629482e-01
8.477654728791560457e-01 -0.000000000000000000e+00 5.303712878672646180e-01
4.216098345914987000e-01 9.035497779216676850e-01 7.643916661917561639e-02
1.922537529558684677e-01 5.573731421595665703e-01 8.076965239949689401e-01
-0.000000000000000000e+00 8.336833573453377166e-01 5.522427543077464973e-01
9.165048756815008524e-01 2.009213620112321463e-01 3.459037715024051440e-01
5.758339369275856656e-01 5.824517755879164982e-01 5.737292098167572352e-01
3.152705065402389706e-01 1.416688168580418627e-01 9.383679736840466745e-01
9.748059669934804328e-01 1.616623378307960324e-01 1.536834904633129772e-01
2.459710327490366791e-02 4.181190610998885560e-01 9.080591573545367945e-01
2.246650859455813498e-01 5.468472270106508049e-01 8.065257029182805182e-01
9.999989323661928609e-01 -0.000000000000000000e+00 1.461255102524286866e-03
4.924265951064401570e-01 4.156431676354981342e-01 7.646939293794656756e-01
6.891381751866076932e-01 4.840347342727296387e-01 5.392577783565116745e-01
6.290745954958024688e-01 7.773449384293903419e-01 -0.000000000000000000e+00
2.758039247712176789e-01 5.442076805885649460e-01 7.923195034007474158e-01
4.388789080708285772e-01 6.163320220111059289e-01 6.538502448529470712e-01
8.706743281400107504e-03 9.816238824397559570e-01 1.906272437122565333e-01
1.000000000000000000e+00 -0.000000000000000000e+00 -0.000000000000000000e+00
5.875453296803974101e-01 4.727801029696138690e-01 6.567110931047187572e-01
7.393798567831123547e-01 2.272162061863992888e-01 6.337903620517150172e-01
2.096768833645532293e-01 6.422654778202985248e-01 7.372453191325065713e-01
7.666098199099321553e-01 6.338135378332215852e-01 1.029066726553578837e-01
2.791820346767135974e-01 8.746280787905201803e-01 3.963371232990594573e-01
-0.000000000000000000e+00 9.556000848299864847e-01 2.946667233891920312e-01
8.810176009432550970e-01 4.372023080497277059e-01 1.807266683812390196e-01
4.248851200946958673e-01 9.052472782185627675e-01 -0.000000000000000000e+00
4.713113545620901124e-01 2.552721805258202359e-01 8.442166315054691061e-01
6.086208057195364729e-01 7.690072418256509446e-01 1.954701431549255852e-01
2.879181884389456214e-01 7.612640249881073018e-01 5.810165238828775003e-01
7.133471263999978662e-01 -0.000000000000000000e+00 7.008108712462053358e-01
6.306163155774086038e-01 5.416935931160798967e-01 5.557797348811535088e-01
9.720306121702975144e-01 2.348304682562091517e-01 3.337691178948427092e-03
5.750404479848053585e-01 7.968742886099835498e-01 1.852561775859772331e-01
4.161853751672193735e-01 8.341195836441708256e-01 3.619865379792404081e-01
3.776641817625304905e-05 -0.000000000000000000e+00 9.999999992868489063e-01
9.482572880277488903e-01 3.052978412662503693e-01 8.718568586887430472e-02
6.811501710726193259e-01 4.207656266364864783e-01 5.991583529326336421e-01
6.401829963715414129e-01 3.828650210532963949e-01 6.660180979602684515e-01
5.005578500791274532e-01 7.054105049959362717e-01 5.018344928017004491e-01
3.842443852206130495e-01 2.973684047208954850e-01 8.740299104150743847e-01
5.288759405922216494e-01 7.627366270129793957e-01 3.721868848784922190e-01
1.023572008105665815e-01 5.812826742684620296e-01 8.072381656224700830e-01
9.999926400395453552e-01 -0.000000000000000000e+00 3.836647852006195951e-03
7.101147284688343886e-01 4.560159709627755187e-01 5.364573670279035866e-01
5.800666832468597267e-01 6.920735556807927624e-01 4.296007873762940910e-01
2.123433274544799521e-01 9.771948414444343589e-01 7.437337872760296353e-04
7.541029393747998577e-02 9.971525899120269321e-01 -0.000000000000000000e+00
-0.000000000000000000e+00 -0.000000000000000000e+00 1.000000000000000000e+00
1.154625043800257267e-01 7.245997532310545219e-01 6.794288834747810313e-01
6.139089452283127413e-01 5.419379993191347084e-02 7.875143421027964719e-01
9.039499021242832777e-01 4.408025814709701923e-03 4.276156495708681171e-01
3.238165710082769322e-01 1.430505912758853367e-02 9.460117301724106920e-01
4.936200829786391298e-01 7.867387726094744460e-01 3.706498581587462926e-01
-0.000000000000000000e+00 1.000000000000000000e+00 -0.000000000000000000e+00
-0.000000000000000000e+00 -0.000000000000000000e+00 1.000000000000000000e+00
9.507923133611142497e-01 3.098215991929195168e-01 2.133899473423692041e-03
3.404974988657524793e-01 8.874287317630068506e-01 3.106955089917912138e-01
-0.000000000000000000e+00 1.968469193932200767e-01 9.804342355943100884e-01
7.508389142222328116e-01 2.596015808755644527e-01 6.073285306129512229e-01
8.210864636275247985e-01 5.452297126277718675e-01 1.689425337666117799e-01
8.395350640086879368e-01 4.665856270506958947e-01 2.783500115495548544e-01
2.097263697543657116e-02 8.935394394940814333e-01 4.484946137546129696e-01
9.435721524507116875e-01 5.328523876826982272e-04 3.311665882722227283e-01
3.102188998340760784e-01 5.018002601255994177e-01 8.074408542572121261e-01
2.587473072147254971e-01 6.761552636872765198e-01 6.898288848671951801e-01
2.993526939406636680e-02 9.242753285727941526e-01 3.805509120182977156e-01
6.903810969260903985e-01 1.866658300344638255e-01 6.989490746146482802e-01
6.834539951433854510e-01 4.514650091157895728e-01 5.736462168154040642e-01
9.228530894864122036e-01 3.117305879167400207e-01 2.261995043815698547e-01
-0.000000000000000000e+00 5.490774980436423647e-01 8.357714407313364680e-01
-0.000000000000000000e+00 1.000000000000000000e+00 -0.000000000000000000e+00
4.333289316691393278e-01 8.843430861557086686e-01 1.736759711274971918e-01
6.780898408859539206e-01 4.070762970741545472e-01 6.119502071636683249e-01
7.328680636448821062e-01 6.725585212122595635e-01 1.028077664098369648e-01
5.204310812763931482e-01 7.185207672493733044e-01 4.613885528194824892e-01
9.810021970330573549e-01 1.081988097782358906e-03 1.939936048380739853e-01
2.654866100019869293e-02 9.996475221792412436e-01 -0.000000000000000000e+00
5.481329240642295320e-01 5.794790142872104921e-01 6.031205265595930287e-01
-0.000000000000000000e+00 1.000000000000000000e+00 -0.000000000000000000e+00
5.767880080370966223e-01 8.134279713642076359e-01 7.517000190839423501e-02
8.019035301237785740e-01 5.749846366229975914e-01 1.623064879249798975e-01
1.858741573232552263e-02 9.998272390650264629e-01 -0.000000000000000000e+00
6.019958940541669801e-01 6.664831174712878559e-01 4.397740302333432716e-01
6.610990051321510297e-01 6.813545216533016813e-01 3.141721203988042666e-01
4.112399644923883657e-01 5.855695438904793271e-01 6.985628109713509781e-01
9.426804715389722755e-01 -0.000000000000000000e+00 3.336967614153016903e-01
1.185644518150876237e-01 9.929463584533597675e-01 -0.000000000000000000e+00
9.999871526395800458e-01 5.068979757807883652e-03 -0.000000000000000000e+00
3.199889529781829549e-03 9.999927213012613780e-01 2.077992178755606965e-03
6.950471732360659072e-01 6.018736284663912528e-01 3.932652569618307337e-01
9.210835015321251484e-01 1.784661262939305215e-01 3.460563898715912079e-01
1.111986103138942750e-01 7.872103985924032710e-01 6.065761761001238206e-01
-0.000000000000000000e+00 2.729327185575801118e-01 9.620331237232783161e-01
1.902854785121618764e-01 8.493405951132553255e-01 4.923535215270212206e-01
6.002499595988083914e-02 9.981968742988610588e-01 -0.000000000000000000e+00
3.553642087079541545e-01 9.347279171873330572e-01 -0.000000000000000000e+00
-0.000000000000000000e+00 1.000000000000000000e+00 -0.000000000000000000e+00
9.785102993111063352e-01 -0.000000000000000000e+00 2.061979489279398836e-01
1.740440619238517728e-01 8.706085160335349515e-01 4.601624455764860011e-01
5.026832003732589760e-01 4.536757521537993498e-01 7.358586222707338420e-01
4.210118329509706103e-01 9.069617981961598518e-01 1.301280630964943286e-02
9.183847709894656930e-01 3.794469975896370695e-01 1.122024439788933958e-01
2.561943207015980883e-01 5.559183896482956522e-01 7.907712779882007936e-01
-0.000000000000000000e+00 8.656237632123523484e-01 5.006950175127425906e-01
7.596762772504755956e-01 6.400649580305874942e-01 1.149295579220632330e-01
3.396178009304163040e-03 4.622006667485951681e-01 8.867688591916629282e-01
4.053847596293629341e-01 9.141461571653866081e-01 -0.000000000000000000e+00
6.397783091926996166e-03 5.552880421998545035e-01 8.316334881192322115e-01
5.121700406819509332e-01 7.540883075384299250e-01 4.111358338331447260e-01
4.461895302168353838e-01 7.350024566566520619e-04 8.949381894277775862e-01
5.560780215876815966e-03 7.979022496967628220e-01 6.027612111377400606e-01
6.098179878212872662e-01 6.833704712819611560e-01 4.014060546497360549e-01
2.685448626311231490e-01 4.974461099670839381e-01 8.248824306730305755e-01
5.737120797886726686e-01 1.544584192061161654e-02 8.189113965942342865e-01
2.103299576445508412e-01 4.785313629110349298e-01 8.525075035609650520e-01
6.449100093089694674e-01 6.567819863701994665e-01 3.908049414640509256e-01
7.505398705071738563e-01 -0.000000000000000000e+00 6.608251680884096313e-01
-0.000000000000000000e+00 8.303811295896615929e-01 5.571958180221722179e-01
9.304204929197470442e-01 1.677042222333790522e-01 3.258726748287933961e-01
7.662928343891272087e-01 4.525860504183480959e-01 4.560275857123098353e-01
7.646615384666097803e-01 3.480366845473200632e-01 5.423681386283554229e-01
8.169051046139514938e-01 2.632640402103609834e-01 5.131842702068976081e-01
1.063144867057767284e-01 9.942625790450830836e-01 1.179634804112329391e-02
8.392071481221627383e-02 7.929798882828273943e-01 6.034403122135290065e-01
3.666352949837786007e-02 -0.000000000000000000e+00 9.993276667863857377e-01
7.426287455587011754e-01 4.524424809636464206e-01 4.937594026338842368e-01
5.159996228279020158e-01 1.369218881106053221e-01 8.455748256645829741e-01
6.494471880660396268e-01 7.604067003341791198e-01 -0.000000000000000000e+00
9.465556529608151193e-01 -0.000000000000000000e+00 3.225405336510823728e-01
3.737145063511306264e-01 2.129941359324598604e-01 9.027574235646670386e-01
6.076080858542928231e-01 5.113137327147050382e-01 6.077587356359739346e-01
8.981274394525652349e-01 4.324298738581101031e-01 7.982171820649992811e-02
9.135092586447470797e-01 4.791255831363650658e-02 4.039866595893569778e-01
6.522884290882596803e-01 7.408757787728732502e-01 1.600715018523255484e-01
-0.000000000000000000e+00 1.000000000000000000e+00 -0.000000000000000000e+00
2.295635819931062527e-01 6.947665081040633739e-01 6.816157722935854979e-01
1.837742240974908070e-01 9.829488838021410713e-01 6.206962984451616476e-03
4.528045096683970261e-01 8.477237228440070993e-01 2.762834880181218589e-01
6.688657232258583551e-01 2.523150307205528353e-01 6.992537233122437801e-01
7.865215790811873608e-01 5.512147520703917225e-01 2.784710087955516999e-01
4.297407112247294547e-01 8.421707598125982575e-01 3.256859414109467554e-01
1.572141752568964879e-01 8.503465472226686694e-01 5.021896581220880451e-01
6.628352793627028117e-01 6.293435764441026592e-01 4.056797446517556027e-01
1.099516887884639665e-01 7.352306838653592802e-01 6.688396426913112425e-01
5.426803107392361714e-01 8.399393313424283747e-01 -0.000000000000000000e+00
1.825449658405815800e-01 6.574121357628681661e-01 7.310859177948685339e-01
1.510104867055215017e-01 6.053156182383863729e-03 9.885136277286182827e-01
7.624943391480264454e-01 6.444317672811467057e-01 5.753329545673870754e-02
8.102658281091110748e-01 5.829018960839984498e-01 6.078377530505941345e-02
9.651117368826322984e-01 -0.000000000000000000e+00 2.618383763534078978e-01
7.767179992477971640e-01 4.131848281034518622e-01 4.753813705538111889e-01
1.901488107896846247e-01 9.817552799732063296e-01 -0.000000000000000000e+00
2.129712506107493686e-02 7.935102162097318508e-04 9.997728756100906500e-01
4.985255067957529151e-01 -0.000000000000000000e+00 8.668750308285719797e-01
6.914493467242646130e-01 7.221705797703044105e-01 1.916910610357672878e-02
-0.000000000000000000e+00 8.855460223797679831e-01 4.645516572431653834e-01
5.064940612517865315e-01 4.344683099235002732e-01 7.447825545680355486e-01
5.735755297409345088e-01 5.070980753770717442e-01 6.433215787079399339e-01
-0.000000000000000000e+00 1.941605967711762248e-01 9.809697562419856798e-01
3.747611018124605287e-01 8.516798454734297863e-01 3.663271180006542616e-01
1.873193512706231856e-01 9.822990688377712942e-01 -0.000000000000000000e+00
-0.000000000000000000e+00 1.832576647887676768e-01 9.830649156063742122e-01
4.004291627606717530e-01 5.120027952004924110e-02 9.148961782562305967e-01
6.756806180593420974e-01 3.702413272936951882e-01 6.374771069950265767e-01
-0.000000000000000000e+00 -0.000000000000000000e+00 1.000000000000000000e+00
5.679186716337381036e-01 8.155588767167099018e-01 1.110499933289008784e-01
3.212584199479318614e-01 4.184858458159915889e-03 9.469823200948597197e-01
4.206887331864397339e-01 9.072049549745168084e-01 3.992989776296642051e-04
