1.789113068267901063e+00
2.312508854395729507e-01
-1.125546706037558353e+00
-1.784122323161832391e+00
8.606411298205429716e-02
3.574325710724658711e-02
-3.522705720669186413e-02
3.082620035968016703e-01
-5.891866408990044102e-01
-2.739540907555534366e-01
-6.135974949348591556e-01
5.489949615943138239e-01
-2.877754104866217522e-01
1.617885423213885621e-01
-2.352231490608450160e-02
-2.677063214453663242e-01
7.338785956114284303e-01
3.008176417048422091e-02
1.380474938660966044e+00
5.725973218353457295e-01
7.597435447300436850e-01
5.647255020044948948e-01
4.141510057805593004e-01
-9.322411176159124402e-01
8.285089794789597395e-01
-1.272395994851412526e+00
-3.309323499838212612e-01
-5.909823438781296456e-01
2.247886430762602028e-01
5.387044964871583463e-01
-1.804455511756558050e-01
-7.312218062135776853e-01
7.168294385799787172e-01
-1.142218575199231284e-01
7.776803863978849485e-01
1.617032457588965244e-01
2.977693674359320752e-01
-6.949035677839424663e-01
-7.513311300054774655e-01
-5.972435224834767853e-01
9.486067470801234913e-01
3.432770189744077105e-01
1.071848037033656276e+00
9.880072877530797493e-02
-7.583532999722321088e-01
-7.110295441523299953e-01
-3.301307318778999855e-01
-9.612708241313864255e-01
-1.244082332370064270e+00
2.383720445698959689e-01
-2.666057171881901222e-02
-7.980669161896095098e-02
-1.503555292324029624e+00
1.852776702987354307e+00
-4.137927976765592430e-01
1.281110708532589904e+00
-6.606531367855339454e-01
5.602560515025384325e-01
1.538503666815033810e+00
3.463964107325891995e-01
2.129305769139645810e-01
1.350192080237436310e+00
-1.315671645834349590e+00
-5.779033012759500210e-01
-2.088662528508611060e-01
1.039611031322011270e+00
-3.351729195577575204e-01
-1.845237349711433827e+00
1.355416626814183456e-01
7.919963087466175278e-01
2.790971316101901190e-01
-7.527186968713268922e-02
1.092351702141695080e+00
-1.574916868683540194e-01
4.139618311656818594e-01
-2.846472335334289047e-02
-1.432972475420228653e+00
4.017309672859749603e-01
4.854986382333510986e-01
1.401865157853648403e-01
-1.074891320817982221e+00
