-1.561278636597636382e-01
-3.881355815074548632e-01
1.005228091737652707e-01
-3.476043019423472047e-01
4.003922274731775977e-01
3.464623313224154955e-01
3.726078995751670453e-01
-7.909306143872021355e-01
-1.125307219526434643e+00
5.038515457327000790e-01
2.634001075570879813e-01
1.358855455178788807e+00
-3.147757533934562590e-01
-7.576543922593023117e-01
-3.245706801712972545e-01
-1.602829307202782161e-01
-6.141155787271644906e-01
-1.202360756091599564e-01
4.379169665992383442e-01
-6.383594640230737249e-02
-7.951568950971383831e-01
3.244969008454711146e-01
1.669664482643476444e-01
-8.947673642878764544e-02
9.456582312346224761e-02
-9.688348741711612089e-01
1.829006391455100911e+00
5.795252664853582647e-03
-8.187236859129558286e-02
8.705514950228666893e-02
5.229356966105076499e-01
2.038147952741068136e-01
-8.565813818533167534e-02
4.133358644619452432e-02
3.981624442245890738e-01
-9.794538324019035347e-01
-8.011435282624786158e-02
1.106872912436209555e+00
-1.826379063301421801e-01
2.833023937672465298e-01
1.099540773492022616e+00
1.467773381404622990e+00
9.268872743193035113e-01
1.301959027142979564e-01
1.038862667596475581e-01
-3.101501152421592411e-01
-8.826326687113678071e-01
-6.399611293240847765e-01
-2.853882591648485012e-01
1.252922566447478292e-01
2.681716136283049390e-01
8.680570007425260359e-02
-5.168717542942166676e-02
-2.955321105923049974e-01
-1.366964241760356469e+00
-3.262296566712467785e-03
-1.100074694856390811e-01
7.881261652568244402e-02
1.259710470896194257e-01
-2.076737130979579016e-01
-1.068387303239038133e-01
5.548541762156640189e-01
4.743948205260412401e-03
5.954634480595295543e-01
7.337884978371453926e-01
-3.376056205110968267e-01
3.225031359624539462e-01
-4.808964680603552283e-02
-5.401300590954412062e-01
-5.964485424649644818e-01
1.785711487482098403e-01
2.040911879561362885e-01
-7.973763544385701341e-01
4.685521541345044616e-01
-9.774499568839888075e-02
-3.113946366684506306e-01
-1.079706494305003595e-01
5.560712375006889030e-02
1.377250740247046024e-01
1.622711836211283565e-01
