5.862652230949476628e-01 9.993157530358903404e-03
4.779735428508958585e-03 1.158116743724521003e+00
1.275724307410630365e+00 1.927192439095229526e+00
1.099348352878940283e+00 1.668898406819740110e+00
2.125496829019704048e+00 1.108474283458499965e+00
3.232912203689755626e-01 2.484400383282319401e-03
1.876202191147088083e+00 2.093988104391408367e+00
7.791341616711225937e-01 1.214162704030594453e+00
1.281203706019493183e+00 1.052451192098625476e+00
3.312351987556491628e-02 1.360395348438755647e+00
1.710185953041093221e+00 7.151808716962199108e-01
1.548791453459022138e+00 1.746218882760869340e+00
1.443780092493144540e+00 2.181848165145033658e+00
2.780905224306498003e-01 5.357863300572952570e-01
1.006238811616341211e+00 9.537492293096563323e-01
7.913735500177644377e-01 8.358838102516290558e-01
1.845316336080192965e+00 7.236022938564581897e-02
1.759594356255728798e+00 6.960389853655263304e-01
8.360807735857296308e-01 1.230893437228184117e+00
1.156166946127435757e+00 2.063721408402662494e+00
1.720078906451272704e+00 1.455960199833143509e+00
1.282462871701624429e+00 7.951163639895476587e-01
1.328818366711610910e+00 9.077626250292176735e-01
1.545441191255249834e-02 6.142755467439877659e-01
1.169372345223790299e+00 1.568300078037891732e+00
1.827638918249280486e+00 1.816989898986629770e+00
-0.000000000000000000e+00 1.953881787479232624e-03
2.870375201640661400e-01 2.596693618553940971e-02
1.012363433379947830e+00 7.744380552218266267e-01
1.285630524954035816e-03 1.527486302295246734e-01
1.363899670731378222e-04 4.761364105523031853e-03
1.477428350035018489e+00 4.423849900376075617e-01
1.308283155930685782e+00 9.404629451017374464e-01
1.536539365613334374e+00 1.175054225803481289e+00
1.596560136234734806e+00 1.383066844808482854e+00
2.778736180188080569e-03 1.058406060512160130e+00
1.010540499180211382e+00 9.304073843085607365e-01
1.944971702552693360e+00 2.623023528564517592e-01
3.968183162109858442e-01 1.413417622150768604e+00
6.336067399126633637e-01 3.852593844228634490e-01
-0.000000000000000000e+00 5.624912435180313697e-01
1.301671479293860845e+00 1.424326688509575556e+00
6.902361035641686460e-01 1.328882272294418021e+00
2.075250694074334129e-02 1.819501297335686330e+00
1.199812088531246657e+00 3.836106422873426531e-03
1.600366029904186638e+00 4.271861938084166033e-01
-0.000000000000000000e+00 1.020315244387133080e-03
9.939430234206282355e-01 3.366688129819773168e-01
1.082248900704918006e-02 1.428560289077543954e+00
-0.000000000000000000e+00 8.340625631082915475e-04
1.278714713273491288e+00 1.068158383629657537e+00
1.630373615088698547e-01 7.101685323077373546e-01
4.460193681109311248e-01 1.755331817587451493e+00
1.108348190938656552e+00 2.237582191342323609e-03
1.588558828706711834e+00 1.112221810053812598e+00
1.520849202790206522e+00 1.699855878310823964e+00
1.258190502057593863e+00 1.078462647017093712e+00
-0.000000000000000000e+00 -0.000000000000000000e+00
-0.000000000000000000e+00 1.891784372118483937e+00
1.191875577621382520e+00 8.731717943405391535e-01
2.392180438896034378e-01 1.139479180154251647e+00
1.891094735624144096e+00 9.310698188256475438e-01
1.969649190113722304e+00 1.925076417141615912e-03
1.022970235551061702e-01 2.267939756331986079e+00
-0.000000000000000000e+00 -0.000000000000000000e+00
1.956176308764581511e-04 5.891577999558482263e-03
1.213882306247102916e+00 1.560287518475529822e+00
-0.000000000000000000e+00 1.808386665458512343e+00
6.816058445738951144e-02 1.437044415736832715e-03
1.444933492626234939e+00 3.487961282472024638e-01
1.594706311742490668e+00 1.141945738972407032e+00
1.554414008002670045e+00 1.097536365107140810e+00
9.152199735240479361e-03 1.420596735586343806e+00
1.499392518259311746e+00 4.685941323473544196e-01
1.199699033552331873e+00 4.300086945652153991e-02
2.245246119703351972e+00 1.157604647752994050e-02
-0.000000000000000000e+00 -0.000000000000000000e+00
6.572989257707738675e-01 2.687643757486397611e-01
6.460887930064913576e-01 -0.000000000000000000e+00
1.022909623102272514e+00 2.112026904033540209e+00
1.533547537096361157e+00 1.893759722122492729e-03
