-1.333142555182902436e-02 -1.225634365234996512e-02
4.900508573157207753e-02 4.450428605814140542e-02
5.494550897067148471e-02 4.987088584822281512e-02
2.005795989623670311e-02 1.827899098686995918e-02
5.280145016455350948e-03 4.863991706533717617e-03
4.845969690167030615e-03 4.656391960913983108e-03
2.471681617051045901e-02 2.225761429315859657e-02
1.289847840147275715e-01 1.163907398703089013e-01
2.635363163677213044e-02 2.397177405596633004e-02
-1.979143481417210831e-03 -1.832972640585017960e-03
3.375705388882173103e-03 3.059225444384961606e-03
-3.853951676590274249e-03 -3.461183976266905913e-03
1.438683578205526663e-02 1.310067336245527084e-02
-7.398062235771591874e-03 -6.869661115500135494e-03
6.503338600913355361e-02 5.881101093771815697e-02
8.834057497183607499e-02 8.001162791900624793e-02
3.751503619900072306e-01 3.373050681973364662e-01
1.951053890616223641e-02 1.766886928631467013e-02
5.209975586729883798e-03 4.666698500382265510e-03
1.425679924397445925e-02 1.283237169541005113e-02
3.885736358823004000e-02 3.525216956492150527e-02
1.328060848907884790e-02 1.210202937503183571e-02
-4.950289915032981408e-02 -4.475748220494366741e-02
-5.432360278714925411e-02 -4.898471841550490480e-02
-2.325644794595927063e-04 -3.204778483444119187e-04
-3.353817980888738708e-05 -3.146677785910183733e-05
3.575967735597748026e-02 3.249820557581653557e-02
8.143709503092466835e-04 6.886940256664269948e-04
2.220697853497473860e-03 2.047412716657146577e-03
1.800036265157497692e-02 1.626043876786011089e-02
1.178491260869282409e-01 1.062453946699647989e-01
1.967521508376984113e-02 1.751167553595717533e-02
-5.462018714493130367e-03 -4.968464397303470198e-03
3.149891420247791229e-02 2.840528315844457682e-02
8.226345013326740244e-03 7.507472411326258054e-03
-2.032185246378786451e-03 -1.839631852649082841e-03
4.545301643684009074e-02 4.115418385998990264e-02
-5.690003887695362431e-03 -5.160915052381072864e-03
5.787351648330812948e-01 5.200551601807990032e-01
1.173594683286544177e-01 1.058669211887115214e-01
7.764049272643432190e-06 7.209885648981445031e-06
9.704855538281625948e-03 8.753550842875429741e-03
4.183645276034457239e-01 3.764175558199386873e-01
3.147354905746665987e-02 2.861462233505219013e-02
3.783803143012098302e-01 3.382651183618859414e-01
9.193691915045208718e-02 8.297374486518846459e-02
-2.157190572882982174e-03 -2.004127691283183119e-03
1.421618374835227072e-01 1.284433423130484919e-01
-2.580321143581605289e-02 -2.336632806327890166e-02
-1.239541541487799992e-02 -1.112607560260370221e-02
3.667341468309652797e-01 3.293208168892157728e-01
5.080114656026863962e-01 4.569901557881592691e-01
-2.370741190590774494e-03 -2.158830243264965934e-03
-2.991908025781811128e-02 -2.711334929780939360e-02
-5.772350286012296189e-03 -5.328297813532224293e-03
2.973795033079752459e-01 2.679523227431235832e-01
2.905583232564065699e-02 2.618018458168287071e-02
6.914979581571343951e-03 6.354114033328174538e-03
1.792742720718052962e-01 1.614752591986519104e-01
-2.616195932600796914e-03 -2.319620253842004376e-03
2.243202441767220279e-01 2.018421882922495914e-01
6.792929925822789594e-03 6.361350303211839308e-03
2.559327925488408262e-02 2.322802472965309478e-02
2.404340833133688377e-02 2.184617001034655850e-02
-4.083876708981356435e-03 -3.679574961124805303e-03
6.080906922491668976e-02 5.451086276119548879e-02
-1.422934172381588314e-01 -1.273408648410998267e-01
1.979470675860175652e-02 1.798646215493188150e-02
1.419007941141411065e-02 1.282645872058487541e-02
3.660591261779995720e-01 3.293569666479425617e-01
2.089693151731912210e-02 1.903863355867408194e-02
1.999429931438307523e-02 1.843187707097439926e-02
2.521871305004345920e-02 2.293240370244641058e-02
3.751297646255153384e-01 3.375153684469708315e-01
1.595116654345649920e-01 1.435151273899874791e-01
-7.580887048279607437e-03 -6.949338077632232456e-03
-1.755544271314206503e-03 -1.394421873570570770e-03
1.008110187134902101e-02 9.155118849408573276e-03
1.056636370213317327e-02 9.639898980058377378e-03
2.939209600053198368e-02 2.653761105703591333e-02
3.031872479835995629e-02 2.732833955769149031e-02
2.068345156491653916e-02 1.877699541508538392e-02
2.435946364026331593e-02 2.225545558564118523e-02
-7.206979018862881602e-04 -6.033673198720162969e-04
5.058395897266757535e-01 4.542876946573966013e-01
-6.118769188619579621e-03 -5.480121964035356008e-03
1.209673253995076012e-02 1.092707060817803104e-02
-3.027669420874729359e-03 -2.721620279332999989e-03
3.550603383958053551e-03 3.085551100469889098e-03
2.969005942460198888e-01 2.666970663634334882e-01
3.509281347167376719e-01 3.154039288423644005e-01
8.594959359387155384e-02 7.774077226791092921e-02
1.200598356283922620e-02 1.086881868747527867e-02
5.502917757563613455e-02 4.971023302862707244e-02
4.742432117170524569e-02 4.293834236669092502e-02
1.564145901227298116e-02 1.418251965703757819e-02
-3.212372702887315856e-02 -2.909893176107019100e-02
-1.481222067081470854e-02 -1.344785307453507696e-02
-1.194334582981622372e-02 -1.068723756976610803e-02
1.945210277265523036e-02 1.768258410455479657e-02
8.657521793589733478e-03 7.752862120046275993e-03
1.087167533069723600e-02 9.782385942230829162e-03
3.475193492425661113e-01 3.120931151449893859e-01
2.426239230635434951e-01 2.171391773567643846e-01
3.044475865870250320e-01 2.742938745086511143e-01
-4.039516752968248429e-05 -3.718304467829389425e-05
4.219914151973800515e-02 3.827798520990893794e-02
1.590934459111496141e-02 1.446412645738856008e-02
-8.492676412342331504e-02 -7.608771814124028199e-02
2.880149657580460265e-01 2.590070852948330171e-01
-3.711495958821865726e-02 -3.346253340781472907e-02
5.300822212484805618e-02 4.804001593393189551e-02
1.837844049177124461e-02 1.675485204496922689e-02
5.539011279800257759e-01 4.971843350936849815e-01
1.053272748798214642e-01 9.475072703011419573e-02
7.266759111218445977e-02 6.604790046640647561e-02
-7.427032324328542399e-03 -6.760272826150693325e-03
2.594487945578594634e-01 2.333621867751173584e-01
7.711063835154082814e-03 7.008385811229593705e-03
5.795043147412668599e-02 5.265341065581674584e-02
1.543868204279858283e-02 1.402376090717320084e-02
3.063846531418227270e-01 2.759704877878000895e-01
4.970996443711941243e-02 4.485164356732216501e-02
2.458209261883816978e-03 2.256969523934534809e-03
-1.178533414593238293e-01 -1.050211993618469647e-01
2.434547148418547691e-02 2.211180787849603355e-02
4.478720798048902406e-03 4.035449659971054349e-03
4.484085772776873376e-03 4.147208078900027454e-03
1.771648682652580617e-02 1.605708291344963221e-02
-2.300901395088491772e-02 -2.102762135407189661e-02
1.363826210230299242e-02 1.235891333494310539e-02
9.983621219956888282e-02 9.038901954851538689e-02
5.028196407771160642e-02 4.530515521998453726e-02
8.970060569450592769e-03 8.266320084061329690e-03
-1.224447722587082912e-02 -1.113238566148410519e-02
1.910322886977734030e-02 1.738773487747552471e-02
7.676029523566314794e-02 6.933822462458340274e-02
3.519293061364873326e-02 3.182047893226348095e-02
2.170137754297929086e-02 1.994468742416324880e-02
4.253407207393506417e-01 3.820514918537616378e-01
1.181352339861428680e-01 1.067754825260192469e-01
-1.112091641946998002e-04 -1.028722982829122727e-04
2.478057584786688347e-02 2.246106133293792467e-02
8.927363003317142359e-03 8.220064776283331903e-03
-3.007594640107955509e-04 -2.659222263777989725e-04
2.443116850676708973e-01 2.190889486357140981e-01
2.663430851512502140e-01 2.390678641723502085e-01
5.098159863479055920e-01 4.581655947405223195e-01
-7.515132571641485772e-03 -6.772719502847385220e-03
1.537103373353417707e-02 1.377459630181185682e-02
2.780096724741816516e-02 2.502660003355547391e-02
-3.085054906589703577e-02 -2.759487829087781466e-02
4.612858918676736586e-01 4.152173102362410884e-01
-1.362517765289474568e-02 -1.233629018267982415e-02
-4.006272942995503690e-03 -3.615929840961303564e-03
1.424354922365661247e-01 1.282778788088193289e-01
2.097690796920572906e-02 1.911620477059408282e-02
3.467207355529278168e-01 3.123927416751829389e-01
2.015697083342769152e-04 1.631186858979408942e-04
1.214501592885357948e-22 2.157230552614782235e-21
1.653532754124493187e-01 1.480782954485183600e-01
-1.380042532696560027e-02 -1.246752838965434033e-02
2.908069386239747062e-02 2.637476535033690325e-02
3.853962962583910162e-02 3.515496606559160436e-02
8.385010116949363421e-03 7.555349136854279044e-03
5.091924536757444324e-03 4.573446010997892809e-03
-6.293966392606599805e-03 -5.560772370725591135e-03
2.875272579655721930e-02 2.624588304858793339e-02
1.572366032219732201e-01 1.413097682664574695e-01
6.438794359188261263e-01 5.781814965896557856e-01
3.186198049672217536e-02 2.891951345886194930e-02
6.797332625159807282e-03 6.032407669498901677e-03
3.103065821989647519e-02 2.817005576488736812e-02
-8.950908547897073672e-03 -8.111510738793389907e-03
3.893127273317655707e-02 3.531251670900457246e-02
-1.658779615292027554e-02 -1.490441963298904347e-02
2.521868595677458080e-02 2.281124823433466897e-02
1.589071651136229613e-01 1.437674538124499579e-01
-1.632658071282265533e-02 -1.472618761724566426e-02
1.845123485520540341e-02 1.680636048629758489e-02
6.296544350051025418e-02 5.679183664592993286e-02
2.646519307905217250e-02 2.355032556114684469e-02
3.298554328036651384e-02 2.993297915694691919e-02
6.559832682321840858e-02 5.943103541030842624e-02
-2.456481350349245737e-02 -2.220568023342825784e-02
7.956001283212580863e-03 7.288632399634398240e-03
2.449200245351666055e-02 2.211041004403906454e-02
1.565050792068981705e-02 1.401713569452039086e-02
2.525822511086271011e-03 2.339471832362881396e-03
4.963169104191763048e-01 4.465769917509288534e-01
1.347660669030339119e-02 1.216380684558030466e-02
4.183324870834029263e-02 3.791600287511125850e-02
2.575032137065813229e-02 2.332021649191235585e-02
1.398937802684726943e-02 1.277126446182155761e-02
1.093007498370955795e-02 9.878553582879950890e-03
3.546455684458695023e-03 3.186920644431458487e-03
5.190084733156213881e-03 4.899517365631531063e-03
1.254211952993263858e-02 1.129000665271017237e-02
2.402613165192431580e-02 2.187635933504507649e-02
9.617917906194480698e-03 8.773361413916724166e-03
1.210828989185203236e-01 1.085929603897152901e-01
3.674337074889590382e-01 3.307880598533338712e-01
-2.248407549738353634e-02 -2.026307838946262221e-02
4.224928616540039872e-02 3.822501833935025572e-02
2.424155356270686346e-01 2.176018529252541078e-01
2.011636475059727300e-02 1.823131917826563766e-02
-2.607356726871784894e-02 -2.363712013800897335e-02
-4.091738293404361716e-03 -3.795872772618495705e-03
-1.080473185410758298e-02 -9.750259219870464553e-03
1.985238696665137526e-01 1.787653889168500099e-01
1.012185897661880551e-01 9.114582170081821089e-02
5.965257041002823835e-01 5.364944863056841928e-01
1.131983083070031704e-02 1.022837830506562358e-02
7.901393992149065293e-02 7.161775395706335146e-02
-5.849519617088176637e-03 -5.199554341658071954e-03
1.449633381443130031e-02 1.312945445672561093e-02
2.774785708730064804e-01 2.496054264215110952e-01
