-6.801962736626329109e-01
-9.151773887465524115e-01
-2.429121587437545471e-01
-4.501141026908122011e-01
6.917524330272264432e-01
6.166804584264541367e-01
5.311745114899398823e-01
-1.097920483101644473e+00
-1.520077506272816237e+00
7.754592657929800792e-01
3.867979394513596514e-01
1.748311465357287986e+00
-7.871372665868129337e-01
-1.287762198771768452e+00
-5.800762098155114455e-01
-7.108182073951940794e-01
-1.012278616116325969e+00
-2.782500816375172992e-01
9.407651592371701899e-01
8.931100324705765203e-02
-1.211546707439641546e+00
6.235689714499651481e-01
4.183459471142391695e-01
-2.665727784797104483e-01
9.521168954777121940e-02
-1.388653944813139196e+00
2.387453193740334267e+00
5.088971463378073601e-01
-2.843883108376275004e-01
1.640751555958064600e-01
9.077197260516655097e-01
2.854240449105869756e-02
-2.316479963966169564e-01
2.683604305221689579e-01
5.792207014214565408e-01
-1.242989731151858068e+00
-3.896732737883840114e-01
1.689448751719799802e+00
