-6.419346549749327391e-01
-8.238254454878480848e-01
-2.339291772838391625e-01
-4.227096429207716222e-01
6.780018923904380657e-01
5.894565960714984731e-01
5.274846414662146543e-01
-1.039750211753451836e+00
-1.491507909725263481e+00
7.397776571512453270e-01
3.559179665218242250e-01
1.693692381763948429e+00
-7.151121994245700497e-01
-1.195738139585871940e+00
-5.283671419598445773e-01
-6.591454726892579385e-01
-9.571098907889568075e-01
-2.312430949464173158e-01
8.162235868946994266e-01
7.483486821167509295e-02
-1.179058210800783435e+00
5.807451061443509310e-01
3.823384873887950008e-01
-2.535548239606119636e-01
8.504610720482443098e-02
-1.316974714864344698e+00
2.208425040110509663e+00
4.505634640578369265e-01
-2.558321334420582960e-01
1.571943390571652610e-01
8.278295888824107607e-01
2.222904664892899618e-02
-2.181727054941455246e-01
2.349046121151649735e-01
5.231147217250255999e-01
-1.237460572632376410e+00
-3.583309769621376151e-01
1.496767964541326101e+00
