1.456226113036333647e+00
2.332881007965916798e+00
-1.215359997718567620e+00
1.596834316028388656e+00
1.246009769997561412e+00
2.292697342377254255e-01
1.398993483415863714e+00
1.849849220793772897e+00
3.769547249477708029e+00
1.933241996193998946e-01
3.277271047595859077e+00
4.584791453145724560e+00
-5.413398806556363185e-02
7.946141899929073382e-01
6.244696798806941285e-01
3.205434686968783864e-01
-1.351369203129902496e+00
3.300165302273736501e+00
2.139993580847478594e+00
4.975952931338159524e-01
-2.387396528230218085e+00
6.257337735026046177e-01
2.324442477121111406e+00
2.821795471521227672e+00
1.023379987999423424e+00
1.636262415015965255e+00
2.452482969854569816e+00
1.490443480545065258e+00
1.510109797535792664e+00
1.404124145705417881e+00
5.032897081665406169e-01
-1.519055437335779801e-01
1.291842600825306997e+00
-7.080791419664346220e-01
3.753132145062759051e+00
2.131374580732042112e+00
1.946101248938665762e+00
1.597491488178099495e+00
1.851698759904124358e+00
1.869366187560490999e+00
1.216188296733147212e+00
1.716807451552397223e+00
1.008753971726651155e+00
9.425027531648556556e-01
4.497772856238707817e+00
2.418584955813203763e+00
7.525206527956582736e-01
2.243480326746650100e+00
1.510106546111771975e+00
2.009205545484813893e+00
2.184102605487402204e+00
-1.487861145153630271e-01
2.289926005302239442e+00
3.372845656218070309e-01
2.318764660920243248e+00
2.697316667665944911e-01
3.325952167969812856e-01
-7.022397669263399367e-01
6.987514813673033620e-01
2.881471178251521437e+00
7.547824021894613544e-01
4.546160643526294898e+00
1.979349746422382372e+00
1.140534654573827911e-01
