4.932455097624146578e-01 9.009308348173986625e-01 1.149380730255867844e+00
7.196561249531420457e-03 6.038615742921206175e-01 1.694939065919603138e-01
2.273125731245192682e+00 1.573656073131151079e+00 1.494848911277891101e+00
2.121997364895948479e+00 1.104957183899113633e-02 3.880323443951738116e-01
5.452554932682224242e-01 1.381432343687244435e+00 1.784443946550048121e+00
8.005814802891904058e-01 3.222405041012513793e-01 2.723173519258778708e+00
1.257551070983573993e+00 1.519087107292241390e+00 7.207267363517855414e-03
1.802681184414386961e-01 1.392194063476095423e-01 7.631836602464481430e-03
3.277363355759926010e-03 8.638530896356195754e-01 5.886870223218568406e-03
6.555696122824744912e-03 1.560475683875545139e-02 5.268100169083475004e-01
1.458367361311837751e+00 2.200087096661289099e+00 1.987788667934753672e-01
1.252259142665449909e+00 1.873161660936251138e+00 2.079560863201190379e+00
2.168529989590566379e-02 1.457833481059262783e-02 7.120683409802063268e-01
2.568176057820576452e-01 3.606393967432133252e-01 1.922477345126964332e+00
1.431352441591650537e+00 2.278897874182080896e-01 5.458550255520755456e-01
3.410347078557485756e-01 2.057817813447988531e+00 1.108588140039742154e+00
2.064806433924140538e+00 1.913634209768469763e+00 4.202393567973019550e-01
1.501416231503151510e-01 3.363139487063233728e-03 1.226080298656536005e+00
2.724209379149281629e-01 9.451647684943871308e-01 1.402778168132418068e+00
1.826801343708016390e+00 6.725577449261510576e-01 6.957793912633284394e-01
1.324645691962538230e+00 6.678510399116422969e-01 1.458328693969140444e+00
4.768820500989860711e-03 6.133412519065437746e-02 1.358123166436139284e+00
1.010644559769851014e+00 1.292996975832406692e+00 7.434226893488240506e-01
4.804984988115966471e-02 2.954645398625448394e-01 2.201648717780801512e+00
1.427359169815598738e+00 1.506291063229477256e+00 1.246498429626377691e+00
6.146306784691091263e-01 1.317773831511956373e-01 9.644964379119084011e-03
2.028583254661824598e-01 8.155255517252283370e-01 9.735538902709984788e-01
3.528887242496339116e-01 8.357210832721622892e-03 1.736017461669218664e-01
6.768118886008581657e-03 3.070652662355179974e-01 2.495000711729657150e-02
8.741484098324676655e-01 1.502013468767420673e-02 1.344164025955155717e+00
7.444022677814875200e-03 7.118356591166939973e-01 1.148513744967481764e-02
7.572412308149825133e-01 3.074385589609264779e-01 4.209758993886084655e-01
2.881507423767594389e+00 1.384076335199665650e-02 2.227136690226295013e+00
7.395693269440308804e-01 1.325515482435415393e+00 1.241193881898972617e-01
1.081333879513798557e+00 2.079586422374367860e+00 2.061934409407126800e+00
5.757227879100025592e-02 8.122306601061227704e-01 3.949134412148729845e-01
7.710054118321230110e-01 9.948657763647272834e-01 5.562426366700520299e-03
1.192622029936200256e+00 2.958924808008914997e+00 2.117072285101909146e-02
2.260079035812117554e-01 2.878275583324316905e-02 2.598364278004404171e-01
3.349824052195141677e-01 1.259788021086808152e-01 1.326965722467115805e-01
2.075878477220106433e+00 1.212957398972362766e+00 4.897818885528438804e-01
1.552795978513134445e+00 8.885590620214161017e-01 4.592253266371856268e-01
1.001450117167769660e+00 1.610441179963268132e-01 1.457395366243299240e+00
7.292918632318495104e-03 1.334960583394962166e-02 6.920658567130131278e-01
3.966206822692209810e-01 1.177861683962371453e+00 1.732578961638062909e+00
1.245368765756285911e-01 1.822133093431028139e-01 1.682079760886203146e-01
8.704024825655514164e-01 2.755788340014760363e-01 1.329767074918645209e+00
1.210160513643299351e+00 6.399742363941207657e-02 1.153092028493065246e+00
1.577568739608991022e+00 6.123671943179368471e-01 1.721507172195031909e+00
1.725460962793240374e-03 9.966886200899245374e-01 1.365530457579654300e+00
2.979181829793152492e+00 4.404152060592245732e-01 1.072539006976055642e+00
1.252519151094387384e+00 2.981376581963397498e+00 1.684344658497006320e+00
5.776989763748475726e-01 7.318212879065627736e-03 7.272883114957196492e-03
1.429941624848434234e-01 3.956496996581612691e-01 5.702586727892688945e-01
1.322212148346912031e+00 4.749234197993090212e-01 1.356921845926629677e+00
1.308982441665434981e-02 1.166165694497111986e-02 4.362617981433353914e-03
1.275102385565594965e+00 1.367854385707157304e-02 8.353828997996161354e-02
1.923353717797273932e+00 9.567161774010051190e-01 2.339569114184820997e-01
5.105216467530512281e-01 2.549818336335643032e+00 8.595389977604140155e-03
1.067760668810772279e-01 6.655986017062690552e-01 1.015299417937973958e+00
7.542943096471231047e-03 9.335912643308071079e-02 1.314572002479410306e+00
5.244741456341847630e-02 2.311993311702365342e-03 2.744915880010629916e-01
3.833068437628348146e+00 3.705185890051579944e-01 9.021670932285832389e-01
4.456495158332625384e-02 1.030378665209087607e+00 1.045605679970320750e-01
2.253428774104137666e+00 1.094070887268575376e+00 2.128690551770732409e+00
1.777966985388481636e-01 1.628165069678851329e-01 1.146868493853033799e+00
4.985052736424273045e-01 8.962274565982263075e-02 1.376199649966598493e+00
5.568642060679620531e-01 3.361398863653421998e+00 2.315004757128042226e-02
2.942180575838056478e-01 1.989342057804888819e+00 1.215757250673638913e-02
1.512739274785184218e-01 1.534007165643268625e-02 1.494415797764362397e-01
1.098107964166826545e+00 1.264752008190634269e+00 1.744031500500061727e+00
2.519243127852244203e-04 1.077393929660892091e+00 1.182039970243291771e+00
5.102727582544510643e-01 2.408547737641574102e-04 6.680593372393683893e-01
1.335574042510636161e+00 1.045739940232035980e+00 1.323275281040122042e+00
9.349747637662547683e-01 1.076336041601098081e+00 1.028395064851113094e-01
1.720110924576452760e+00 2.268272906513520315e+00 4.301397557359482038e-01
4.954316029883424899e-01 6.579939165803497803e-01 1.876548399208574747e+00
1.690796936364629799e+00 7.279553027613578330e-03 1.567054010982858792e+00
1.776948284607545947e+00 4.852595260339181982e-01 1.088541665503243161e+00
2.150505955986041218e-01 2.601142106245691449e-02 1.965954533351641637e-02
