2.867370988705302340e-02 1.203976616150579826e+00 1.787165618360051944e+00
1.121208944182410308e-02 1.415353867574507429e+00 6.133687235353374456e-01
1.733964711991059948e+00 9.791625904516190193e-01 7.273163578941451712e-01
2.013269472894333667e+00 5.723384825848331081e-01 3.241735115306858539e-01
9.414129708962856169e-01 9.795269537955423322e-01 1.969691836146775454e+00
4.891201207339200274e-01 7.451001364029690155e-01 2.258422652422666044e+00
1.335057473314052334e+00 1.323236532650407637e+00 1.307413520147851158e-02
3.806095772248053316e-02 4.338685107671831354e-01 5.729785283783337402e-01
3.820875228967735016e-03 1.151061044179944037e+00 1.538271616050293500e-02
1.102084887666085998e-02 2.012627341386053967e-02 7.846107272158373558e-01
9.913107516401347130e-01 2.688437884203428219e+00 7.407612933593679116e-01
1.872537921521070237e+00 1.366492827121039255e+00 1.451420077430839672e+00
1.549049322438995069e-01 2.027884363066549331e-02 2.305345682738924873e-01
1.241482176943935922e+00 3.312852942422187530e-01 1.815482992394753303e+00
1.057227096091071905e+00 9.491950224393104207e-01 5.039786547442030029e-01
2.522621656317589403e-02 2.267141423240466747e+00 2.453796837185898916e+00
2.206849862294056663e+00 1.289688707133338275e+00 9.297845536543931644e-01
9.200015498979918771e-02 3.239958920074641723e-03 1.952560005746215133e+00
9.705428308609347354e-01 1.538840276982067934e+00 8.810578698404901710e-01
7.186868405799615722e-01 9.353711975422163150e-01 1.736485296957300140e+00
9.408558463202448818e-01 1.650697068132929379e+00 2.327329933570324361e+00
1.541738123771842738e-02 6.469295202844832851e-03 1.243684026920487184e+00
1.844035214430731207e-01 1.747867866956819061e+00 1.451923993041093430e+00
8.294415699562314170e-01 4.466415723084204425e-01 9.303545346909267710e-01
2.050040598736674102e+00 9.236957686260289790e-01 1.321366527769985089e+00
4.392470563377305348e-01 7.389780475819834882e-01 1.463552058123867260e-02
2.624409665035560280e-01 7.689481517015589462e-01 1.996005986977308799e+00
5.660898210722427049e-01 1.771717624167710170e-01 1.184990202816293081e+00
5.408228676918856032e-02 7.836743619992670995e-01 1.368663719671709376e-02
4.484489061252774356e-01 4.921963944513753075e-01 1.711638557107572511e+00
1.115163119858098538e-02 1.644154094350975592e+00 1.531158245015626362e-02
1.009486906682877549e+00 1.236385700027128019e-02 2.943456770338249706e-01
1.935635866429563423e+00 1.696257299952673783e-02 2.441112215456970880e+00
1.321044602223795161e+00 1.060209598460668756e+00 1.158513630927230850e-02
1.051757347989279223e+00 1.874078805967624550e+00 1.729156013785286605e+00
8.244002380846530142e-01 2.611182333702662950e-01 7.231574293478763016e-01
6.032812335237012213e-01 5.669177513093859311e-01 1.368044375300978832e-01
4.862911010751134744e-01 2.871416064588399930e+00 6.969754008221918928e-01
4.651038602429567459e-01 5.931045112391823970e-01 9.196047759606619243e-01
6.237204931311158829e-01 1.488501043988880168e-01 6.593129613061623484e-01
1.235481714072808268e+00 1.191000291868965499e+00 9.694526459202920110e-01
9.628975704567760419e-01 1.001968445719894518e+00 1.723366733439370690e-01
1.238107366729064518e+00 1.715384130309430266e-01 1.528153527813540302e+00
6.821607696700554557e-01 1.412284964723590705e-02 2.122277795189031480e-01
9.861470420604644405e-01 8.357631656818513832e-01 1.648736919178963367e+00
3.428167131183582853e-03 3.474611298589990183e-01 6.037761458442409968e-01
1.223184504699610153e+00 4.201361688761362512e-01 1.053293386204657400e+00
1.795403376467330503e+00 4.162355977496667164e-02 8.750541339350694781e-01
1.956754857250569302e+00 4.349618206582555602e-01 1.536219350080106016e+00
7.040550814827253312e-01 1.158040721702392473e+00 1.836989213900036999e+00
2.475890974989774840e+00 7.861683055436018142e-02 1.223929619822728299e+00
7.337859492426430652e-01 2.615234810442125468e+00 1.122617294490191764e+00
9.651460965436627903e-01 9.219135547562673852e-03 7.049304675982480395e-02
1.095061774404641142e+00 1.576339849877041524e-02 5.835096068336057540e-01
1.209748150076169981e+00 1.074482156123875765e+00 1.130278122199796176e+00
3.990267681225274574e-03 1.311118128349874484e-02 1.010143965856647244e-02
1.662134075311529680e+00 1.749763050137690193e-02 9.921115321733996531e-03
1.736615080423564050e+00 1.134645539678008630e+00 6.414201218024386808e-01
4.091149692784865066e-01 2.495879574028940340e+00 1.058122973832843761e-02
6.636798191564264870e-01 1.226607753671011602e+00 9.034050363110768256e-01
2.160378106841772117e-01 5.994700883422655613e-01 3.009772459862715688e-01
2.680753365290514667e-01 2.075467385615716587e-01 7.491656134630283459e-01
3.500413927492613375e+00 1.173912225784929708e+00 5.179743352884964569e-01
6.085901853764975611e-01 1.258807340808966391e+00 5.584917207447162024e-01
1.935364579526068107e+00 1.283165731739715154e+00 1.293145888864337234e+00
6.699682887719566882e-01 9.094702406877306355e-01 7.884661779068179444e-01
4.186371444799331654e-01 2.716686053872970352e-01 1.614112673287777078e+00
2.539943509523849285e-01 2.982184930148330970e+00 6.010085880758182508e-01
6.716402156409712054e-01 1.791589822799193543e+00 1.821896212377829838e-01
9.484440021082752859e-01 1.970425376249003088e-02 1.176623905211387350e-01
1.838224350206898894e+00 1.878429373610123465e-01 1.473835475058865585e+00
6.786277655648031981e-02 1.215215802464892692e+00 1.352059074736332134e+00
1.380679418968197014e+00 8.442964480032668848e-03 1.874273517321061178e-01
1.799981855415172083e+00 9.678196623679509170e-01 6.529578410631322605e-01
1.906795885991436679e+00 9.347093423129350098e-01 7.088572794459450065e-03
2.425030758364659533e+00 1.943253318835537868e+00 2.417033544175812010e-01
1.067330089366164358e+00 6.007671928106468329e-01 2.066098786347006833e+00
2.322511740406653757e+00 8.462357437102752122e-01 1.803678907333743087e-02
1.971259143617549281e+00 4.778550460092362839e-01 1.089964450007032681e+00
1.728005291052149561e-01 7.015950688803958002e-01 1.780794006976556543e-01
