-3.594159379958825062e-01
-6.208762484694249073e-01
-7.885659199950594000e-02
-5.740962623683999455e-01
7.671682630787006740e-01
6.791384080626291508e-01
8.816048051251118567e-01
-1.132498685989559162e+00
-1.586697466088098585e+00
8.579835701046704122e-01
4.037075892855981896e-01
1.643938941235307150e+00
-5.746216065128326722e-01
-1.178920639795789427e+00
-5.341580329514619141e-01
-4.182321968741697926e-01
-9.973666930184916790e-01
-2.997168235089434640e-01
6.747200718331864966e-01
3.397954663179548335e-02
-1.132557778903681589e+00
6.248483179836501478e-01
3.773017609067364497e-01
-3.285913107984717585e-01
1.404772812222505329e-01
-1.417404344337843902e+00
2.218509837561859044e+00
2.864325538765755685e-01
-2.214577645383192517e-01
5.053342778537017743e-02
7.875055014380655249e-01
1.960500071150215740e-01
-3.581612220792877999e-01
2.390218558396868254e-01
7.181945112140477594e-01
-1.323347851201288838e+00
-2.448098192696769870e-01
1.485176989228164768e+00
-5.154797112191222830e-01
6.903151518809821363e-01
1.635629672377571842e+00
1.867536280910853774e+00
1.282796966101787062e+00
-2.620259770006832037e-02
2.344495348101297283e-01
-6.140474616730718926e-01
-1.155785635739077444e+00
-9.808822515634321171e-01
-4.138668302748819694e-01
1.125291558620586524e-01
6.234848973728863708e-01
-4.497289858386289280e-02
-2.826583778310906014e-01
-4.618540570010165602e-01
-1.847525087047809933e+00
1.693330655950763264e-01
-2.953835120344767140e-01
-1.820666651588144502e-02
1.688187332031417520e-01
-5.172079822791675330e-01
-2.616527389526869807e-01
9.972762150958727201e-01
1.454259246904526792e-01
9.852191727665933207e-01
1.018921949490398049e+00
-6.284947844025822183e-01
5.663618274740622738e-01
-2.427935495881992090e-01
-8.274358254034661631e-01
-9.788439582142640649e-01
3.481707882367339191e-01
3.054111544473065987e-01
-1.289027823698982944e+00
9.167562095929737698e-01
-8.618826311090503622e-02
-5.362426681529253170e-01
-3.244263303983510593e-01
-3.555141273297421356e-02
3.974264061836264017e-01
4.117449372652693396e-01
