-3.156724915995857694e-01
-8.500319726480071170e-02
9.219917308615377394e-01
-3.650357110031183377e-02
8.863752507928355229e-01
-8.881791829381714409e-01
9.382339299390386744e-02
4.510144286018513693e-01
7.299299792181203062e-01
5.318831202469012087e-01
2.040378510879556906e-01
1.268126908738185454e+00
1.571082891036970297e+00
-4.584971525177904406e-01
3.690368368649732944e-01
5.755846279200975413e-02
9.869876224270671128e-02
2.985876024315745059e-02
-4.917893043552090671e-01
6.247650216709297322e-01
1.491037330856809229e+00
-1.799902258071378880e-01
-2.969741959787782770e-01
-2.127558239603826173e-01
2.087241448165802205e-01
5.386359912120213846e-03
-1.806079227027842959e+00
-8.276367276231919590e-01
3.536055079544022650e-01
-1.650269453091361527e+00
-1.134210277249785292e+00
1.073380518070650602e+00
7.774160839160271230e-03
1.729542651833677891e-01
1.090936305453735766e+00
-6.823389904607268797e-01
7.369217059213062360e-02
-8.884474076499544737e-02
1.394072823694593177e+00
-3.184989790640266327e-01
-9.311409603803116886e-01
1.194164196530500099e+00
-2.048866480789088285e-01
-6.687371072506531622e-01
-4.419973677335617412e-01
6.335978530333527536e-02
-1.305414910532460393e+00
-3.709419323305054861e-01
-6.982786476257510921e-01
-9.312042554630289848e-01
8.793054202506786488e-02
-2.732337417864280638e-01
7.111782485696738210e-01
4.302762517879349935e-01
1.192713310107127889e+00
4.941997914339760212e-01
3.627948869818822253e-01
-1.062823239184635060e+00
5.882413164929243266e-01
8.743616545202422818e-01
-4.142724453748640179e-01
3.333435408339910921e-01
-1.989432118408237804e-01
7.860719048140921705e-01
-1.192995627396954195e+00
-1.467965744971604369e+00
1.272112284880727806e+00
7.588595050459120972e-02
-4.684957802377630598e-01
4.361584382235537127e-01
5.452677999002916165e-01
1.054236336132664986e+00
-6.605572742676149578e-02
-3.794396974263213318e-01
7.179320262559264754e-02
7.651330890950917840e-02
-1.728647381864450994e+00
1.651490969391480323e-01
3.630790627193204029e-02
4.710933101025724934e-01
4.430810268960432285e-01
