3.350782447081829929e+00 1.402282675381099741e+00 1.529801284350545076e+00 1.140611658163918213e-02 2.426416671017668669e+00 2.396455239353626698e+00 4.048752082643124695e+00 2.045350911701731000e+00 1.567220988393489001e-02 5.296233950928616249e-03
1.876466407304169026e+00 8.062456111063793784e+00 6.581613816393233618e-01 2.528883132613326978e+00 1.472653610884818942e+00 2.559604816285262263e+00 1.327817395624522612e-01 2.051665616283903759e+00 3.490310557765450294e+00 1.276251762697540260e+00
2.793191974909010611e+00 3.413696872716661890e+00 5.079004059493679758e-03 3.538569488241540384e+00 1.585990779258733774e+00 8.138095332204530186e-01 4.106413117790657985e+00 8.523224087105205071e-02 2.988378452678482677e+00 1.252575522143249964e-01
4.799396027160375944e+00 3.990498229620670578e+00 5.599065888677350333e-01 6.604932329623379950e+00 1.749913294280543499e-02 9.331530316334594177e-01 1.580722908665828985e+00 9.286207289965627831e-01 9.942955974762910376e-01 7.037598955222623687e-01
9.935024531923613011e-01 1.476750261519063967e+00 2.715029251101543473e+00 2.273569312830580891e-01 6.979404311310046793e-01 2.570393792957438237e-02 2.988331448401683854e+00 3.774474068745607536e+00 1.746935923045687955e-02 3.170568302200480026e+00
3.290586975217669963e+00 2.537767204997897430e+00 2.403375859852682761e-02 5.876487449472427294e-01 3.866081920029453389e+00 2.518721578681224482e+00 4.649739369375217812e+00 2.457509040187700666e+00 2.018617315975984372e+00 1.509262974596101259e+00
1.969192149129925795e+00 2.493635945961689970e-01 1.866598858853367515e+00 5.578280031837760333e+00 5.365652964645420298e+00 1.049546117224687825e+00 2.229355728386275826e-01 9.547962965200041952e-01 1.700450593418052492e+00 2.124144377255996474e+00
1.597395596210975155e+00 1.659701898357985428e+00 1.776676460367788479e+00 2.641433599782636144e+00 3.877528423718796358e+00 4.833728102523155101e+00 5.943076784716593286e-01 2.473201923637972754e+00 1.723236701184964303e+00 2.994600585051277797e+00
2.404026490906779667e+00 1.095865719451503573e+00 1.151989209995838648e+00 2.377301115790994679e+00 1.990466957965942307e-01 4.495979599214269484e+00 2.523763837632660323e+00 4.508111027344971156e+00 2.142369012430472619e+00 1.931605738057731170e+00
3.278236393705989737e+00 9.261165211356770649e-03 1.799938026458086204e+00 1.128060212334630164e+00 4.124347932123756215e-03 2.084309778595101914e+00 2.120861245406733708e+00 4.044363536484125825e-03 1.288451852351195193e+00 6.539620036633634115e+00
1.752191862026460933e+00 4.175672243334169309e+00 2.300126460648437732e+00 1.256699670491761012e+00 2.323823830050884887e+00 6.590344180843001887e+00 1.096935273100948204e-02 1.520037504110746562e+00 1.638975839694085446e+00 5.216105065854776957e-01
4.974210618011517537e-01 2.086412751446702352e+00 5.923350584074532632e-01 1.880289804882824933e+00 2.587420643573664414e+00 1.549842611794590708e+00 6.239900485751791459e-01 5.062844068320854873e+00 3.069495898154891211e+00 3.549811283129784556e+00
3.047226974805467670e+00 6.940862023501444614e-03 2.074868499381114506e-01 4.745841381590265584e+00 4.727370546324717870e-01 6.078119023611076699e+00 1.281670330062461595e-02 6.011749136966015428e+00 1.784593476064370854e-02 1.104358393521793547e+00
3.956206405785557934e+00 4.558906519634764010e+00 3.496776787154366684e+00 1.616116278252536009e+00 6.924661992919488585e-01 3.408436691216131020e+00 2.592916208074545370e+00 3.604804444620436903e-03 2.558758913110960494e-03 2.091056202279182763e+00
2.664078991261811247e+00 1.106652520818131480e+00 2.942135933054801367e+00 3.690461928958241877e+00 1.053219123682890057e+00 1.642938720085596396e-02 6.949615197586647142e-01 7.378052173272383607e-01 3.818777477078200810e+00 2.741641284667843959e+00
6.917348567476400145e-01 1.768501188938470747e+00 4.877931778857494294e+00 7.680128477074812388e-01 2.066538862844159663e+00 8.707014893018116819e-01 2.226205023724412424e+00 2.781666859422627702e+00 2.182085168511431306e+00 9.089148253250914355e-02
7.744973098228187247e-01 -0.000000000000000000e+00 3.904751148481288237e+00 1.788549514405764151e+00 2.295637256186537467e+00 4.742467100706485361e+00 1.631515921597698204e+00 1.477355954960349587e-03 3.835904760865240348e+00 1.161654622935896386e+00
1.220245341661969352e-01 6.490828403381577516e+00 3.757039872046964990e-01 6.497187867869634870e-01 2.568714562295271869e-02 2.127503733589656942e+00 8.837707586615741739e-01 1.813062113290885291e+00 6.654107642433142011e+00 4.022884088699278493e+00
2.383309570389078313e+00 3.310769312122769037e+00 1.470768550418028120e+00 1.473541088345456052e+00 3.214793900568826857e+00 1.994711674134155066e+00 2.937475532535904321e+00 3.010015053710567212e+00 8.794769206435086861e-01 1.088286675312366336e+00
1.087838428140149374e-02 7.371608409362990777e-01 3.060832244622701204e+00 1.670746853767350437e+00 3.437622053460141380e+00 2.300132491813392743e+00 2.009034004195862089e+00 3.354370604957552793e+00 1.951051136289942090e+00 3.275885102929998460e+00
3.427164350030326823e+00 -0.000000000000000000e+00 1.839313720638568184e-01 3.497728422969824003e+00 3.699175075190666573e-01 5.301576748526908300e-01 2.337566025752755294e+00 3.212397300881609574e+00 4.541697116016658181e-02 3.767765951473260877e+00
1.472770754808710780e+00 3.036993445844662798e+00 -0.000000000000000000e+00 1.213967409357560173e-02 3.492662858622775368e-01 5.346647723603499713e+00 1.907718704652391573e+00 3.331629222878874863e+00 4.339589205001572303e+00 4.209180261288479663e+00
1.399439854795902161e+00 2.606743489854609130e+00 4.500335090247783998e-01 4.362656028197527291e+00 3.331885011639141858e+00 4.037178036847172358e+00 2.278859317675183238e+00 3.375698461332023115e+00 7.143821456173949924e-01 1.618288842697077623e+00
1.267535166287329096e+00 4.588398667193836822e+00 1.080151670138746953e-02 1.454338766886056900e-01 3.635578494684079232e+00 5.460499392529066576e+00 2.729010470058456317e+00 3.741625839986671975e-01 1.828489850271902695e+00 5.008152950522908320e+00
2.555115385945654793e+00 2.923218176502270449e+00 6.529760618101294010e-03 1.202504631555880055e+00 3.229367147273807248e+00 1.176197044949103820e-01 2.120879321626703007e+00 2.199469107274318880e+00 5.354226088161685659e+00 8.917588721215100392e-03
6.922473427824743508e-02 2.841761804726740337e+00 1.943405263717922882e+00 2.991200952853540596e+00 3.078545919878432624e+00 2.218831667802876773e+00 3.127313615010081538e+00 3.777939103646486885e+00 3.048065153825659651e-02 6.660678254242088370e-01
4.853385278088074628e+00 5.305400117161014444e-03 4.137906154481264115e-02 1.045101635081219227e+00 1.135476913941248570e-02 3.269442167301879754e-01 5.137839153340374665e+00 2.403839431090939657e-02 6.800230108954277153e-01 4.350245617909607176e+00
1.700311936070519891e-02 2.637668464779657551e+00 1.920521345572859584e+00 8.651527719840724773e-01 1.454434522835222010e+00 1.388742219404138112e+00 1.822925653113695699e+00 4.229881235989881638e+00 2.105267800866077010e+00 3.103816815634693693e+00
1.394481527326629111e+00 2.225345987536915260e+00 3.150127449561719750e+00 4.917654802733414932e-03 2.342494133286970204e+00 1.454970610369669348e+00 6.480019515068818903e-01 4.240288214757447882e+00 2.751154222393409565e+00 2.234457830577671767e-03
5.097944969878311916e+00 2.075587359199237980e-02 1.908826992004866385e+00 2.920892054313494746e-01 4.231739903644052801e-03 2.715659685525011469e+00 3.640323043166960870e-01 2.854993207405936428e-01 5.616893279944473960e+00 2.205375355483226493e-03
4.634628254219617105e+00 5.932965940547491566e-03 1.526980463299541402e+00 3.695179092237591955e-03 2.773314617666680082e+00 2.277176060166587537e-03 2.841121108193035649e+00 1.037162162844087326e-02 3.519671536025040792e-01 3.205019933927915954e+00
3.036099359816561538e+00 2.879290250380265981e+00 3.165220269682825549e+00 8.452928999448706265e-03 2.135621073460067798e+00 8.085843744955646542e-04 2.887434641591791085e+00 3.210384074550234890e-02 7.234168442005482584e-03 2.692634430455250083e+00
3.141800801385680741e-01 4.196309295723708921e+00 9.817238875414310752e-04 9.947075715349798161e-03 2.685346840895844966e+00 4.165918760583322999e+00 2.570934626982640303e+00 3.256296649584535796e+00 3.804316475298006317e+00 1.528750274424526490e+00
1.498675862840773032e+00 2.218339369599886882e-02 7.400831549517448149e-01 5.434718622737650051e+00 5.071871001282721281e+00 9.684675559376045850e-01 6.220777014333052080e-01 1.030057557506156574e+00 3.328304599845218981e+00 2.984676250073644788e+00
1.969938751522255227e-01 7.141852949721148036e-01 2.111921322198439643e+00 3.520957137608032195e+00 5.282310083490418862e+00 2.837508470276836281e+00 8.300518192940135043e-01 3.624069615386311949e-02 9.357362312197782250e-01 3.684342857716587094e+00
9.454904750400866531e-02 2.545606158641000247e-02 8.057317585359065060e-01 2.780136345223668926e+00 9.674574243217208980e-04 2.292236913995550740e+00 3.750944108196296423e+00 4.854236128885484725e+00 1.818886011587901974e+00 2.539420980555860598e-03
3.247740456764632633e+00 6.664470099863580854e-01 1.133443367236739927e-02 2.279953062218600390e+00 2.919312360826750830e+00 4.195299652281707203e+00 1.636686534937577431e+00 3.549735066153522300e+00 2.292115621016920998e-02 3.100988010612042434e+00
1.081639027118085794e+00 1.135398650518103514e+00 2.452460875716430344e+00 4.231912473340063707e-01 1.957874671138749134e+00 9.844439965365849865e-01 9.422300932366776127e-01 5.981964400893042821e+00 3.439627039654744145e+00 4.075994550918147219e-01
6.041528206925970146e-01 1.672172505148207700e+00 2.052433972678277652e+00 3.928564352543680638e+00 4.904258332019978961e-01 1.772571941777340010e-02 1.620545272932416792e+00 3.566202440036146726e+00 3.307538465125146043e+00 7.355826806105314475e-01
1.370360034930921511e+00 7.960157223678079874e-02 5.128719863578273142e+00 4.968683792100036523e-01 2.556851514376500045e+00 1.640961716098293000e+00 1.776473048476028049e+00 6.801927252632574694e-01 5.578357372191820041e-01 2.106079026502027940e+00
7.910111328941272779e-01 4.685552164769268835e+00 4.428496374653233758e+00 4.454910780929113301e-01 4.181720125950203482e+00 1.821453188742308438e+00 1.122642545192522601e+00 1.506212622112691225e-02 9.998520164085495932e-01 8.999227563889560244e-01
3.464240639017864165e+00 3.070546526427282874e+00 2.092564582589356181e+00 5.327833357394584191e+00 8.412396726080774434e-02 4.096035901422557579e+00 4.110687323042291341e-01 2.567580961509501047e-02 2.032492750339769838e+00 5.209268735516587867e-01
7.219259480118657077e-03 9.643996938533577409e-03 4.907597059663292072e+00 1.785003502975926137e+00 6.697538825836838426e-03 4.586647303065402755e-03 3.144438374270450698e+00 2.491941423263651423e+00 1.323022941681799125e+00 4.045746522459476961e-03
2.623615768053561351e-02 9.311226756976210828e-01 4.487448549288017396e+00 8.480485353410225358e-01 2.511427410549308403e-01 2.549682899333127306e+00 2.112170966046518217e+00 3.296243702753274274e+00 1.908516578120788454e+00 9.582163257828746339e-01
4.843421675659533854e+00 1.328604877962018781e-02 7.110117424023628674e-01 9.544973336787854548e-03 4.267765638874130296e+00 4.012111107680274048e-03 1.078417348341805838e-02 3.179315435006274004e+00 5.047142802757913493e+00 6.635767641610125223e-01
4.901790197558772988e+00 4.965970494946567726e+00 4.695254673477934904e-01 2.112850652989202604e+00 2.923580010305961263e+00 1.563925339153832583e+00 1.694049942111142126e-02 3.134867550893266852e+00 1.589383366796631031e-02 2.230511063340601119e+00
2.549035200238580767e+00 4.598670538043451828e+00 3.381041999427631506e+00 3.076239155238873479e+00 4.251446239233909463e-03 4.195124284418715987e+00 1.036764707613811343e+00 2.956478035451830522e+00 5.084140481979578796e-01 1.955489390533445393e+00
1.098223078340554264e-02 6.696640497593320251e-01 1.800407022986536099e+00 2.025287640222408481e+00 2.358030307013740057e+00 1.611114075875220930e+00 4.250027861758174375e+00 2.869930316318900942e+00 1.318926414657497048e+00 1.249943029337684974e+00
1.806257319953983087e+00 2.455729787425811494e+00 6.038072968094249093e-01 3.441023789401893129e+00 5.155093242505605744e+00 2.425083686607460098e+00 8.074895829935904157e-01 1.207797363566325721e+00 3.557187609704518666e-02 5.110719914139464137e+00
4.975326579983912340e-02 1.604093435832032233e+00 3.185679443214748829e+00 1.887381824366690664e+00 2.878334089541708884e+00 3.038118286648198385e+00 2.277790899160328841e+00 3.346211534401903887e+00 2.233692288327021602e-01 2.703879804580976209e+00
2.793463039345938537e+00 4.634548351508444242e+00 1.298342511902483176e+00 4.972320239597450175e+00 1.096143728102272563e+00 1.317337363296236408e+00 1.561443319042718381e+00 2.353843698550700303e+00 1.085749127841696193e+00 2.290361297873745094e+00
1.755746271386989354e+00 2.536743527863646541e+00 1.545682256862813242e+00 3.425919559556953153e+00 4.830859067156289655e+00 9.255321734479345919e-01 7.890101259657991140e-01 2.946003659184004864e+00 3.842634902403967156e-02 3.701728561899993331e+00
3.132297793166727295e+00 2.427385639362323655e+00 2.248156973719721119e+00 1.981751726152680249e+00 1.750083772716088393e-01 1.202968447798817841e+00 2.463228371948870787e+00 4.629985966685781662e+00 2.272421308488997357e-02 5.525579640257655134e-01
5.246796093124689975e+00 5.763866318950181977e+00 2.209238839000064569e+00 3.879575762433004726e+00 1.279265135777547975e-02 1.308667320636016429e+00 9.877014959194433882e-03 2.165231035536864468e+00 6.592097696251654204e-01 1.297816435588070895e-02
5.054981658278843992e-02 7.347913930326608778e+00 7.253068524838348630e-01 6.564512757265222875e-02 9.433534476076119724e-01 2.906545867235623248e+00 1.916345274370974794e+00 3.920831507175599473e+00 3.814795175156807883e+00 2.508866487301477655e+00
1.551717617106110336e-01 2.091373399566462510e+00 3.513349869709330719e-01 3.089438062482931624e+00 3.663986335562686492e+00 1.708197422491463113e+00 2.340631799113932043e+00 4.897835244121330867e+00 2.803627587498114249e+00 1.605895277492748852e+00
3.227737097924325560e-02 1.535766196553287388e+00 4.292172959021499423e+00 9.211331863088129124e-01 1.666784467708997408e-01 1.380940906832402337e+00 3.034297023567828488e-01 3.415539027160658048e+00 3.215336641827366115e+00 1.832002843565315064e+00
2.624657695151403569e+00 2.708277615341388778e+00 1.352828846185047396e-02 3.512605827854572649e+00 4.077789147832495686e+00 2.678637730491167934e-01 3.685914805227746283e-01 2.663187968288423857e+00 3.129393284376021711e+00 4.391024756040879495e+00
1.548192445660550032e+00 3.394779938256339058e+00 1.257745692508205337e+00 3.465994531006514386e-03 4.157117296619871061e-01 3.075199167204343501e-03 3.776381589941867123e+00 1.582405814708402136e+00 3.537824287993364347e+00 6.851243423213613237e-01
1.541572141571570853e+00 1.071163670693334874e-02 7.405360161474695557e-01 2.078204394898947260e+00 1.138965816107549989e+00 4.489370117967336427e+00 5.142855141115265205e+00 7.281193602923137671e-03 4.060967324211645746e+00 9.528459622385087452e-03
1.005679429157942728e+00 2.399575316301053363e+00 1.256820254861856334e+00 6.204259140323957311e+00 3.662858450039193414e+00 1.129247092850111489e+00 1.998898285445308703e-02 1.376136935237163739e+00 7.946980680231878758e-01 4.040940687118140140e+00
1.431669637871701983e+00 2.685750037133622925e+00 4.217373165230526411e+00 1.812295868550457545e+00 3.176287449951993302e+00 1.280018917582450122e+00 1.735753724639341300e+00 1.969554307869726628e+00 6.326739427052818950e-03 9.515874354941494806e-02
4.301571519123338128e+00 6.568442765682432238e+00 2.774147597449688973e+00 2.215559204932533000e+00 2.837865670915671323e-01 1.172367588019411766e+00 2.002740575109988708e+00 8.358130509537330111e-02 5.012270772475821978e-01 1.323976948490896310e+00
1.066739799275583600e+00 1.400589403219758555e+00 1.407589766485639160e+00 1.305709926655629127e+00 4.776477955584373269e+00 3.208388222442899451e+00 5.260085382909633900e-01 1.991330167623989525e-02 4.369545445994141630e+00 3.970403501327160800e+00
4.347071457421426643e+00 4.097295233634272726e+00 1.153603281132947078e+00 4.511167495879591982e+00 3.533475048939645202e-02 1.993532520255956841e+00 2.657272132164298917e-01 7.646150438671719396e-01 3.461840091233735706e+00 3.830318417769197903e-01
3.261163431204455065e+00 3.000903037323404021e+00 2.057515672258748651e+00 3.056050077599972159e+00 4.598798022137120967e+00 4.852105350852576215e+00 7.878898419532594927e-03 1.718639957449139832e-01 3.360146624789830394e+00 6.661255933531679517e-03
1.177103017340217272e+00 1.763057672397908338e+00 1.513091220709877671e+00 5.667510849649745275e+00 3.730253862722119784e+00 1.644678237623746764e+00 8.996870081819992038e-01 2.292700731933581704e+00 5.767228677462593600e-01 1.956524746942534421e+00
8.757343720222362515e-01 2.148985773746772132e+00 1.086340041225727138e+00 2.689528144862145531e+00 6.871039644602601193e-01 3.644251365210662754e-03 3.221784171001226937e+00 2.862912874372739225e+00 2.745024107889049603e+00 3.064110740176749559e+00
2.147436204406350524e-01 3.568324200981124239e+00 1.510818957390454909e+00 3.249327414990545559e+00 2.157696569217974591e+00 3.945725871763597237e+00 4.730530361016456631e+00 9.996358717260067639e-03 1.445998123357602916e+00 1.298847051118316026e-02
3.314864989342146906e+00 2.367982515993081183e+00 2.660746280261644170e+00 4.775926941261465331e+00 2.165535849967337948e-03 3.381050962882121702e+00 2.075441954155857749e-01 4.635182982862184886e-02 1.766841505246712796e+00 2.239745636749950641e+00
5.850251291034450629e-01 2.188492068471208363e+00 1.986175903085792838e+00 3.940807233118187813e+00 3.724505927819259821e+00 1.312651841277460429e-01 1.186438712925767414e+00 1.794513051367675915e+00 3.154254924481424194e+00 1.348691526028818366e+00
8.276705027194452002e-01 6.957177250917613298e-01 5.473637829052225179e+00 9.052963088710868078e-01 1.066144107365920579e+00 1.285070710055870487e-02 5.108303073158257934e-01 1.910870936857513636e+00 1.996383456048818505e+00 1.116184080206438445e+00
6.536719922671769822e+00 1.901987756004144478e-02 1.690373774964374132e+00 2.335014223201715283e-02 3.961812470168080136e-01 5.019233205164651324e+00 1.589248696318644072e+00 1.406513241681663695e+00 5.423161644365769307e-01 3.204663868422091832e-02
3.507033472278445529e+00 1.468333788165492870e-01 1.274675753277213941e+00 2.459973338145494903e+00 3.042150871070312679e+00 2.932851028690322895e-02 1.352405426637031359e-02 3.843706789088355169e+00 3.081962750297343234e+00 3.043702640067124321e+00
-0.000000000000000000e+00 5.169230540788644745e+00 1.759020060291875520e+00 3.901462723447216785e+00 2.346628915128663451e+00 2.832109117451764746e+00 7.192531182048451655e-01 2.431300907465484773e+00 9.933466607489128686e-01 1.534582377977391721e+00
2.618563694653838425e+00 3.017152198582276235e+00 1.571752763388247626e-02 7.782216826058742098e-01 3.337723804240745884e-01 7.133842426499256817e+00 3.363783849960106043e+00 3.409278863904810386e+00 5.356549733734926599e-01 1.242536888693448194e-01
5.695997106328062193e-03 4.960889229740874207e+00 8.271708373686157412e-01 9.859503241582457944e-01 2.098102653185033528e+00 2.171485967343938839e+00 5.165429600638111740e-01 2.390695466864622976e+00 4.301572807271101695e+00 5.685909883370342754e+00
4.527670046235046541e+00 1.435234134318863042e+00 4.973475628255760173e-01 1.642114103671248992e+00 1.643778166558314435e+00 3.954824072166865712e+00 2.894108321743517731e+00 9.404154833242440725e-01 1.408144179919611494e-01 8.630326968899935114e-01
1.928612654647095193e+00 3.560856294113404097e+00 9.656354179127324411e-01 4.699294706846180780e+00 1.069027940226128903e+00 5.985846261481979624e+00 2.430598194760645647e+00 1.838810188227607112e+00 6.775375470609927044e-03 1.101824943415122160e+00
