2.782912730994796302e+00 7.840107062801887627e-01 3.766713981731117239e-02
6.084311896583738388e-01 4.335034538370139967e-01 1.237774443349619835e+00
3.834671294112035334e-01 1.277763391993524955e+00 9.925212944273630739e-03
8.245216955582231888e-01 1.550683632285781322e+00 9.508780094492648438e-02
2.252114082425371588e+00 4.812737356469969363e-01 1.855794055065039805e+00
1.362038591857990699e+00 7.758387667265883580e-01 1.012193626163065741e+00
1.056727232143366280e-01 3.126184742353252388e-01 9.457361948745673930e-02
8.955088809104723158e-01 1.619288090659515983e-02 7.145345714886965072e-02
4.107186379337008364e-01 2.317523593544318139e+00 1.024528077308102247e+00
1.276713517659281649e+00 1.074347216423866103e+00 1.000874731045329868e+00
2.098220297375022123e-02 4.451744952721248261e-01 1.198030059800776037e+00
1.067533670700990589e+00 7.148348889744098322e-01 1.848907974399111920e+00
7.097421410583820700e-01 8.964303094140487760e-01 1.024427938490882983e+00
4.699621312846443688e-01 8.012142815863123602e-01 9.060157091170407684e-01
8.675596650731842718e-01 1.011388085788218261e+00 2.326891249944895712e-01
2.216856495658350745e+00 4.286381366921393488e-01 2.957725922666159385e-02
8.197742012690397706e-01 6.532690779126607561e-01 2.807345820412759235e-02
1.556106516456490896e+00 1.058793665453057198e+00 1.687278259739248609e+00
1.411803049731411575e+00 1.839343137937803574e+00 1.331808758717455410e+00
2.125419117012483650e-01 6.985741611056436318e-01 6.424410696951644573e-01
4.465979034750687804e-01 3.468452171993005595e-01 1.230540742378498420e+00
9.742738890505071581e-01 2.275648002193258190e-01 1.270500520049080206e+00
2.219398165881397489e+00 2.929881574007993650e-01 9.282546593735057083e-01
6.277523091645684783e-01 2.661307706330641801e-02 1.961149086504754502e+00
3.768867271068985780e-01 2.066451764125320611e+00 7.369203869133224005e-01
1.185005908530483376e+00 1.517153092355592703e+00 3.410183872241644154e-02
1.407872121999916848e+00 5.762907138080752834e-01 6.045725772393112374e-01
4.303455347299046663e-01 1.184330780686857709e+00 1.073743932724507522e+00
4.380585919809623641e-01 3.918209232179624135e-01 7.855168296809252881e-01
1.024723747975787136e+00 1.264343165445570849e-01 2.023893528599856495e+00
1.280043757340340038e+00 7.403557063882389988e-01 1.253542637553861416e+00
3.604482900362598885e-02 1.911897294996295626e-01 1.429606487884083732e+00
1.246743961955671276e+00 9.960267842509142877e-01 1.424979808553305194e+00
1.104087957818999932e+00 1.533754313163122163e+00 2.291594728787714752e-01
1.386819852899772387e+00 5.053485919431663920e-01 1.618862398310749295e+00
6.971686153180954859e-01 2.657888954827115624e-01 2.935297925143561665e-02
1.535024421068288847e+00 1.268371702428137349e+00 1.604391711933737419e+00
9.736498967317782638e-01 1.175523885143406000e+00 2.607462186880485255e+00
1.599894545481724606e+00 9.832115790779267783e-01 3.021888970919712203e-01
1.118156308173365421e+00 1.898064397379679136e+00 1.376114597078367252e+00
1.298757263559110475e+00 1.257543977837764393e+00 2.071998573177902259e-01
1.583718801296676082e+00 1.196077132800653364e-01 1.251014139822335336e+00
1.456292662939483229e+00 1.005167728954405426e+00 8.296964051515658412e-01
1.626665596740241304e-01 5.572235566635614923e-01 1.084524047790640155e+00
1.346591117481417799e+00 5.711669280906105373e-01 1.503371426050927606e-01
3.307051894113244850e-01 1.410554256500664572e+00 6.404554183950107449e-01
1.010488537588742464e+00 6.047370146077707398e-01 1.277010168369169030e+00
2.499354686119711899e-02 2.270392074072327335e-02 5.015924666968709644e-01
1.430217982618191622e-02 1.222259601732193834e+00 4.917102245042035968e-01
9.265841356378484717e-01 3.898565617824450297e-02 3.824416918976256685e-01
4.930185694137041025e-02 1.986983131145430903e+00 2.039529137513371282e+00
1.061898254998093538e+00 2.157912008118954283e-01 9.325264096671085357e-01
6.359247241784721227e-01 6.706986277399187291e-01 8.794250962930385551e-01
6.386748847264260842e-01 1.200200508132285737e+00 3.562137038096062081e-01
1.622641758004500945e+00 1.531002259976671220e-01 6.571762583810691893e-01
2.557853390179124498e-01 1.395937275807584754e+00 2.971371226237831120e-01
1.259326747103721944e+00 1.581580685024335797e-01 5.234133617856098208e-01
1.728280099728158659e+00 1.437438847530686792e-01 3.389102817273975665e-01
1.616222335089993051e-02 4.867411866628547010e-03 2.128538366697839024e+00
3.418372032246983494e-01 1.163030953806928780e+00 4.407183866841419828e-01
2.962387652633138163e-02 2.649485614313227821e-01 5.689456298216505337e-01
1.716026027524562569e-01 7.087721117527924219e-01 7.555050162446508288e-02
9.315712539942822001e-01 3.573308233330620975e-01 8.807403528474218035e-01
4.443708498209499036e-02 1.311452218023017868e-01 5.629638057608629120e-01
3.031216773036892950e-02 1.569243217880460284e+00 9.846505703992243230e-01
7.128185103403138489e-01 7.760108757368471277e-01 8.721250104011543103e-01
