2.015337849042162233e-01
2.026567756131934406e+00
3.702503276954638434e+00
1.681904032827802098e+00
3.051890797172242653e+00
1.866217972796437641e+00
2.075031624691261012e+00
3.070966882026408135e-02
6.417692788544210103e+00
3.695859501907341915e+00
3.505094784648529416e+00
3.347415150193192357e+00
4.007022952321437348e-01
2.904070526575195821e+00
2.401696324354091860e+00
-2.088787340298495998e+00
9.437163547647996198e-02
2.178740686680563421e+00
2.777660866068351719e+00
2.155373966744798864e+00
3.548801006839577443e+00
8.556093540340157233e-01
2.771012410569069662e+00
3.672549280440141395e+00
1.007879019434182871e-01
2.495495659968819613e+00
2.339433087106786768e+00
-2.918215815361014168e-02
1.127433567312613683e+00
3.045605032390234612e+00
3.425634095789442224e+00
1.541491492554110110e+00
2.313522160480382173e+00
6.128978144240183390e+00
2.087894922456484448e+00
1.777115767896859655e+00
4.069253271466175548e+00
3.223837417786192816e+00
3.045525041894777907e+00
1.523107003274982718e+00
2.279169861167956501e+00
-7.179807893116472162e-01
2.329287755936014115e+00
2.660230424115897385e+00
3.954599017027890628e+00
1.044806343008063632e+00
3.228216094575886430e+00
3.175103979287867251e+00
3.199667834863506588e+00
1.510480539038312919e+00
1.450619916450553770e+00
2.078842634705978298e+00
6.072240819998569350e+00
1.845968104257186937e+00
-1.377055880228878100e-02
4.411913568339724812e+00
1.668168568806823071e+00
2.767885171120800347e+00
3.099585080378119972e+00
3.640162997354662977e+00
1.588860996671488168e+00
2.223163909352373846e+00
3.420129759233769828e+00
2.854960764799711281e+00
2.373740180228731678e+00
2.947589843583109825e+00
3.297000838810050460e+00
8.119349100109526374e-01
4.093505825634047746e+00
2.050434584630533408e+00
3.187156714277806557e+00
1.710271775007119466e-01
1.929706535619249097e+00
3.027880836027738165e-01
1.125507018474346754e+00
3.235153551914756509e+00
3.636171967151576201e+00
1.077312862736284460e+00
3.716097829292371646e+00
4.117368304462526440e-01
2.329472092089381885e+00
1.951764125929186688e+00
2.441106896463125508e+00
1.599862226464031645e+00
2.925147556088134149e+00
2.763080524561677187e+00
4.264524097827218974e+00
4.716933409474097338e+00
2.504344319269660168e+00
2.344959875250127279e+00
2.382080577771090724e+00
3.581777441255025618e+00
2.983815365782574780e+00
1.661767133683195841e+00
4.972954366021229866e+00
1.568849078728109081e+00
3.559986967221171028e+00
-1.186659780130186581e+00
9.032984116188748080e-01
2.848208073667246154e+00
1.498724300958525602e+00
1.772915441056156949e+00
2.499968727192122486e+00
3.830766726759926577e+00
3.145289031768334187e+00
2.854441575318592772e+00
5.019250045916206382e+00
2.962601941919311255e+00
1.902202588761195967e+00
1.827842852681552943e-01
5.294725191631473038e-01
3.253356178003415700e+00
4.887563714868854881e+00
7.374216543506351140e-01
2.335301696513496061e+00
8.820411154194970349e-01
-1.308365888221568740e+00
2.026861996532328902e+00
2.573243943768836139e+00
1.061649772734413411e+00
1.172466655135852909e+00
1.723188641226409690e+00
2.927620265817369116e+00
3.425321918254657483e+00
8.376049250838755178e-01
2.262197383954639207e+00
3.225563271037549029e+00
2.739805173799763516e+00
4.532369936434052171e+00
1.709975029062485552e+00
4.666059783080730661e+00
4.072406933673944351e+00
5.753123547257643189e+00
5.616109607811308191e-01
2.240779560914853530e+00
2.201753453692579132e+00
3.168842420772624013e+00
3.541532054419431752e+00
7.916423053034120361e-02
1.961563400558897108e+00
3.732610548327938815e+00
2.191919876288930258e+00
2.579537411867799612e+00
8.992818092106587002e-01
9.441888113787884063e-01
-1.703052135398334110e+00
3.250059819823379215e+00
4.808917887152286963e-01
-5.802745544415429668e-01
3.343453854380651791e+00
2.421799375362691631e+00
5.275706905619629516e+00
-8.731804445920343660e-01
3.101956343922728454e+00
5.353108730918499703e+00
2.960955624147302956e+00
3.597410214994173572e+00
2.412365888754679943e+00
2.149394721274511255e+00
1.167020862351578314e+00
2.874378836381219937e+00
3.592383275081329597e+00
1.272129101272302609e+00
3.074936687920427847e+00
-8.829130111822422466e-02
1.916700710858916912e+00
9.790091961017522992e-01
2.453564370095610236e+00
1.314666042227245146e+00
3.790475734933554719e+00
6.163669565958625363e+00
2.800923937803186270e+00
1.342839831806023732e+00
4.380379144541261205e+00
2.300656917229584764e+00
6.578460373623136181e-01
3.417083723882061719e+00
4.341870148174756139e+00
3.047321512031781587e+00
2.831481949433975576e+00
1.025756278885215228e-01
1.595059312328861167e-01
2.776633417052861041e+00
