8.591828243005877885e-01 7.302304651121941381e-01 7.324879219073574532e-01
4.942120750460444190e-01 5.528951030175450754e-01 8.632324723648974185e-01
1.153785158487868057e-01 1.478270287136355110e-01 4.929278637190436527e-04
5.590202653817809633e-03 -0.000000000000000000e+00 4.356080868384680158e-03
1.083711310064075506e-01 6.472837061958501836e-01 6.191231461585210427e-01
9.874599831762537281e-04 7.578268026527068719e-03 6.304143762477798507e-02
1.873551717444436882e-01 2.754796518943601891e-01 1.232199778378551859e-02
1.560275033201091732e-02 7.177023082035448732e-05 -0.000000000000000000e+00
1.762497623348029032e-03 6.381015984804560004e-01 1.115795361852038722e-03
1.240663336800992833e-02 5.009121179014293032e-03 4.333893436281133736e-03
5.820392635922017055e-01 6.777216178255761614e-01 6.046485789377029768e-02
7.790613143265102958e-02 3.826206571335538098e-01 4.428234832896660866e-01
1.621380790719769566e-03 1.228822305224641751e-04 1.485306606626371310e-02
1.291901381735125476e-01 4.044335102827666950e-01 -0.000000000000000000e+00
6.910717407208294416e-01 2.089518281831367116e-03 7.061451114540904239e-01
1.310747809260599112e-02 4.542044051506355928e-01 8.736552084002273677e-01
2.579487360347947900e-01 4.632637827581129186e-01 6.034371977327688263e-01
6.595745654088735511e-03 1.858666071728701892e-03 6.095155608605570992e-03
4.712265987447927240e-01 7.188970061290139713e-01 2.836693515517958453e-01
2.229292854989870232e-01 6.730746933205720983e-02 9.666027196656861165e-01
1.134934265848588919e-01 6.600167036218166361e-01 8.237586219642822893e-01
-0.000000000000000000e+00 -0.000000000000000000e+00 -0.000000000000000000e+00
-0.000000000000000000e+00 -0.000000000000000000e+00 -0.000000000000000000e+00
2.722528097475838682e-01 4.470108425636301064e-01 9.214948668624756145e-01
1.813116693042730876e-01 1.754252489973262552e-02 7.082387701034524863e-01
4.246062151058225820e-01 3.712760476574680779e-01 6.957983099062253762e-01
4.416422061688898282e-01 7.258869213696721445e-01 6.579611223519324925e-01
1.962218753455183609e-03 3.004403708194358300e-03 -0.000000000000000000e+00
3.129702579225892012e-01 7.063112567388872831e-01 2.649722903906279008e-03
4.952286238441033599e-03 6.857713731230873355e-01 1.655599072232766256e-02
3.724714879881847462e-01 -0.000000000000000000e+00 -0.000000000000000000e+00
-0.000000000000000000e+00 -0.000000000000000000e+00 -0.000000000000000000e+00
1.278613363316317142e-01 1.694575775015668209e-02 8.126852973643305944e-01
2.847180451311254190e-01 7.847511855308921813e-01 7.910271933518345788e-01
4.570732208913916295e-01 1.733899043426530839e-01 -0.000000000000000000e+00
-0.000000000000000000e+00 4.142120251166351826e-04 3.102025910562785770e-03
-0.000000000000000000e+00 6.988447973634539373e-03 -0.000000000000000000e+00
1.248428148174549196e-01 3.967591173755964928e-01 4.429564043295408093e-01
8.344973834025502845e-04 2.382437659740501978e-01 -0.000000000000000000e+00
1.151566241281875257e-02 1.996451064454561608e-02 9.588274504895520911e-01
5.770961130570743114e-01 5.334548176778669548e-01 2.360637360873780177e-01
4.863992472789829997e-03 9.296675332398632308e-02 6.850318326017304504e-03
1.427250089469478617e-03 7.236284238246705469e-02 -0.000000000000000000e+00
3.302051137589422924e-01 4.873683058098708387e-01 7.923797711736910721e-01
5.951937462783610799e-01 7.896693262874765126e-03 4.512869271823928830e-01
2.436312158351675305e-01 5.670427990752620051e-01 6.753592968671258134e-01
2.372325716762540282e-01 4.342313313487921045e-01 8.676503012545414562e-01
3.255680061261263525e-01 4.730210899238808733e-03 1.234212442486596478e-01
6.326486646903230204e-02 9.917247259385499752e-03 7.061063473307146454e-01
3.615288376316576346e-03 3.984377956356001116e-01 8.957831773883175863e-01
-0.000000000000000000e+00 9.157086363084766811e-02 3.216769148190166266e-02
3.768109390377383239e-02 1.741751825174873702e-01 4.050691775186389121e-01
-0.000000000000000000e+00 -0.000000000000000000e+00 9.999375179564275358e-04
8.439396834913662215e-02 3.660472232728750885e-03 5.888211939137208972e-01
4.692822072162834424e-01 2.235174645589090292e-01 3.236238710749228791e-03
-0.000000000000000000e+00 5.629526450094952776e-04 3.568807939350759732e-03
2.503893002824258973e-01 -0.000000000000000000e+00 -0.000000000000000000e+00
2.874526778724073584e-01 1.415558520515979857e-01 7.711248807535902028e-01
2.314737478777037418e-03 5.379033722552521990e-01 4.902953686423097701e-01
1.502147177375517118e-01 5.174600649973801758e-01 5.103205352892098423e-01
9.320809002351362806e-04 4.442837443571480693e-01 1.407348463117744563e-03
3.438326009866955139e-03 3.730332455992531760e-03 1.195782524666398450e+00
6.312240503583552709e-01 8.240244946347684563e-01 6.164240267285820973e-01
2.839407258753491314e-01 4.475764696014323252e-01 5.908694891946103533e-01
2.833701237185262678e-02 -0.000000000000000000e+00 3.092557951438272903e-03
3.768344430069904272e-01 5.228097772901759699e-01 8.330239627586315532e-01
5.781659376483069268e-01 8.038544684679871724e-03 7.246626219621100651e-01
6.077711830005057270e-02 1.054844209295801721e-01 5.304556816068999037e-02
2.157768056927661660e-01 5.171839822517479979e-01 4.773906139646920121e-01
6.831977852944154384e-01 2.263813258166811615e-01 5.327298802242157461e-01
5.080749494457440507e-01 1.124678083206679530e-01 9.722413714083615044e-02
3.032502269622496492e-03 3.203480988364895699e-02 1.951548412688412226e-01
1.669973997835229040e-01 -0.000000000000000000e+00 -0.000000000000000000e+00
-0.000000000000000000e+00 -0.000000000000000000e+00 2.205887497576576855e-03
7.364941159589937225e-01 7.526709256022268146e-01 7.562969763901828957e-01
8.064254022449404147e-01 6.767589571356632215e-03 2.741499500546132340e-01
4.643283463426064669e-03 -0.000000000000000000e+00 4.412229552183593922e-04
8.444662698574160239e-04 -0.000000000000000000e+00 -0.000000000000000000e+00
7.703765287466505240e-01 3.178492448996346753e-01 9.526378672927898750e-01
1.121962707704500517e-01 1.524275853602026325e-02 1.148979030238651333e+00
