1.941926493159147615e-01 1.245264456906079342e+00 1.523724933022385652e-02
-9.492792459174850261e-01 7.942605522007782637e-02 -4.138395233968327758e-01
1.469600218697744709e-01 1.084697790771015358e+00 1.653961446066868124e+00
-1.118315046445739869e+00 7.249543602503374373e-01 -2.303853820791410267e-01
-4.349695080207879316e-01 5.373303428166155415e-02 -2.983349014869847715e-01
-1.783279845963553267e+00 5.311359613431998472e-01 2.477713052223318169e-01
2.054837916872540894e-03 -7.109183150265893092e-01 -4.550204078253041184e-01
-1.528710211888154591e-01 -1.428783568848163710e-01 -2.326934448488144902e-01
-5.112223309397503218e-02 2.353937823251591954e+00 9.347923389969547969e-01
2.240563871411661301e-01 1.345199562793936376e+00 -3.236208273074886455e-01
5.332674192344249997e-01 -1.937601231999888984e+00 -2.819090822794180884e+00
-1.331537838099688065e+00 4.165784425956562398e-01 -1.195797926169790415e+00
1.965922604555889741e+00 -5.730972234254645414e-01 -5.752445168596381775e-01
4.110131625501975416e-01 -1.345979184563159015e+00 -1.072816701064236655e+00
2.381687116410845295e+00 3.572905873136653088e-02 2.092149622374965823e+00
-5.332597026103802484e-01 2.302272598235650669e+00 2.154776932301576409e+00
-1.422762918017462519e-01 1.618764124858777520e-01 8.373743193070716240e-01
-2.033395503235951640e+00 -2.433672332584053244e+00 -4.049856604559426421e-02
1.327265006669810399e+00 -1.741036539112581494e+00 2.375085401289268039e-01
1.104663028190700169e+00 2.628267060108067543e+00 3.635252762184305597e-01
-1.051902617332589163e+00 -3.141249494368216766e-01 2.457775883358518654e-01
2.352298631906774240e+00 -2.212686481111297621e+00 1.362160135508836634e+00
4.034008621491095847e-01 -8.079383699766278237e-01 5.349050156977889214e-01
1.560290722079444858e+00 -1.793902155319676561e-01 -1.357554662078329422e+00
-3.813218533693625845e-01 1.121805119618746405e+00 3.979661676633680645e-01
2.948962319753596906e-01 7.438562417517452507e-01 6.900610167956287011e-01
1.243623359137163931e+00 -7.823839037290257481e-02 1.029673525139428725e-01
-6.920536102663531475e-01 -1.680040158298849784e+00 -6.473015884521867713e-01
3.530107572534812999e-01 -1.571621054258029115e+00 4.780082899753726987e-03
-1.477247402287214850e+00 3.869301133937019799e-01 -1.140744262446214075e+00
-2.491425216792322317e+00 -2.992275582349453344e+00 2.308266909143791512e+00
5.129269543177711332e-01 1.785815504193323244e+00 -1.311131054629149362e-01
1.896423620137442922e-01 -4.197104899255816313e-01 3.145362423936087115e+00
-1.892467895101246578e+00 -5.737697532598347028e-01 2.583635523454946181e+00
-1.390952478255895075e+00 -1.648092151801957117e+00 -1.162269564549882894e-01
-3.626705443076961188e+00 -6.473500831435493597e-01 -8.200033311092042032e-01
3.407974417285422053e-01 -6.508677559048928751e-01 8.212538352787504548e-02
6.487381755820560425e-01 1.105954104480391997e+00 -2.096211198261459518e+00
-4.660044324541559591e-01 5.569948485193484400e-01 -3.294174985718482940e-02
8.455216914047959387e-01 -2.539732175863762889e-02 -2.271064420582628585e-01
8.696798191752740381e-01 -1.598660198743685701e+00 8.943414241509435314e-01
1.069505800110580052e-01 -1.479000165383046905e+00 2.522700054053982566e+00
1.099771846204655734e-01 2.200844960456303401e+00 -3.654836693704870410e-01
5.376401861228368162e-01 1.036613463139175739e-01 2.147009374890703093e+00
4.289743156758412668e-01 -1.328124851929828543e+00 -8.249422322121280349e-03
-7.321490913463927219e-01 -5.576539621039245942e-01 -1.101312946324332298e+00
-6.876441602081856397e-01 2.516552079502850647e-01 2.479357152386961971e+00
-8.256707475036836885e-02 1.573129151353429789e+00 1.015466985588071802e+00
1.830650568806865053e+00 -9.194944658959007810e-01 1.112647601460718061e+00
8.761074567804701951e-01 6.641724834840324609e-01 -1.287646074997840451e+00
-1.021220717199119221e+00 -9.293826347401347165e-01 -1.590055335365206712e+00
-7.718556768011309854e-01 5.961270294974483352e-01 5.615150904096263274e-01
1.798556429619848629e+00 -1.650403593942612490e+00 1.573466933418338209e+00
-1.451824066726196127e+00 1.575915770078766487e+00 3.084190256851670586e+00
-4.398235032223572483e-01 3.994715893295095466e-01 9.558499005642159263e-01
-5.926830979699324597e-01 5.720525341801011576e-01 -5.428017387328690768e-01
1.833087100841507722e+00 2.478575145047473838e-01 1.003254179683197966e+00
1.647256895476632232e+00 1.682126345740522222e+00 -3.791662844999283521e+00
2.414222256670503608e+00 -3.125295177571922878e+00 1.476094359874747242e-01
-2.753218800781999098e-01 -9.345440339296875454e-01 -1.055646661320301383e-01
-6.462582805598363622e-01 -1.608520157613375856e+00 6.713380100196802980e-02
1.299267821722417171e+00 -1.558531320340944326e+00 2.504614874889429910e+00
-5.465956650411114559e-01 -1.276028801526650547e+00 3.568210075784975510e-01
1.084942529195179528e+00 -1.910381807803929188e+00 2.176069030621182510e+00
1.333608694595074695e+00 2.605730986192860144e-01 1.651464374153704118e-01
-8.221723208391972237e-01 -5.934010807764936724e-01 -8.705734786806943459e-01
2.058637731836626461e+00 5.005459899288192682e-01 -8.969670566107190712e-01
-9.792958550445696186e-01 -1.110105017028745422e+00 1.480646100179254798e+00
1.160877013456169005e+00 3.271290799455012221e-01 2.047903201852336874e+00
-7.853400528657414892e-01 5.860460879670128520e-01 2.170053403048227025e+00
-2.555822385598431890e-01 -2.719498623141087812e-01 6.082945221703252026e-01
1.958780072183106791e+00 1.525123397894731170e+00 -2.196496042642883395e-01
2.130461380782666669e+00 -2.816574510458396130e+00 9.322460490100416275e-02
-1.896849836698481617e+00 -2.070202436331658902e+00 -1.839456632465274355e+00
6.185537168661793539e-02 1.886467675139430200e-01 2.121683396583967873e+00
-9.384287750838793407e-02 -9.357757162581555876e-01 1.259397423945417094e+00
-8.246867547607824589e-01 -1.821051147523489844e+00 4.944984981937470825e-01
1.329684813815788624e+00 7.914280002115091639e-01 -1.304066929617214265e+00
5.718955782564290047e-01 -8.716328973913419764e-01 -1.274930661327235981e+00
-2.569453940073760823e+00 2.300515486541877819e-01 5.297669892851869511e-01
-3.521583359090448007e-02 -3.424704498583501233e-01 -6.632831427333168994e-02
-1.104489305913971098e+00 7.553982283477893578e-01 1.493901221430132376e+00
-1.063436618295938496e+00 -2.037369195412558120e+00 -6.515027067678706707e-02
-2.726029328436861299e+00 2.625182512685751757e+00 2.158415685800554595e-01
-1.424357891024035982e+00 -4.523314937995217416e-02 -3.280816655858493913e+00
7.420716551215236212e-01 -2.987906101165704875e+00 -7.401761967280289234e-01
8.988182833679441153e-01 -1.885139322112035776e-01 1.663499605222434008e+00
1.245771156681923397e+00 1.906449435094903846e-02 3.425530566922101006e+00
2.884626714218269106e-01 -9.690476924469519915e-01 -3.744368037116791448e-01
-8.966547273614373648e-01 -3.041199711356817659e+00 -1.622222887469343844e+00
1.035538290205620798e-01 -1.913400598347423376e+00 -6.882740042655368651e-01
-3.701760438680829490e-01 -1.191432393966709746e+00 5.904221833666682961e-01
-4.317478087672202425e-01 -5.177615138637300385e-01 -9.868333840603047413e-01
-6.861593847806538582e-01 -1.101679162855497163e+00 -5.265752244698594930e-01
1.457177797110412509e+00 1.921638422397862866e+00 -2.066521099445882914e+00
5.302822373958180346e-01 -6.440210653209414993e-01 4.043160133022579705e-01
-4.314287486947835371e-01 -1.080558267037640352e+00 9.404238804181744849e-01
3.148344683244823194e+00 -1.162888128763962303e+00 9.578612217309836474e-01
-1.855462883047669154e+00 -8.393460114354038826e-01 3.479284100131719626e+00
-4.338963491186648147e-01 2.185154563018426366e+00 2.822994872984728953e+00
1.168970301942773071e+00 -6.848548917877117503e-03 8.426649469890349353e-01
2.026471732956808491e+00 -8.486000392741631648e-01 -4.982099141909887563e-01
-2.751710318246826104e-01 3.482465615565027983e-01 -5.695641513970697289e-01
6.004837012846403477e-01 -1.664273689124827538e+00 6.228908869633293932e-01
6.302820618010777087e-01 -6.392810814942526676e-01 -2.975163325243488810e+00
9.524763045997697297e-02 -1.506391179599475549e+00 -1.010848714962031103e+00
6.127789580277803738e-02 2.569481303270063077e-01 -7.766420971667092887e-01
3.204849871268707684e+00 1.185777166786191161e+00 -4.410977270479543577e-01
1.871242993729608714e-02 1.057539579223791826e+00 6.182292950183538860e-01
-9.285619827437463503e-02 4.323542474384662326e-01 1.098121279496385272e+00
9.348681424556022357e-01 4.877596377381719361e-01 -2.000751730393365069e+00
4.692243985811057894e-02 -1.094042912213204932e+00 -4.084036539676573208e-01
-1.529172299255124434e+00 6.774481077424612252e-01 -2.298925133961668144e-01
1.984209069133679559e+00 2.614422273681991982e+00 3.685917522867104279e-01
1.258825870777224409e+00 1.514209154311477512e+00 -7.212842604275498948e-01
2.493164094457785696e-01 2.090527146787291290e-01 -1.553229805548312914e+00
-5.097444682419898232e-01 -6.277421483851219897e-01 -1.774734430915797523e+00
-3.658367885170493161e-01 -1.507263114876716381e+00 -1.297772140271217678e+00
6.490203820051090311e-01 1.036335083465997009e+00 -3.078043384958641382e-01
1.824124479685393263e+00 1.458840707991416519e+00 -1.101740467576236560e+00
-1.106694285132215239e+00 1.152050600657350321e+00 -7.127549728364290793e-01
-1.210671277085431541e+00 1.104130253498506020e+00 1.288115790246610048e+00
-8.285464960350128472e-01 3.407690683235736095e+00 3.330928075849108883e+00
-8.678104330059064342e-01 1.875434426270721877e+00 3.257085130723565758e+00
1.486244116088869083e+00 1.632139638263888859e+00 1.562120377157998801e-03
-6.036774646704855946e-02 -9.474050297358517225e-01 -2.110740604684182564e-01
6.729640752012004956e-01 2.568659984202835922e+00 1.088640770707609562e+00
7.071136221928452370e-01 -2.959002817116215933e+00 4.026515214299491441e-01
-4.474850277923550501e-01 7.031408972945336622e-01 1.033182771597451532e+00
-4.347536955793957492e-01 1.302631298028552598e+00 -9.062164600680003845e-01
7.516637128247899424e-01 2.356799011422960055e-01 3.333703481250125944e-01
-5.481274557394787417e-01 1.303911612201247960e+00 -1.345990927128147607e+00
2.729256528639293577e+00 -1.143369038426995943e-01 -1.457908116540640675e+00
1.140073082304479957e-01 -1.319536401188063368e-01 5.671627559382287354e-01
1.094196153901382029e+00 1.195011051287851345e+00 4.211965953992103939e-01
-5.676047786363623837e-01 6.335723472114369592e-01 1.066841350016704215e+00
-3.832076458870825597e-02 1.253073499220765274e+00 -2.931066371248656766e-01
-2.513213463282116811e-01 9.922906707881143928e-01 7.767740118438144770e-02
1.812267420844072774e+00 1.419777485110386817e+00 1.493923711512932240e-01
-6.857234042759317028e-01 -1.176169725289616608e+00 -1.210090079608584279e+00
-1.662475007767102719e-01 -1.197851307409892208e+00 -2.039489617293579471e-01
-8.062086226416882717e-02 1.703238955599003235e-01 1.806992826644560957e+00
1.317246238721345941e+00 -3.634518515121361038e+00 1.444287762863444291e+00
-4.180329178209835073e-01 -1.433968060609265960e+00 2.036083967783257620e-01
1.000949533086375798e+00 -1.234083448970861419e+00 -1.133041852030676339e-01
-2.705953972078708691e+00 -6.011399988490141455e-01 1.752150936496891021e+00
-8.566176982885029823e-01 -5.648711895485020174e-02 2.208235538149692090e+00
3.903435877804647625e+00 1.523372888368817735e-01 1.401889080899528656e-02
2.442571819471061723e+00 -4.953154550185038807e-01 -2.616165839433399198e-01
-1.579117456063243718e+00 6.238899510293138828e-01 9.894006372423103102e-01
2.801781530896769290e+00 -7.941623119257578134e-01 7.535943780755378629e-01
2.665381553175208418e-01 -1.121978361400484347e+00 -1.345039987795591863e+00
3.913872731055415000e-01 1.620322275586577598e+00 -8.708572266264513750e-02
2.851836245038043227e+00 1.676974246555789916e-01 -7.519225234906797839e-01
-1.443138216623809145e+00 -2.438928114452857954e-01 5.821048857693020828e-01
-7.565581985964600076e-01 -1.259507033377944285e-01 1.466613470349745318e+00
-1.417902719868562311e+00 1.034291547099855268e+00 -5.076624457259162337e-01
5.573545197748870361e-01 1.571803947876525331e+00 -1.136749225166717281e+00
-8.044316136144420426e-01 9.411209452404102338e-01 1.177146117483676813e+00
2.020047718583720897e+00 -1.452518288671826641e+00 -2.163463124192927634e+00
1.261164365487243533e+00 8.348228243330829690e-01 1.271603753845831353e+00
-3.216443661737328208e-01 4.544857296310507444e-02 -8.449221898130936381e-01
9.251871040170556171e-01 8.940260008202584041e-01 1.864577080409982823e+00
9.061959421941918613e-01 1.518341839874895793e+00 2.724022678195606728e-01
-1.178436089909176587e+00 3.039681308483669908e-01 2.622824093593573852e-02
-2.298460784718933392e-01 1.521022124868995351e-01 4.111315114802236437e-01
-1.722053115639311738e+00 -9.610590013124988007e-02 -8.480798644147922172e-01
1.429998026948851031e+00 -3.893342061692458334e+00 2.117877059515080596e-01
4.277157707660052544e-01 -6.021641171411326043e-01 2.126607920547701092e+00
-1.167717295005166189e+00 7.600309430066176652e-01 1.103135973486456978e+00
1.360889784151169124e+00 -1.863348425549127052e+00 1.538485255530633200e+00
9.042883439095293907e-01 -1.013119595441186016e+00 5.094746322295270469e-01
3.777822057878654216e-01 1.964678042587392870e+00 -1.005006410558891283e-01
-1.730902030738350750e-01 5.769063501795008708e-01 1.465575405602616899e+00
8.201327105885967139e-01 1.122204105883377379e+00 1.710927659590532612e-01
-8.542826359886949161e-01 -1.164206256396431438e-02 -4.720305997045905477e-01
2.865168751101796030e+00 7.956048625498423066e-01 1.023413139123925619e+00
