1.582925924403306289e-02 2.252565437770759071e-01 2.194007203911151116e+00
3.425941512159851737e-02 4.029289367968167945e-01 8.291508961595003280e-01
1.041176700600566107e+00 2.561032861551340467e+00 3.769388582052357606e-02
1.678131461463212848e-02 1.363930402241319451e+00 1.322661180982829532e-01
2.285862725087064451e-01 1.454987144803607135e+00 3.080072249022755004e-01
5.175695989574055078e-01 9.967862463279722821e-03 1.092216929103022149e+00
3.617816907179485786e-02 4.480841824062789525e-02 1.458917534519100334e+00
9.749124413703770253e-01 1.906804001061912154e-02 3.061773383400134829e-02
9.945068496037970385e-02 7.297570058681532301e-02 1.478243989645067424e+00
2.269028675229547293e-02 4.563135474964397087e-02 2.437879357120333434e+00
4.554126742774938230e-01 2.808045660003606614e-02 2.666021039886305732e-02
3.979527548916761415e-01 6.359390945755393210e-01 2.740625617955236293e-01
1.550253704542712239e-02 8.644505512162131700e-01 2.319905480255550767e-01
1.344273805307233394e+00 8.287000835173513602e-02 2.833956148972953046e-02
7.858267858693140928e-02 2.240383875206818087e-02 9.323337665280535813e-02
8.596873798828155722e-02 9.132584240252455965e-01 2.228250311376679671e-02
1.029701833957656909e+00 9.707260693449437650e-01 5.457488378887419556e-01
1.817245560590959208e+00 4.115033289011699180e-01 1.562319542287443457e-02
1.611703494390415714e-01 1.299273021649840265e+00 6.241024321105029804e-01
2.782156710672242461e+00 2.910682954322973623e-02 5.698950185415427999e-02
1.159304913799425428e-02 6.471729978710477615e-02 6.401517049494571676e-01
6.114147228948757506e-02 3.080184230205485971e-02 5.822259039260017088e-01
1.754478668188796942e+00 2.162336864468425435e-01 1.139940340263889462e+00
2.592351899029556317e-01 4.525768600354364013e-01 4.032230935568455465e-01
5.524142752682686952e-01 1.030049970362565404e+00 7.654822829228105086e-01
2.253922215809314178e+00 2.391392377110324041e-02 3.918587801417494632e-02
5.881623470577285184e-01 3.723757769902943937e-01 3.588022029159078363e-02
1.382234105835239979e-01 1.830590023636655475e-02 7.808455309379856990e-01
3.187719260375081465e-01 9.027592202160923673e-02 1.034480646001380455e+00
2.348082494184805871e-02 1.226289213815599410e+00 1.863103679152928516e+00
1.316245104573121050e-01 4.324709690971009657e+00 9.955432700538491275e-01
1.638674089230285347e-02 2.683726199035863305e-02 2.290149420720825280e+00
1.889149135625161735e+00 2.928057869521696888e-02 2.689336900133155184e-01
2.139120172606840953e+00 2.980035960502061432e+00 2.281780813745178271e+00
1.148537556022023676e+00 1.612422080864359952e-01 2.196623347030219886e+00
7.538311168300648735e-01 8.542246856283797207e-02 1.768891302618500028e+00
6.164110522111584389e-01 1.785659619536827725e+00 1.175235235674329193e+00
4.094444905360874326e-02 1.124044759454151166e+00 5.834581821896758086e-02
1.274904328759235650e+00 8.846355963157895852e-01 1.374291606662070064e+00
7.471151268356887032e-01 1.792228895523839682e-02 4.609092555451279466e-02
9.901869935168149395e-01 6.529197008921685530e-01 2.222371846009668639e-02
4.552159557394481193e-01 2.186504796189006269e-02 6.914516538308547178e-01
4.948202753464506221e-01 1.873747731854187235e-02 1.523548339305433874e-01
2.832492346913773607e-01 4.056512492248800505e-01 3.240001943804642903e-01
9.380373878087405748e-01 7.172468602981507679e-01 2.359318951071296966e-01
2.979781641015797483e-02 1.089997958782541188e-01 3.021007756617404838e-01
1.542766168784688086e+00 1.441851375131001853e-02 2.295184207675755594e+00
2.108970545732211099e-02 2.002262084108533013e+00 2.068174732038174923e-01
9.677268265062159702e-02 1.262546922912077152e+00 2.634228878259114309e-02
2.242937473601405371e-02 1.006246007829448841e+00 5.475907555979655020e-03
1.729431727372615635e+00 1.606055559423932855e-02 1.897044770520044832e+00
6.476863355052372984e-02 2.554614336583480139e+00 2.767085997728309724e-02
5.067483660776996718e-02 1.011627854028990026e+00 1.741150033766451610e+00
7.281873278370621927e-01 2.128394929339783720e-02 1.358130417674900947e-01
3.239148958663509714e-01 9.452903664704264131e-01 3.745645927392283192e-01
9.703510871403031590e-01 9.293689056581995178e-01 2.712677106413534101e-01
3.613127428920747536e-02 2.016940050374521065e-01 7.055174324035094757e-02
1.034712299449915829e+00 6.451449196276132225e-01 1.642641574429918871e-01
3.713596539964774124e-01 2.888987093164657391e-02 3.638831837452611295e-01
1.591999586716663639e+00 5.926813855731671854e-01 1.525308908425712477e-02
1.783554619015837173e-01 3.044441718570234934e-01 1.392981624122079931e-01
1.469211813518617848e+00 1.149087450674118216e+00 7.256420481542447121e-01
2.858085206479792806e+00 1.129194240308888930e-01 9.379569313504218520e-02
4.180054501600589667e-01 3.558653519700700762e-01 2.919321378802758327e-02
1.623224558797746298e+00 2.178753915686334336e-02 2.119811313897704608e+00
1.204406322842281662e+00 2.101529741227756154e-01 3.426276146875277540e-02
3.535690111866986868e-02 1.345119245573186406e+00 1.814491691871631174e+00
7.900772855586007948e-02 1.651800871115932878e+00 6.479259015648276554e-01
7.023416064474978793e-01 8.270265419158033815e-01 2.696838292942231249e-02
1.118838098774431966e+00 2.152071174288837652e-01 1.714247232046970160e+00
2.789784789244919017e-01 2.035580988401359259e-01 9.848864733994014964e-01
1.984029287514216602e-02 1.520999022447713095e-02 1.429683305140694971e+00
2.145375224859201804e-02 5.504471447455333566e-01 1.490403597747740116e+00
1.675651020624117082e+00 3.246487316241999932e-02 4.120795077635269060e-02
1.275114547615608718e+00 1.461515745586620951e-01 5.555762727911166959e-02
1.253526233051627026e+00 8.816431860083644434e-01 4.141882097812787239e-02
3.125484242181597594e-02 3.162826552791746931e-02 1.113448777639412191e+00
9.390490075374504642e-01 1.801233534427847949e-01 1.308020150504949797e+00
1.468574240695542876e+00 8.380313717585986533e-01 1.648484232518174553e+00
4.516510916327741709e-01 1.968574814853014887e+00 1.855519611687355963e-01
