-0.000000000000000000e+00 -0.000000000000000000e+00 -0.000000000000000000e+00 -0.000000000000000000e+00 -0.000000000000000000e+00 -0.000000000000000000e+00 8.432376238645091782e-01 2.738161741785124365e-02 -0.000000000000000000e+00 5.368431397782028602e-01
-0.000000000000000000e+00 7.915255366302065003e-06 5.943690696549111631e-06 5.993616315059120681e-02 4.936862927450954563e-01 6.919584278889181483e-01 4.791910898673878427e-01 -0.000000000000000000e+00 2.103590598705291914e-01 -0.000000000000000000e+00
-0.000000000000000000e+00 -0.000000000000000000e+00 -0.000000000000000000e+00 5.175442720076999237e-01 -0.000000000000000000e+00 2.750104903584827398e-01 8.052987983500041747e-01 1.723856211591615409e-02 -0.000000000000000000e+00 8.782843535565283688e-02
3.972559872358782831e-04 -0.000000000000000000e+00 8.046737327684988506e-02 2.854822515413919515e-01 2.345619228411066903e-01 -0.000000000000000000e+00 8.358848851774784983e-01 2.310474105360735830e-01 3.239120023246336300e-01 -0.000000000000000000e+00
-0.000000000000000000e+00 -0.000000000000000000e+00 -0.000000000000000000e+00 -0.000000000000000000e+00 -0.000000000000000000e+00 -0.000000000000000000e+00 -0.000000000000000000e+00 -0.000000000000000000e+00 3.379132600214949655e-01 9.411772567915385190e-01
0.000000000000000000e+00 7.191901076015356775e-01 1.825935265381508077e-01 0.000000000000000000e+00 0.000000000000000000e+00 0.000000000000000000e+00 5.969298339776490936e-02 6.677289427061907645e-01 0.000000000000000000e+00 0.000000000000000000e+00
-0.000000000000000000e+00 -0.000000000000000000e+00 8.180196170520117604e-01 -0.000000000000000000e+00 -0.000000000000000000e+00 -0.000000000000000000e+00 -0.000000000000000000e+00 4.615314827735339520e-01 -0.000000000000000000e+00 3.432675290891100683e-01
2.811835827885352801e-01 4.932511293097536220e-01 1.222941225095989723e-02 6.827567715993849706e-01 2.554438685615443849e-01 1.222424601277069117e-01 1.529728590867328319e-01 3.157057008470873227e-01 7.833601943266894907e-02 4.393907562978360826e-02
7.569274733329077742e-01 8.098215468836575393e-02 1.127543109047706495e-04 3.340931084549754737e-01 0.000000000000000000e+00 5.272030178023906499e-02 3.902458845685344291e-01 3.487994113809529950e-01 1.793102419915567347e-01 0.000000000000000000e+00
-0.000000000000000000e+00 -0.000000000000000000e+00 -0.000000000000000000e+00 -0.000000000000000000e+00 -0.000000000000000000e+00 -0.000000000000000000e+00 1.000000000000000000e+00 -0.000000000000000000e+00 -0.000000000000000000e+00 -0.000000000000000000e+00
5.089057280407213169e-01 1.557217900629585261e-01 4.310007919407141119e-01 7.779767941964368938e-02 1.080010930360975480e-01 2.931247033881506647e-01 -0.000000000000000000e+00 6.036582132116578014e-01 2.416858312068093650e-01 6.745305977438231793e-02
-0.000000000000000000e+00 -0.000000000000000000e+00 2.948979685229667358e-01 5.424122672787095034e-01 7.305893328919134122e-01 1.230979353594413572e-01 2.481803085409728937e-01 9.119638092542985131e-02 -0.000000000000000000e+00 -0.000000000000000000e+00
4.181119025673014633e-01 -0.000000000000000000e+00 2.182817302802920745e-01 -0.000000000000000000e+00 -0.000000000000000000e+00 -0.000000000000000000e+00 8.784360686071661650e-01 7.671764156157311054e-02 -0.000000000000000000e+00 7.806112954171671006e-07
-0.000000000000000000e+00 -0.000000000000000000e+00 5.230821950328715664e-01 4.528745349398971554e-02 -0.000000000000000000e+00 4.783156625593833894e-02 8.319648239145207569e-01 -0.000000000000000000e+00 1.728604548009946562e-01 -0.000000000000000000e+00
1.879674984008158564e-02 -0.000000000000000000e+00 7.032029513941596699e-01 -0.000000000000000000e+00 -0.000000000000000000e+00 -0.000000000000000000e+00 6.330117130154515603e-01 3.231848736114301124e-01 -0.000000000000000000e+00 -0.000000000000000000e+00
7.512018225393972681e-01 -0.000000000000000000e+00 -0.000000000000000000e+00 -0.000000000000000000e+00 2.951837641491997233e-03 4.611375786799474241e-01 -0.000000000000000000e+00 -0.000000000000000000e+00 -0.000000000000000000e+00 4.722703060718742574e-01
7.021103345299465337e-01 0.000000000000000000e+00 1.835171233557460202e-01 0.000000000000000000e+00 6.016321060724814096e-01 0.000000000000000000e+00 6.601727164286330662e-02 0.000000000000000000e+00 0.000000000000000000e+00 3.271743760888089492e-01
-0.000000000000000000e+00 8.482348217026292048e-01 -0.000000000000000000e+00 -0.000000000000000000e+00 1.338788468907448504e-03 1.840743519330334879e-02 2.369894895376122856e-01 1.401622781361395731e-01 4.470210420623842440e-01 6.722921103209647531e-02
-0.000000000000000000e+00 2.166098119766520780e-01 -0.000000000000000000e+00 5.462590224741034062e-01 1.029902734511104617e-01 5.949739912986495849e-01 5.359951602057533293e-01 -0.000000000000000000e+00 5.281487678396038637e-02 -0.000000000000000000e+00
0.000000000000000000e+00 4.551120897703875290e-01 6.550898979738193351e-01 5.666849900028945314e-02 7.936339808572050181e-02 2.583739886058504867e-02 6.639375236315941953e-02 0.000000000000000000e+00 2.507993462758481562e-01 5.350180650760208989e-01
8.564353107354383265e-01 -0.000000000000000000e+00 -0.000000000000000000e+00 -0.000000000000000000e+00 -0.000000000000000000e+00 -0.000000000000000000e+00 2.589029525144443955e-01 -0.000000000000000000e+00 3.558613505421014955e-01 2.699083527702469953e-01
1.023046950088011553e-01 -0.000000000000000000e+00 4.418610789763913749e-01 -0.000000000000000000e+00 -0.000000000000000000e+00 -0.000000000000000000e+00 3.494409192451062296e-01 3.435192605197100457e-01 7.444313923217519280e-01 -0.000000000000000000e+00
3.263260919428666029e-01 3.162292266547543362e-01 9.048001552471775645e-05 -0.000000000000000000e+00 3.555436890041159814e-01 2.348610517863991831e-01 7.221224446807388286e-01 3.007305177781567918e-01 -0.000000000000000000e+00 6.296972949317096793e-03
1.691111863234426860e-01 0.000000000000000000e+00 1.114428642165023360e-02 3.887869590650500640e-01 5.799575942521648653e-01 4.005324807651317043e-02 1.400486001818506965e-01 4.885157386362106169e-01 1.798256038908118970e-01 4.376852214391873108e-01
5.896847883117248834e-01 -0.000000000000000000e+00 -0.000000000000000000e+00 7.384678948189519199e-01 -0.000000000000000000e+00 -0.000000000000000000e+00 3.270122608640559370e-01 -0.000000000000000000e+00 -0.000000000000000000e+00 -0.000000000000000000e+00
4.331705669799220115e-01 -0.000000000000000000e+00 -0.000000000000000000e+00 4.275432492633118309e-01 5.255196100619203836e-01 -0.000000000000000000e+00 5.899801267353449452e-01 -0.000000000000000000e+00 -0.000000000000000000e+00 7.295628423498563830e-02
-0.000000000000000000e+00 -0.000000000000000000e+00 1.000000000000000000e+00 -0.000000000000000000e+00 -0.000000000000000000e+00 -0.000000000000000000e+00 -0.000000000000000000e+00 -0.000000000000000000e+00 -0.000000000000000000e+00 -0.000000000000000000e+00
-0.000000000000000000e+00 -0.000000000000000000e+00 4.100877862133672780e-01 3.215746238904096943e-01 -0.000000000000000000e+00 6.233473461116746384e-01 1.473058489543877317e-02 -0.000000000000000000e+00 -0.000000000000000000e+00 5.827854363593273357e-01
-0.000000000000000000e+00 2.627685569304564761e-01 7.492806481470650759e-01 -0.000000000000000000e+00 -0.000000000000000000e+00 5.549954969263848348e-01 -0.000000000000000000e+00 2.480145039961059727e-01 -0.000000000000000000e+00 -0.000000000000000000e+00
0.000000000000000000e+00 0.000000000000000000e+00 2.958915593385159305e-05 0.000000000000000000e+00 6.127699856593936910e-05 8.416367636135233532e-01 0.000000000000000000e+00 0.000000000000000000e+00 5.400440292270304310e-01 0.000000000000000000e+00
-0.000000000000000000e+00 -0.000000000000000000e+00 -0.000000000000000000e+00 -0.000000000000000000e+00 -0.000000000000000000e+00 1.000000000000000000e+00 -0.000000000000000000e+00 -0.000000000000000000e+00 -0.000000000000000000e+00 -0.000000000000000000e+00
6.480991821368476957e-01 -0.000000000000000000e+00 -0.000000000000000000e+00 -0.000000000000000000e+00 -0.000000000000000000e+00 -0.000000000000000000e+00 -0.000000000000000000e+00 5.271811296047301809e-01 -0.000000000000000000e+00 5.495884885095664307e-01
3.664640475126935137e-01 7.903202724132514234e-01 1.311848534250767140e-01 4.518827736420084283e-05 4.871476500902012507e-02 1.444197003380468247e-01 3.837695624128998340e-01 0.000000000000000000e+00 2.310394898559884613e-01 0.000000000000000000e+00
0.000000000000000000e+00 7.803145045224686438e-01 2.450288853174115433e-01 2.258807102394863875e-01 0.000000000000000000e+00 0.000000000000000000e+00 5.126002494492276629e-01 0.000000000000000000e+00 0.000000000000000000e+00 1.314876739403963157e-01
-0.000000000000000000e+00 3.697834861215563151e-01 8.820540971498794791e-01 -0.000000000000000000e+00 2.553819200477899787e-01 -0.000000000000000000e+00 -0.000000000000000000e+00 -0.000000000000000000e+00 -0.000000000000000000e+00 1.414949398586539675e-01
-0.000000000000000000e+00 -0.000000000000000000e+00 -0.000000000000000000e+00 -0.000000000000000000e+00 -0.000000000000000000e+00 3.094302767487852046e-01 9.154997726730449426e-01 -0.000000000000000000e+00 -0.000000000000000000e+00 2.571246197212024853e-01
1.080210633623507055e-01 -0.000000000000000000e+00 -0.000000000000000000e+00 1.721026896782711368e-01 -0.000000000000000000e+00 2.819033004328552194e-01 4.022359351841985897e-01 -0.000000000000000000e+00 8.277169166400591971e-01 1.798154655056164730e-01
6.314777625539049095e-03 -0.000000000000000000e+00 -0.000000000000000000e+00 6.599414777321374048e-01 -0.000000000000000000e+00 -0.000000000000000000e+00 1.423972098293493915e-01 -0.000000000000000000e+00 3.496228666457252277e-01 6.495569684819834100e-01
7.791982044924115058e-01 -0.000000000000000000e+00 3.472249823950259717e-01 -0.000000000000000000e+00 -0.000000000000000000e+00 -0.000000000000000000e+00 -0.000000000000000000e+00 1.561493356232771966e-03 4.160658980991622236e-01 3.149153852926400710e-01
5.342831054117285622e-02 1.558824696570222934e-01 4.029684211845449004e-01 -0.000000000000000000e+00 -0.000000000000000000e+00 -0.000000000000000000e+00 5.573708240640608963e-02 -0.000000000000000000e+00 -0.000000000000000000e+00 8.985298550739424517e-01
-0.000000000000000000e+00 4.420701140120595340e-01 3.043502934044663988e-01 1.385359362059326860e-01 8.056584394714423336e-01 -0.000000000000000000e+00 8.919729264682692282e-02 -0.000000000000000000e+00 -0.000000000000000000e+00 1.889736211073972938e-01
1.393631258860250077e-01 2.033345786809953593e-02 2.358929422136412102e-01 6.692185714366982729e-01 2.881377804099291562e-01 -0.000000000000000000e+00 5.283792369243940357e-01 -0.000000000000000000e+00 3.383156729742993196e-01 -0.000000000000000000e+00
-0.000000000000000000e+00 -0.000000000000000000e+00 -0.000000000000000000e+00 -0.000000000000000000e+00 -0.000000000000000000e+00 -0.000000000000000000e+00 1.000000000000000000e+00 -0.000000000000000000e+00 -0.000000000000000000e+00 -0.000000000000000000e+00
-0.000000000000000000e+00 -0.000000000000000000e+00 -0.000000000000000000e+00 -0.000000000000000000e+00 -0.000000000000000000e+00 -0.000000000000000000e+00 -0.000000000000000000e+00 8.959847453885385615e-01 4.440848297690834223e-01 -0.000000000000000000e+00
-0.000000000000000000e+00 -0.000000000000000000e+00 6.771739321029806025e-01 -0.000000000000000000e+00 -0.000000000000000000e+00 7.358229852893887202e-01 -0.000000000000000000e+00 -0.000000000000000000e+00 -0.000000000000000000e+00 -0.000000000000000000e+00
6.368995665615748147e-02 -0.000000000000000000e+00 5.070632916557541447e-01 3.145450532480548178e-01 2.243809041010477807e-05 2.375339082897725274e-01 5.431853657500914645e-01 3.799879169680422941e-01 -0.000000000000000000e+00 3.795106065130358641e-01
2.236902024622041893e-02 2.277477126012061592e-01 1.291999292955498257e-01 1.812356671459309787e-01 1.024533343009028791e-01 6.660200865865948394e-01 1.665944427978686693e-01 2.969080719471329788e-01 4.247723430311987070e-01 3.842818251666851315e-01
-0.000000000000000000e+00 -0.000000000000000000e+00 -0.000000000000000000e+00 8.871769968594783728e-01 4.600868082755360522e-01 -0.000000000000000000e+00 -0.000000000000000000e+00 -0.000000000000000000e+00 -0.000000000000000000e+00 3.517250480456498435e-02
8.799486951028221912e-03 6.139154076142636779e-02 -0.000000000000000000e+00 4.677138939873584089e-01 -0.000000000000000000e+00 3.656586468251291078e-02 5.117057783770462276e-01 7.163194323303817557e-01 -0.000000000000000000e+00 3.322598237765176515e-02
1.455662629895941029e-01 2.295329052473648452e-04 4.130807970572741156e-02 1.889815275731063574e-02 2.817469142810346550e-01 3.320307052310917939e-01 6.814347590442439984e-01 1.903795257947109576e-01 2.743870244928207636e-01 4.596033789677854697e-01
-0.000000000000000000e+00 3.908522060576125612e-01 -0.000000000000000000e+00 1.527408653514604198e-01 -0.000000000000000000e+00 1.450952524879785543e-01 7.875820533955188996e-01 1.772117254416083754e-01 2.563690653670931408e-01 2.922970486254407585e-01
-0.000000000000000000e+00 8.401089271612488529e-01 -0.000000000000000000e+00 3.627849803333288436e-01 5.250277968554559888e-02 1.464962306250667222e-02 -0.000000000000000000e+00 2.871205754071521343e-01 2.777624437146782310e-01 6.534160807284388438e-03
5.207032759133555233e-01 -0.000000000000000000e+00 -0.000000000000000000e+00 6.188549482165978111e-01 -0.000000000000000000e+00 2.653888772819820163e-01 5.233430292924675653e-01 -0.000000000000000000e+00 3.959127463121656781e-02 -0.000000000000000000e+00
6.533041148147903376e-01 -0.000000000000000000e+00 5.064590844206240394e-01 -0.000000000000000000e+00 -0.000000000000000000e+00 2.757666502740512837e-01 -0.000000000000000000e+00 4.191711983264996277e-01 2.548356145911354620e-01 -0.000000000000000000e+00
4.366206984403178115e-01 5.594553204838392801e-01 6.311626385982577013e-06 2.345853162747635889e-01 3.274042725714947921e-01 3.131076670268425066e-01 3.410525498938973138e-02 -0.000000000000000000e+00 1.467232453361921041e-01 4.619750982848631060e-01
6.544572043157376173e-01 0.000000000000000000e+00 6.218981677232183758e-01 1.661872926477687140e-01 1.537649656686289334e-01 0.000000000000000000e+00 1.719347459882482054e-01 8.198596981473330048e-02 8.569112600007404434e-02 3.000672101336578912e-01
9.623328360102653134e-01 -0.000000000000000000e+00 -0.000000000000000000e+00 -0.000000000000000000e+00 -0.000000000000000000e+00 6.240542606323168720e-03 -0.000000000000000000e+00 2.718019176623790445e-01 5.347143835701931216e-04 -0.000000000000000000e+00
-0.000000000000000000e+00 -0.000000000000000000e+00 -0.000000000000000000e+00 7.625951840103321056e-01 5.066104518796156198e-01 -0.000000000000000000e+00 -0.000000000000000000e+00 1.975579120289779611e-01 3.197422018218758488e-01 1.432837434583179304e-01
-0.000000000000000000e+00 2.547472849335357097e-03 -0.000000000000000000e+00 -0.000000000000000000e+00 -0.000000000000000000e+00 7.078449758092732191e-02 -0.000000000000000000e+00 9.895394513231677847e-01 -0.000000000000000000e+00 1.256771242483758766e-01
9.999999217477240077e-01 -0.000000000000000000e+00 -0.000000000000000000e+00 -0.000000000000000000e+00 3.956065544328203534e-04 -0.000000000000000000e+00 -0.000000000000000000e+00 -0.000000000000000000e+00 -0.000000000000000000e+00 -0.000000000000000000e+00
6.254306212241159124e-02 1.875607566716232522e-01 6.626016418591484936e-01 6.792462931572977869e-01 1.231197250965221646e-01 0.000000000000000000e+00 0.000000000000000000e+00 1.979954287781665878e-01 0.000000000000000000e+00 7.830842132145289514e-02
1.938797127814473054e-01 0.000000000000000000e+00 0.000000000000000000e+00 2.026603116574071384e-01 3.835760110091521874e-02 3.275082389434523511e-02 0.000000000000000000e+00 0.000000000000000000e+00 1.113378577495625493e-01 9.520501113147715744e-01
-0.000000000000000000e+00 -0.000000000000000000e+00 -0.000000000000000000e+00 -0.000000000000000000e+00 3.279732403196115587e-01 8.176839468185664872e-01 -0.000000000000000000e+00 3.890050152205475342e-01 -0.000000000000000000e+00 2.692612391019688634e-01
3.817915172606113905e-01 -0.000000000000000000e+00 1.454418315480808244e-01 6.697272346263239973e-01 3.631530610687789262e-01 3.951804226100102957e-01 -0.000000000000000000e+00 -0.000000000000000000e+00 -0.000000000000000000e+00 3.106438958127232253e-01
7.277695226692805497e-02 3.821535135465285449e-01 6.548140295645702436e-01 -0.000000000000000000e+00 9.353851033405820303e-02 -0.000000000000000000e+00 6.303021226295765223e-01 -0.000000000000000000e+00 9.994134444688804186e-02 6.214742916223191943e-02
6.923988695896949284e-03 2.774167836381358776e-01 4.616052089374785838e-01 1.253907289614822340e-01 6.248580024603789251e-01 2.007257915812548851e-02 1.861697685744579667e-01 2.592448591062116448e-01 4.024079303723326340e-01 1.988469987333496281e-01
-0.000000000000000000e+00 2.937888388435340170e-01 -0.000000000000000000e+00 6.037065016246443427e-01 -0.000000000000000000e+00 -0.000000000000000000e+00 5.584497952161128209e-01 2.700444701755880805e-01 2.307597821624922663e-01 3.334461146183712588e-01
8.285277992649195955e-01 -0.000000000000000000e+00 2.610184380238925184e-01 2.741884892154172748e-01 2.696569512201193453e-01 -0.000000000000000000e+00 -0.000000000000000000e+00 -0.000000000000000000e+00 3.122768993973678575e-01 -0.000000000000000000e+00
7.415704999248977636e-01 2.150203649772776948e-01 2.478338461828872852e-01 -0.000000000000000000e+00 6.262962088410686801e-02 -0.000000000000000000e+00 1.782457760273629677e-01 2.374962981211840613e-04 -0.000000000000000000e+00 5.538264515930931831e-01
2.153508308233816337e-01 3.354229495172619813e-01 1.294784907094547466e-01 3.365332198591786672e-01 -0.000000000000000000e+00 -0.000000000000000000e+00 7.347984329809553738e-01 -0.000000000000000000e+00 -0.000000000000000000e+00 4.137238691015632241e-01
-0.000000000000000000e+00 -0.000000000000000000e+00 -0.000000000000000000e+00 8.032926777338156299e-01 2.726728870716032538e-01 5.201643249373253397e-01 -0.000000000000000000e+00 -0.000000000000000000e+00 9.899214927341166981e-02 -0.000000000000000000e+00
-0.000000000000000000e+00 -0.000000000000000000e+00 -0.000000000000000000e+00 -0.000000000000000000e+00 -0.000000000000000000e+00 9.663039426363461137e-01 -0.000000000000000000e+00 -0.000000000000000000e+00 -0.000000000000000000e+00 2.574037498667282597e-01
1.073014297250589749e-01 -0.000000000000000000e+00 5.959336032538321559e-01 -0.000000000000000000e+00 2.870516256771497576e-01 -0.000000000000000000e+00 6.853165842724271428e-01 -0.000000000000000000e+00 -0.000000000000000000e+00 2.851176725654537836e-01
2.084464786749895271e-01 1.819327981111874271e-01 5.286142862415067478e-01 2.533540413156075144e-01 -0.000000000000000000e+00 -0.000000000000000000e+00 -0.000000000000000000e+00 7.115232747526404333e-01 2.712265070289806568e-01 -0.000000000000000000e+00
2.212098471310284531e-01 1.391793401517006368e-01 -0.000000000000000000e+00 1.128010495245931610e-01 1.269927377725326573e-02 8.326079567482529420e-01 6.094829327845643213e-02 4.468115615291042841e-01 -0.000000000000000000e+00 1.490593535097710642e-01
3.999386321420910773e-01 2.862844389089449007e-02 4.626358956373920472e-01 -0.000000000000000000e+00 6.508755355482445659e-02 7.644747998648050435e-01 1.001381679674633318e-01 -0.000000000000000000e+00 1.628243496794060385e-01 -0.000000000000000000e+00
0.000000000000000000e+00 5.404689941564279065e-01 5.156039434467437461e-05 0.000000000000000000e+00 1.217054721972253561e-01 1.590362972026582514e-02 2.494688653023113822e-01 2.344806672620813048e-01 2.704638918059877953e-02 7.582088835231581836e-01
0.000000000000000000e+00 0.000000000000000000e+00 9.628838377059760756e-01 1.552466149477980395e-01 2.208012763365773679e-01 0.000000000000000000e+00 0.000000000000000000e+00 0.000000000000000000e+00 0.000000000000000000e+00 0.000000000000000000e+00
4.195007675046812934e-01 2.354469977223526689e-01 6.088011773003062510e-01 1.996265064236209807e-01 4.680336030375342043e-02 2.029571437290757230e-01 7.571431653173445186e-02 4.244651284916622219e-02 5.542361237505770699e-01 0.000000000000000000e+00
