-9.616896285888312801e-03
2.818552745101100321e+00
9.229135791781620801e-01
1.282208136028478718e+00
-1.318992563524415684e-01
2.252934951609326220e+00
1.166625555893828770e+00
3.770587210194688232e+00
2.255656777975345140e+00
-1.626651771542240166e+00
3.697678289796929363e+00
2.566625597002190062e+00
2.810280461399528029e-01
5.793515567246906306e-01
-2.042073042348420062e-02
1.118571085159549394e+00
1.170738078873791999e+00
1.951449999109692524e+00
1.986002537352619335e+00
2.117569226490048528e+00
4.134420116305000947e-01
1.632930613680950716e+00
3.006278586764673300e+00
3.742388985074538876e+00
3.871104037842847401e-01
2.130392223240204164e+00
-1.504732395204126494e+00
1.285352685261105687e+00
1.403891731182575375e+00
7.999962304757333165e-01
-3.888035962911234877e-01
6.250577912936631231e-01
2.448293950228700666e+00
1.888732012073781608e+00
9.850174988651843044e-01
5.931348568808990640e-01
1.753645076678084003e+00
2.339329117047001666e-02
7.716729316143510209e-01
8.850963860221150448e-01
2.645635957649430381e+00
1.542660152767800330e+00
-1.538882614512549374e+00
4.493086088940056455e-01
1.044710551915356334e+00
2.488667720371078307e+00
3.866329205644874811e+00
6.491284989466684641e-01
2.640552464579623670e+00
2.545487527795164517e+00
2.381090109756506479e+00
2.430044179912588032e+00
9.007434627603443378e-01
2.150861117236112285e+00
3.725154844110319274e+00
2.469396747800259195e+00
-3.193767718929191313e-01
2.146934123902971336e+00
1.289658975143143094e+00
-4.408223933911607495e-01
2.062327378005768708e+00
1.567240568709744153e+00
2.451885509323176837e+00
2.817261266118558982e+00
1.180587070349999657e+00
5.163711049062648328e+00
1.823784806796701519e+00
1.174522588154408576e+00
1.913528439337007780e+00
6.877402722805129320e-01
1.511348200018043153e+00
-1.187418028561830902e-01
4.754347098025517027e-01
1.742085948524399575e+00
3.132959979808325190e+00
2.274041656334352624e+00
2.255378356334701628e+00
9.217268764583108620e-01
2.850822101181820223e+00
