-7.415469388028984588e-01
-1.461457896826152680e-01
-5.244781032089923523e-01
-6.518065420046806890e-01
5.844590361752028951e-01
2.687485591614878766e-01
5.696335029944536998e-01
5.137504661374379111e-01
1.887012071181655981e-01
-3.730547297472679991e-01
5.649908352132111400e-01
5.125857272700264922e-01
-1.616177610715358703e+00
1.010408888007391148e+00
5.849283255630913780e-01
2.480158048936598747e-01
9.309560437877233419e-01
7.690937408437343858e-01
-4.699534806973940104e-02
-2.559059522296170397e-01
-2.884972844499928968e-01
8.848267290945023289e-01
1.615769515123893996e+00
-7.494292669509865501e-01
-1.040694229478039912e+00
-5.720964467005799081e-01
-9.017206006634842508e-01
-1.244160858951973703e+00
7.840144893977311902e-02
2.005190137894719560e-01
7.028433673987094510e-01
-8.182001260656306396e-01
2.864838647777902536e-01
6.098123608484913305e-01
-3.527674535831269026e-02
-1.472435189048509452e+00
-4.850270182208412106e-01
2.111464058938474497e-01
-1.013389668825862566e+00
5.747250210358878508e-01
-2.021838631694786059e+00
-3.554272493427531043e-01
1.112823397689291394e+00
-4.690395875228607347e-01
-3.548783537386956954e-01
-8.120121585827302368e-01
-3.174418954179912267e-01
-7.689050995538431188e-01
1.715382927545936242e+00
-2.353168314114227611e-01
-3.830021533179143178e-01
-5.329417342310608374e-01
-3.512003300832360897e-01
7.103294131141463241e-01
6.010790052410266426e-01
-5.262328964953110200e-01
-2.896920511184063463e-01
-7.429905133350009905e-01
6.805865691187948929e-01
6.739825097228340223e-01
3.282667512286782108e-01
3.969541708887971421e-01
-1.115685321080873808e-02
1.136008788231361200e+00
1.393120693489381945e-01
-1.726630829708243053e-01
-1.181942136701617518e-01
-9.410903199367995353e-02
-5.542383147527338849e-01
1.217764198241183260e-01
-1.586596445903034891e-01
-6.697636520767812351e-01
3.264654153021983585e-01
-5.204077029882497873e-01
6.661247895854985890e-01
-3.712012249654226409e-02
3.638624663562662342e-01
2.654541277462310611e-01
9.473746061657585260e-01
-3.626504206723937807e-01
-8.807547556451014725e-02
