1.390301319878572972e+00 1.531208626547638785e+00 4.147348584815954697e-01
6.991209945284644345e-01 9.271252062465987764e-01 1.233589848095135055e+00
6.640090332705766984e-01 9.303549200660956586e-01 7.418871011535231874e-01
9.970598357573626780e-01 1.023657423864142782e-02 5.886005354674227891e-02
1.414216863249927680e+00 1.070156492672716508e+00 6.417181601998888096e-01
1.329761596215443431e+00 4.877139319131177375e-01 1.501484175607271210e+00
4.007727204079912786e-01 6.362750034173138003e-01 5.964081495411475142e-01
1.046971828868987320e+00 1.545128477387319066e+00 6.877578720197254913e-01
1.005705921950968529e+00 1.103352060028589321e+00 3.417648355775049630e-04
9.887311444467807853e-01 1.371131053295256141e-02 2.884820197487230828e-02
3.244105939055854093e-01 9.235814110302402735e-01 7.563265223697915873e-01
-0.000000000000000000e+00 1.079324877076237241e-02 8.573028424803337266e-01
1.346114824298199619e-01 1.594874525374651464e+00 3.594578587679724824e-01
5.496715190499612547e-01 1.372062261321866705e+00 1.028467417761690150e+00
1.140669141819507626e+00 1.036946804636628583e+00 8.440348878593016968e-01
8.620471556908345656e-01 5.906725199707562046e-01 1.932010724423192105e-01
1.004868968729812018e+00 5.749257059575182405e-01 6.397834552655708162e-02
6.058823629444850534e-01 7.538547291461987765e-01 1.493537440321735632e+00
7.903897446903549451e-01 1.707320372076814419e+00 9.382073708061465789e-01
1.148962489182140612e+00 1.626990713522578069e+00 1.470659462320213162e+00
1.633420004592329278e+00 9.722445426331122881e-03 2.462348175155369967e-01
7.360542823983718952e-01 1.148740700244436308e+00 1.365396614414331911e+00
7.262878951259620353e-01 8.302531771250887260e-01 5.304144823812100284e-01
9.470245883920397345e-01 4.177629083395899556e-01 3.261867439387407419e+00
2.117287296752351847e-02 7.419321640468224954e-01 1.405403412051885237e+00
6.063646529965608378e-01 1.073281961167759313e+00 8.455578222743034278e-01
1.221827322070894617e+00 1.029531750681403457e+00 1.661604664390907038e+00
1.184962396712096355e+00 5.660254591523377066e-01 5.053103537407862555e-01
6.557546401106081335e-01 4.357969351794678814e-01 7.032180796927450794e-01
2.847914996068779195e-02 3.711960809787139826e-01 8.311184642005140510e-01
5.934267967779131014e-01 3.703800777020387347e-01 2.075003057254626304e-02
6.637716144622204384e-01 1.618953650757280815e+00 1.783545149584575898e-02
4.596245681336305622e-01 4.783336768395373140e-01 6.980206490545032283e-01
4.401487384554855775e-01 4.124135812731985484e-01 1.168321643348245065e+00
1.385556511707451088e+00 4.662515078513175017e-03 7.663584262649904000e-01
7.672535848978734307e-01 2.482781024490297306e-01 1.314317107076171887e+00
5.289673203879121655e-01 5.215573651659910492e-01 8.843451851089145777e-01
2.039797701790541096e-01 4.513461514932507468e-01 6.267457723987874818e-01
9.803430684901067726e-01 1.087637862559278856e+00 1.082370410534363003e+00
1.742011551447754727e-02 3.711678657522065605e-01 5.309579096493343142e-01
1.909850363728960235e-02 1.020659442901273639e+00 1.031402461678122329e+00
1.664123875901222460e+00 6.906249972267154424e-01 5.560074600469481210e-01
1.639767019847439000e+00 1.229679724584566147e-01 7.088041603614446684e-01
1.197560203612637458e-02 7.839773527940341585e-04 3.792123442144150203e-01
1.891462168542000555e+00 1.028838063181123808e+00 1.400105802318517279e-01
1.405669517149235430e-02 8.630641233583613570e-02 5.788233080607567693e-01
2.429527752892134823e-02 1.766716096573473616e+00 2.237028230989935196e+00
1.096694127009566921e+00 1.152182446350957568e+00 5.388266637555886307e-01
7.934303546677714536e-01 1.304107812240130837e+00 1.100332716823058998e+00
4.761641765792384851e-01 9.795533427460684228e-01 1.474182389465341636e+00
1.076377433129102723e+00 4.991916924508590925e-01 1.323933382884032284e+00
5.459971881370269120e-01 1.815125472292867581e+00 1.294074881754582740e-01
5.675173776626767780e-02 4.427886293519467387e-01 1.189544819622847749e+00
1.520304089971770932e-02 4.564124172552710412e-01 1.459469434586205261e-01
1.069321867617018494e-02 1.642013737381259997e+00 7.131468382522053728e-01
1.746146277984309547e+00 1.979007826857106522e+00 6.471140221416253890e-01
6.158668532509559146e-01 4.271742274224282765e-01 1.704112783793092722e+00
2.063007942525285632e-01 1.144468812731828544e+00 6.902689965471959788e-01
8.514918867217773357e-01 3.953966284527733466e-01 5.663578632137082902e-01
5.678262728628907796e-01 5.519390524701822676e-01 9.636008513557663413e-01
8.011195138730817789e-01 1.392009771259581141e+00 4.231762354003493765e-01
6.797580241356285802e-01 2.352023614429184228e-02 7.159581592009237605e-01
5.556761214756260614e-01 2.872023416074598878e-01 4.756881717388954378e-01
1.110922317712928153e+00 2.470109619903281262e-01 8.022322654137321596e-01
1.982922062773167238e-01 8.570163236161000286e-01 1.075946692031506169e+00
1.176067341814955203e+00 3.458329807867151218e-02 1.293779263765040488e+00
1.000072523207851560e+00 1.427509639967672155e-02 1.119405003613427318e+00
1.422944338481391791e+00 1.609949895420058841e+00 2.810167366193209171e-01
1.105856508875221883e-01 3.346893563932612503e-01 1.035796277712393854e-01
5.716115104606769304e-01 6.466362131336430563e-01 6.452022686005352003e-01
2.158301831638110777e-02 1.470027102293939847e-01 1.353218510093358251e+00
2.759391070390438891e-02 4.708027327848142152e-01 4.252575323440264121e-01
1.172588583209253743e+00 4.546203399602581352e-01 1.142157094591804256e+00
1.014065939238275371e+00 2.629388136635561479e-01 1.552418732556815284e+00
3.762511102599183643e-02 1.269801504427544137e+00 3.771647284689785828e-01
6.955825514656565067e-01 4.205438196467434775e-01 9.104641205730265030e-01
8.643049666268743936e-01 6.221010430363330679e-01 1.796851199060310877e-01
1.330089922733824981e+00 7.365716263256673058e-01 9.937472037836596606e-01
8.909162230385926362e-01 7.198478827376389999e-01 1.023615818655539300e+00
1.541869269809780674e+00 4.636999098416987736e-02 5.874834257322615327e-01
