9.917091015818290112e-01
9.606174185157162482e-01
-1.943600042599122057e-01
-8.746887440978440287e-01
6.538291206811244205e-01
-5.418338314508485132e-01
-8.670058336035905977e-02
-1.289089802621588676e+00
-8.240407318304909801e-01
-8.106038352139945946e-01
3.676991261723496773e-01
2.659993053032700394e-01
-1.083507564781260646e+00
-1.994678985055511333e-01
7.494886393398251245e-01
8.786886881134526872e-01
5.343548496010263049e-01
-6.542785549406638923e-01
6.308382459991367375e-01
7.718241133489419648e-01
8.313570722162820781e-01
-1.648592479962543544e+00
-1.072471391898505599e+00
8.766857641300026538e-01
4.123776256092405168e-01
8.094552734310965780e-01
8.206049580642672536e-01
-9.215388797492067852e-01
-1.733858921089644900e-01
-5.196839740632189786e-01
-8.884178219021621192e-01
-1.387004670456319477e+00
6.674803736516692343e-01
9.410500250186432103e-01
-1.818108793599775563e-01
-9.166947456949954276e-01
-9.374017758066153228e-01
1.755596388786413997e-01
-4.891185135375579751e-01
6.500075071171020902e-01
2.498502070199856984e-01
-5.110321048896455665e-01
-7.752166543418244071e-01
1.087011399065519024e+00
1.694758251745849542e-01
6.012326763757764869e-01
7.416199362061758338e-01
-4.601295481337629861e-02
1.907051469518917242e-01
7.635812272807358525e-01
-2.652364633426278484e-01
-2.424865189106795507e-02
-1.555370344611316069e+00
4.771363150961756804e-03
-2.645315937496616199e-01
-1.516584833265315568e+00
-2.049477449332861301e-01
4.173910815321351664e-01
6.654328386031709286e-01
4.301950057875746913e-01
-5.401168955289944451e-01
5.154831844351689396e-01
6.116635137791290866e-01
9.080539181564080131e-01
-4.741319319093071916e-01
8.559567251940372046e-01
5.030178575749162384e-01
-7.471666417644901026e-02
3.697400907362775602e-01
-1.384524064961141498e-01
3.334433277858867006e-02
-4.164239737010168585e-01
-1.042037761008148378e+00
-4.553003419757932213e-01
1.265370477954399719e+00
1.961678481054414391e-01
-6.657248348209205968e-01
-5.430096395880515958e-01
9.114933809854963709e-01
6.093640126040020810e-01
