-8.203957507247486251e-33 4.591187158618223136e-33
-3.554673131399116789e-33 2.765085427908724719e-33
-1.987828789734627233e-01 -1.947870307390210665e-01
-1.542679893163468432e-33 7.062106847752492962e-35
-3.747036923035784836e-33 9.582996857565750626e-33
1.035603897255312071e-33 -4.580008151427728396e-33
1.340050251904210943e-32 -8.828137560719097244e-33
1.068225611870662262e-33 -1.581494265203929657e-32
1.644541409706163229e-32 6.023452065162755021e-33
1.845981032395063879e-32 1.591888068062689685e-32
-3.535912650627081840e-33 -4.399693024742605703e-33
-3.835036266856641439e-33 -3.716361631494808302e-33
4.255775896520088083e-33 3.846248863668147932e-33
-3.632131929250335794e-33 -1.650120088120733078e-32
-5.175837835417982605e-33 4.111719881969584747e-33
1.674258506916090765e-33 1.420890992712976225e-32
-8.132109931530161257e-34 -1.083524939265371097e-32
-8.472918950098993556e-33 1.205232766639903641e-32
-1.967121526727875979e-34 -6.858599104528155613e-33
5.277117450790566193e-33 -5.503597954777495317e-33
-5.241687864369198868e-02 -4.893069023430266645e-02
-1.917783406844303373e-01 -3.014248023386446595e-01
2.662080036573282297e-33 -2.567887468918439907e-32
7.862186037157158310e-33 1.195494449712945616e-32
4.547604826485981755e-33 5.428995452428716344e-33
5.946245958246970380e-33 -1.036365124630676384e-32
7.452587333060883259e-33 -2.167107635237102208e-32
-4.027604387060298554e-33 -4.303226398380287840e-33
-2.370128449006774585e-33 1.022363237526270127e-32
-2.488982818452758206e-01 -3.773626418208383404e-01
-2.293696509072821950e-33 7.027020870445502134e-33
-8.444154795700091670e-33 3.336325082467684943e-35
7.347849775600923988e-33 1.259752719618732079e-32
1.811376288156028456e-33 1.227856438995803685e-32
1.421224348695572289e-34 -3.589248330418307464e-33
-1.244061632882850220e-33 -7.797334767381893238e-33
-1.642649861632522665e-33 1.013748183676164687e-32
1.090568131003911440e-32 -1.085271573591527266e-32
-2.602649278565206115e-01 -5.172785145002611884e-01
-8.495195851427835864e-33 -6.725532377414793795e-34
-4.072016462218102100e-33 -1.860180922914468897e-32
-5.237870162161984618e-34 -3.075824033152014938e-34
-2.966176955257705528e-01 -2.499592413379647937e-01
6.059121800912949586e-34 -1.425899074691204458e-33
-1.332687325984821921e-33 -2.170608016106699354e-33
2.747479305727788644e-33 -4.741793827308362834e-33
-6.335522427433303751e-33 -1.053256094616815154e-33
6.278627553150282117e-33 -1.040605594977372969e-33
-3.757452034265790670e-33 -1.141106811973654619e-32
-6.814892870571773476e-33 -1.214073390405947231e-32
-1.329587815553810726e-01 -2.612016130093328670e-01
1.304154880111693877e-32 -3.814255322932841698e-33
-1.040382587483870034e-32 3.482573026841424894e-33
-1.380478439719100264e-32 -4.901536368863606214e-33
1.684402975519622589e-32 1.554866686160099098e-34
1.769073032477402946e-32 7.794143314697082842e-34
-6.430271886017130933e-33 3.569442756849061248e-33
-1.327071312040029710e-33 1.509903356978566677e-33
7.926970763621464381e-33 -2.339976152829233856e-32
-3.111133545100129115e-32 -3.777424105329032786e-34
7.785742224718923687e-02 -3.228007912487364933e-02
1.069889914877722238e-32 6.717816864944969470e-33
1.490152985581009259e-32 2.511004253019864640e-33
-2.955972314692866809e-01 -3.276985389938273374e-01
2.292713249818565202e-33 1.863375350901691846e-32
-1.915970373492740612e-32 -6.079147703246810174e-33
3.765953307524390450e-33 -7.634636178825204155e-33
5.002783951555389323e-33 2.636780561169249732e-33
-5.280600305596385007e-33 -4.377250926568062335e-33
-3.559198228894637851e-33 1.089092743710732110e-32
3.715043717089179827e-33 2.751267484917305338e-33
7.005231174048209815e-33 6.483338217510943824e-33
5.141408726116091821e-33 6.167601032124292325e-33
-4.629820565341810742e-33 1.166095066122950049e-32
-9.238815515262666097e-33 7.369964569091840653e-34
3.294328058551781309e-33 -1.634706799982237960e-32
4.458527945108402570e-35 -1.510356233659197136e-32
3.611698599089282713e-33 -1.109921561396099836e-32
-1.202677643933004680e-32 -1.303300017125059588e-32
-7.618247025354433211e-01 -9.617023527803710836e-01
1.940398719489305917e-32 -1.222943075208721999e-33
1.351108457468797224e-33 1.591775652494622072e-33
1.295103438381764120e-32 -1.887028605570954367e-32
2.716711489222205873e-33 1.187051879044773775e-32
-1.027219793536158710e-32 3.677181075151755065e-35
-1.317723790541984519e+00 -2.050502013832476766e+00
-4.681417061976771110e-33 -9.349226754479231270e-33
3.180135517322269600e-33 -6.106267910486850265e-33
7.660093984804636108e-34 2.823193280076188929e-33
2.825061451882727807e-33 -1.927891253799783160e-32
1.862197940254445823e-33 7.878690831396734325e-33
2.345317974083813454e-33 8.008273944859624390e-33
-4.056828338057185124e-01 -1.583742301270069097e-01
6.580468325110806447e-33 6.408147754561015902e-34
-4.656053883043364790e-33 1.335172201862116164e-32
-5.304069574787491599e-33 4.281325511662569656e-34
4.868319976546034969e-33 1.798397239054826119e-32
2.343616294159509145e-34 5.692262203871443782e-33
4.741716432580482423e-33 1.850704999429532568e-32
2.324350127403522717e-34 -5.923618437568662383e-33
-4.762268440535578049e-33 -1.407586633394241607e-33
-8.786604884956932260e-01 -2.097486442157473263e+00
-1.221062362723488965e-32 1.293477032747489954e-33
2.208488675072958986e-32 -7.701292160703048498e-34
1.636742508719797163e-32 9.749215925346750741e-33
1.140054450348282542e-33 -1.416245222707684947e-32
1.578275314884980243e-33 5.468370608971891427e-33
6.085036323457887255e-33 -8.422139633212608860e-33
-9.809855261995195608e-33 -8.855922533755262150e-33
-1.659698347936411496e-32 1.875193085825241286e-33
-6.514557405795189382e-01 -1.810392841142145715e+00
1.840201596492791285e-33 -3.292939951069570072e-33
1.151576304684367754e-32 -1.592592202702236859e-32
4.729498782790731353e-34 4.472000055086003391e-33
-4.107479531332509234e-33 3.729144594964359367e-33
9.127892346628197301e-33 -5.550603044405202575e-33
5.354592703069427796e-33 -5.077458204250571266e-33
2.012641951890142498e-32 2.312125144161690079e-33
9.620907757300524698e-33 -4.963598752559873929e-33
8.794583156180273761e-33 -2.908593344583806289e-32
-3.955461431597475652e-01 -5.900245845271719913e-01
1.309430040111866997e-33 -2.568491856009609485e-33
-8.908782009727109211e-33 -9.846374470733740926e-34
-1.189902764123776827e-33 -9.614882812577801594e-33
5.841112065264678162e-33 -5.217358339312006121e-34
-2.993587072591538334e+00 5.606269870404654299e-01
-8.894077424998519742e-34 -8.165089120702876218e-33
5.178241789921222429e-33 -4.046027544688246338e-33
-7.074466655382094751e-33 9.363753949983318761e-33
1.331834099556363761e-32 2.430808624445121188e-33
-2.360072162708214821e-02 -1.453203413835223445e-01
-9.031395526907683419e-33 -1.399574922063666032e-33
2.383800418819952020e-32 4.678500450029791207e-33
-8.525836664076130465e-33 -7.989078896336122598e-33
1.595389747354821943e-34 1.816844248817237853e-33
9.586876803477258431e-33 8.572810628089045340e-33
1.047555767576466792e-32 -7.065529847659810425e-33
-1.411194505016129086e-33 2.018607924729221461e-32
-3.988059376144509893e-01 -1.112066547713483899e+00
5.699258164294888738e-33 7.421781866564399012e-33
1.638297837698504107e-32 -2.315570585160801935e-33
7.567406302281737144e-34 -2.369990228229739107e-33
-6.740756269787075223e-33 -1.816149489648875456e-32
-2.230119354624776378e-32 -7.647140732388755317e-33
5.769440322495439573e-34 1.759636940916423347e-33
2.495920239903586170e-32 -8.074718916148627240e-34
-4.673142345006996089e-34 7.995775005996849744e-33
-2.909870547101237933e-33 -1.793329552675667114e-32
-2.319480723351748842e-33 5.253633087292547781e-33
1.037976916007569282e-32 -1.145600103427206618e-32
5.353103282479092771e-33 -8.270037342323280962e-33
-1.262311071058779240e-32 3.715215853976396355e-33
4.713532807104058850e-33 -1.681256125454416745e-32
1.969550822306401485e-33 -3.086305557314200589e-33
-6.886999654172134168e-34 -8.995372362023333837e-33
2.867002990746006153e-33 1.292186947820848160e-32
-7.014602719297135820e-33 1.289369810270518203e-32
1.780289468304205888e-33 -9.554140458292387832e-33
6.179386061654687780e-33 1.149250636995124769e-32
-6.480264637581377899e-33 7.882205486044991137e-33
8.941764106109685229e-34 1.595148316032073502e-32
-1.062480767301562601e-32 1.601580217349901560e-33
-9.654819651242435574e-02 -1.645343427347649157e-01
-9.777869891508811362e-01 -1.734838429274026650e+00
