-9.785402598471697466e-01
4.096187777670642127e+00
2.591223616989215064e-02
1.904669614371450548e+00
-1.589705314476860032e+00
6.921655077714868876e-01
3.981046056802655664e-01
1.976906334086474093e+00
1.291431573006706968e+00
-1.703659166438702854e+00
3.535130637707757373e+00
6.857548637453128038e-01
1.712084427662071695e+00
1.630649376226794844e+00
-4.707560406719721868e-01
-2.879626507828680348e-01
1.112481689952977693e-01
2.661992313852372671e+00
5.847596096922768050e-01
6.787461405091799183e-01
-1.002692497041915987e+00
2.429281836218401658e+00
2.301823150993644429e+00
3.558644992743015489e+00
4.194672879141540106e-02
1.032840001241947636e+00
-1.987287300014792812e+00
-2.295780616087740034e-01
-2.076850376426276346e-01
-7.061714476307053845e-01
-2.990128828210256717e+00
-4.060681929642647181e-01
1.359675823869117783e+00
8.418891640769606832e-01
-1.730954800927416160e-01
-1.150986432496098999e+00
5.598430189268307489e-01
-5.023158700514950281e-01
-7.085419520175346986e-02
-1.065541887835643742e+00
8.188439557447794170e-01
1.819803959994385378e+00
-2.397056328729785690e+00
-1.269176358535689442e+00
-7.871533829664666415e-01
2.630184657127301762e+00
4.274575275651314676e+00
-6.943419610947267895e-01
1.679039620816369593e+00
4.473996769984423527e-01
3.068882753776909222e+00
1.275989274740955137e+00
-3.819614898898387456e-01
3.742730853000764135e+00
2.972227878601064077e+00
1.247110834244944844e+00
-8.621927436392332611e-01
8.327591311270424734e-01
-1.270908634528915115e+00
-4.308719641506859044e-01
1.258538741682191597e+00
4.089818447404836022e-01
1.557531221457696180e+00
1.063949074621811208e+00
1.855192430188974395e+00
2.178589186348592666e+00
1.181953781182223606e+00
2.029470595030406777e-01
1.539880191081392624e+00
1.209254501862776499e+00
3.891915748969691502e-01
-2.058040916034243217e+00
-3.616640551337774179e-01
-7.613025429828446100e-02
1.905901073079425467e+00
1.088292875142558680e+00
2.124001686432710478e+00
-8.197132082538683973e-01
3.148013271801529456e+00
