-0.000000000000000000e+00 -0.000000000000000000e+00 4.773874013184133958e-01 2.091741944336775738e-01 5.961295832754414104e-01 -0.000000000000000000e+00 -0.000000000000000000e+00 4.312284731400721216e-01 8.038444459835222822e-02 4.249203341912686227e-01
5.818356741773753615e-01 2.368134322736472896e-01 -0.000000000000000000e+00 7.854505033898748212e-02 3.592547395194601867e-01 5.757214548375582108e-01 3.365685291758617470e-03 2.048813924392533514e-01 4.271009458024991462e-02 3.080361913878392199e-01
1.949346687258359800e-01 2.239621999403518075e-03 3.116871811229758871e-01 3.658354403937083554e-01 3.801338615125783860e-01 2.618653544250435505e-01 3.513725585675923080e-01 4.694632005007257636e-01 3.633632231992950934e-01 2.050477277818119892e-01
2.747289928552005267e-01 5.530881584036808629e-01 3.246793697379424803e-01 2.529877161448557121e-01 1.330796090535453459e-03 -0.000000000000000000e+00 1.623816691745234575e-01 -0.000000000000000000e+00 6.489041631797468623e-01 4.185452628602957803e-02
-0.000000000000000000e+00 -0.000000000000000000e+00 5.056730547427171762e-01 9.749389817983451778e-02 3.190373989189370652e-01 2.465334306748722670e-01 5.500792578700152563e-02 9.675934822476351532e-03 1.782382663569665945e-02 7.541809615507207853e-01
4.046762448661218037e-01 4.026737854640692893e-01 6.478204550469237460e-03 4.368552717678286790e-01 2.494738563915382401e-01 2.458555296568815385e-01 4.622078146154890987e-01 1.960919209768045290e-01 2.670034474941926361e-01 1.927313438754445774e-01
3.800179533189889103e-01 8.631461103550092107e-02 3.741031873765984783e-01 2.945430911337620916e-01 4.763285768322105818e-01 2.614687108418839445e-01 4.498391162119828174e-02 2.177871887017658256e-02 3.560907111034784522e-01 4.437049204665283741e-01
3.757702855778687900e-01 1.570878189270439040e-01 2.985373338326494097e-01 5.608439855787692441e-01 4.203701403673541087e-02 4.097892784456860782e-01 5.294763749616630821e-02 2.130410847211476610e-01 1.748120734561892653e-01 4.266216278740263546e-01
1.849633623410378569e-01 2.430028664371152586e-02 7.910463153262696778e-01 7.648371974203958985e-03 -0.000000000000000000e+00 4.994866006073156450e-02 2.410682294684599325e-01 5.275561582772479996e-01 -0.000000000000000000e+00 2.147137718541607468e-02
3.554296427131873326e-01 2.197668443103836800e-01 2.713489289591520821e-03 4.199190265828010582e-01 5.205473216797175118e-01 3.345674732291849529e-01 6.331173616669812099e-02 1.214710183967538173e-02 4.287105910185540214e-01 2.796056941307669685e-01
4.232508779633437634e-01 3.143650716328512569e-03 5.388055623812751773e-04 8.364859796062854513e-05 -0.000000000000000000e+00 6.065251641373814451e-01 6.065784558621516442e-01 9.094607255497622403e-03 1.462157484820139075e-01 2.521439264024284976e-01
7.542662082322558470e-02 1.357837182798944942e-01 2.679110254698169324e-01 9.900556179050550021e-02 3.186085630396014168e-02 4.601272834682370583e-01 -0.000000000000000000e+00 2.108998161880128175e-01 7.981755598006710084e-01 -0.000000000000000000e+00
3.501018974163379593e-01 1.316708366947852513e-03 1.630824246195679561e-01 2.573187825481331945e-02 3.934502271527584027e-01 5.293551080341798443e-01 3.780624102213258619e-01 3.008742946072929247e-01 2.532700448916042624e-01 3.428509391275078033e-01
4.728266845271423824e-01 1.929912134163008219e-01 -0.000000000000000000e+00 5.248556079444510573e-03 1.787477533808237429e-01 2.119643057513302675e-01 3.017422699470067582e-01 8.410899524546891493e-03 6.925165449451898825e-01 3.026282184868297476e-01
3.779820982060971835e-01 6.079361051478294753e-01 3.264577950759193214e-01 1.794459235855660195e-01 2.912782390696432855e-01 8.148808553911540686e-02 4.296033390857885714e-01 -0.000000000000000000e+00 9.203133699911168752e-02 2.534868388146618856e-01
1.755922654037474218e-01 3.667865916968058859e-01 2.932006393808158640e-01 2.314087716338338319e-01 4.810646517564340363e-01 6.447807053910260822e-02 2.714912959179363594e-01 5.205676204242041041e-03 2.897423375439585058e-01 5.494110048224878362e-01
1.051965769059644146e-01 7.496643847272109560e-04 -0.000000000000000000e+00 2.961603459170179531e-01 3.870636393307276824e-01 8.471077293746465120e-01 1.838343762232468037e-01 1.505643936072705762e-03 -0.000000000000000000e+00 3.880311021129073321e-03
1.358972714489457001e-01 8.230697373885295653e-02 9.569585407784934883e-02 -0.000000000000000000e+00 4.378138552998179361e-02 1.289888854054042355e-01 6.601569672022943036e-02 8.403938340869113732e-01 2.094400961432994410e-02 4.857842471699338471e-01
-0.000000000000000000e+00 2.000657514070770526e-01 9.072374025144486209e-02 9.282452593844660316e-02 3.806467311730345471e-01 2.035317717982779856e-02 2.806186744332833105e-01 3.385811380668975468e-01 7.774550097488691636e-01 -0.000000000000000000e+00
-0.000000000000000000e+00 4.339723085269607261e-01 1.074818312493488193e-01 2.793059330526875828e-01 3.659823131089941506e-01 -0.000000000000000000e+00 3.016157949745997269e-01 4.043322068422368076e-01 2.417359169578978673e-01 5.246598505893849129e-01
-0.000000000000000000e+00 -0.000000000000000000e+00 5.038206959155864910e-03 1.060045333042060889e-01 3.867681107533591824e-03 2.418155988109837833e-03 1.905244323446547983e-01 7.340373277425662479e-01 4.579597865298416608e-03 6.431061486238126568e-01
5.371374499586463180e-01 2.421006686923382334e-01 1.769766960004823340e-03 2.966385011427006280e-01 5.124702844553907094e-02 3.491567662176602027e-02 4.210982463746426596e-02 -0.000000000000000000e+00 4.404584511938778313e-01 6.043598652109549718e-01
6.117894813797860598e-01 -0.000000000000000000e+00 3.806067585775093631e-01 -0.000000000000000000e+00 -0.000000000000000000e+00 -0.000000000000000000e+00 1.458847996520850343e-01 9.983270035947619525e-02 6.704917074066114591e-01 6.637263483329903027e-03
2.529514097471509126e-01 2.794590646234810793e-01 4.059773901563621390e-01 -0.000000000000000000e+00 3.771015840479541303e-01 3.033746747173232117e-01 6.207725056858863846e-03 -0.000000000000000000e+00 9.261852483233953826e-03 6.772993861472238475e-01
1.590766202494446058e-01 -0.000000000000000000e+00 -0.000000000000000000e+00 5.261764364886483136e-01 2.048651629567334043e-01 2.958971321008934674e-01 1.957518230165262441e-01 4.557184219449121887e-01 -0.000000000000000000e+00 5.677235969034972740e-01
4.517895769761421342e-03 3.483063651997407306e-01 1.273581919483778302e-01 4.166135582233044254e-01 -0.000000000000000000e+00 9.340592399276696767e-02 3.062678196828093613e-01 1.329041470390225077e-01 2.969395081381447782e-02 7.535286402002303596e-01
2.713341964446277510e-01 3.718783556259936396e-01 1.159935080511744349e-01 7.900737226216849596e-01 -0.000000000000000000e+00 1.927438811292395970e-01 -0.000000000000000000e+00 9.871829163871406743e-02 7.941507411891976509e-02 3.117867902192265062e-01
8.502689179775174688e-02 1.214537509773595120e-01 1.121930899642712420e-01 1.383675960426826446e-01 2.105319678622551705e-01 2.979848754686167389e-01 5.500162661918394091e-01 3.987402383271542727e-01 2.762603852600180043e-01 5.247250387332004218e-01
7.430592965835061681e-02 2.547222593512943334e-01 3.484214067662933512e-01 1.481161433972704444e-01 3.231828056751306355e-01 4.197403779453066086e-01 4.361732324232207025e-01 3.572045900849511457e-01 3.830899487454090813e-01 2.025588885458729782e-01
4.113318790532489166e-01 3.686941213459203337e-01 3.705720198496770812e-01 2.350555528892075627e-02 1.644734200433056737e-01 1.139166185962912636e-01 3.538958979549837736e-01 7.373543266143858799e-02 4.487920086841989398e-01 4.299681471498638108e-01
9.407190283774310643e-03 1.841280849512244577e-01 7.707751642026158465e-03 -0.000000000000000000e+00 1.434747507703836578e-01 3.945451661596222626e-01 2.764128956298328998e-01 4.691711770106796187e-02 6.272572283776600699e-01 5.635965898258861184e-01
2.384526115707685523e-01 2.873569238824985050e-01 3.617274226300964957e-01 2.503814569587102246e-01 8.031694125576729348e-01 6.787219403736445555e-02 9.086164096490838282e-02 9.509941345897467146e-02 5.740731329977002972e-03 2.883718697490011019e-03
3.393380401681529712e-02 3.899731840905802382e-01 -0.000000000000000000e+00 4.848033361673079744e-01 3.187904138625994310e-01 3.839229528198671582e-01 4.209316050432400647e-01 1.475092611550635480e-01 -0.000000000000000000e+00 4.046833057501220132e-01
1.440319149599691428e-01 4.352618781308904145e-02 3.963799658973921926e-03 1.333739769696118960e-01 7.245206972070818152e-02 8.037476695446567065e-01 -0.000000000000000000e+00 2.662107138796668826e-01 4.872653510331827476e-01 8.147391627484072869e-04
4.645137436642691187e-01 5.979851569902395747e-01 5.012777447609696457e-01 2.726912389648105946e-04 4.458555785334433058e-02 8.252408252316446521e-03 7.822636339427070651e-03 1.197994212483507320e-01 1.046929742921920209e-03 3.986114862488617794e-01
1.339860519723015848e-02 -0.000000000000000000e+00 1.446996990586338627e-01 8.020508703448815391e-01 -0.000000000000000000e+00 5.445014081790758853e-01 -0.000000000000000000e+00 -0.000000000000000000e+00 6.817358573306658842e-02 1.856541261308975177e-01
9.561791527840335370e-02 2.394421024606742943e-01 4.341122573270989604e-01 4.320933069293214634e-01 3.540971092331303693e-01 2.840921605227503810e-01 2.706810295027902713e-01 6.850402858455759136e-02 4.716828149736340681e-01 2.276571939299931180e-01
2.649673157665042005e-03 3.525934184164200014e-01 2.041936964848035246e-02 1.311461196189292987e-02 5.834360543656201548e-02 5.126726724746016872e-01 6.646263740384781293e-01 4.087867972011139939e-01 -0.000000000000000000e+00 3.131898268082944012e-03
2.037093520111493000e-02 6.777066780687900083e-02 1.739962863400516535e-01 -0.000000000000000000e+00 3.680067766895524489e-04 4.569436735710797476e-03 1.099872102679290836e-01 5.074768764622071826e-01 4.132455893303378369e-01 7.240818704231621883e-01
2.353539394359586701e-01 5.622607698141192101e-01 1.809714062846068117e-01 1.539830914757924496e-01 4.381830028135280664e-02 3.036093577743622859e-02 3.992560791177626189e-01 3.830886483892840255e-01 3.912773267255905685e-01 3.315234562732600754e-01
2.312036348300493607e-02 1.287062745617226500e-01 3.308495010625294164e-01 4.915721725507666284e-01 5.039289605403245442e-01 2.937019796100086011e-01 4.023680971368484571e-01 1.669128065404113957e-03 1.794917596690910888e-01 3.122020772384885290e-01
5.894872028280729870e-01 4.818806114331239399e-02 1.725673152885927666e-02 2.563882133180593326e-01 4.029075684126079415e-02 4.447241781837857344e-01 5.820648647583174240e-01 -0.000000000000000000e+00 2.080578507830097013e-01 5.157055310008231558e-02
2.201779774460179973e-01 6.346206098381240723e-02 4.162006823125751209e-01 2.700197364046634796e-01 9.342762734414176290e-03 1.765153624179118530e-01 1.928590654410788363e-01 6.830874894067053837e-01 1.870086072744173156e-01 3.624089432829341595e-01
8.264947814529720327e-02 7.890002111964721232e-01 2.741608903699805921e-01 -0.000000000000000000e+00 1.239093098449478986e-01 2.549958101328156368e-01 3.202395156165281920e-01 2.404309108051754240e-01 6.784607143755097027e-03 2.338819259951910590e-01
2.523990423762119684e-01 4.744890545142341209e-01 -0.000000000000000000e+00 4.643425059648498276e-01 -0.000000000000000000e+00 1.954073303702924258e-01 4.680491540544470253e-01 3.964556346145462484e-01 2.847525258650490110e-01 5.078496860962843605e-03
3.338109457883720599e-01 1.001782730365589763e-01 3.510241630084831414e-03 8.477879920782813716e-01 3.516558708515370446e-01 8.741402668873815562e-02 -0.000000000000000000e+00 1.652995864576677354e-01 6.381021306950023300e-03 3.331712011221275166e-02
4.203960314053965530e-01 2.956270005335942530e-01 2.063392894726282789e-01 4.126696327812546805e-01 6.154323358707937119e-01 1.394925008270483380e-01 1.485203979763092099e-03 1.923279127890634710e-01 2.962975958491561035e-01 3.318692575517458165e-04
2.505421955611020560e-02 1.094025745414173162e-01 5.068783565819540149e-01 2.354124509197863535e-01 2.165879443707091623e-01 6.609285288146262705e-01 -0.000000000000000000e+00 3.305883623582858699e-02 4.360456883460246402e-01 9.648083780683278446e-03
2.445259416289561824e-03 3.426184145648009660e-01 2.905304475267502240e-01 2.610027249401820557e-02 7.666176698792656792e-03 6.264512871301542996e-01 2.759635144634405846e-01 5.575585789885053600e-01 2.405303185315635361e-02 1.319526940645979751e-01
1.867866798389851979e-01 3.752095041878080860e-03 -0.000000000000000000e+00 4.490734439255933408e-03 7.613696174337393208e-01 5.210811349599790976e-01 1.485272131225435534e-02 2.951460011662647154e-01 1.625397813113146628e-01 1.078433659511250989e-02
2.238448210222324375e-01 1.524824703459847774e-01 1.124536304648375284e-01 -0.000000000000000000e+00 4.227219141089472165e-01 3.762473364222043704e-01 3.677960686674601187e-01 1.029694475339993920e-01 6.020843527477155455e-01 2.921620704761675458e-01
1.716547617911723389e-02 1.300743464448270437e-01 3.955196722479032978e-01 2.615850670360145291e-01 6.312789724426401960e-01 4.147200949445471463e-01 2.007273845915844568e-01 -0.000000000000000000e+00 3.591103904324597362e-01 1.347805577692459400e-01
4.997791163457568908e-01 2.635126532990330062e-01 -0.000000000000000000e+00 1.793048093404230048e-01 1.972775327480974852e-02 5.590377450794146164e-01 4.667752304878285408e-01 1.770157298259321665e-01 2.941183990977641605e-01 -0.000000000000000000e+00
5.608432092570860839e-01 4.510785925552750555e-03 3.771733392750429431e-02 1.026617059422541556e-01 1.359591757012010294e-01 -0.000000000000000000e+00 7.327031232348177880e-01 1.567802567016810533e-01 1.649569001610457497e-01 2.575712177969050054e-01
-0.000000000000000000e+00 -0.000000000000000000e+00 5.812883036257672220e-01 3.433522436245649567e-01 -0.000000000000000000e+00 -0.000000000000000000e+00 7.361613206946231447e-01 -0.000000000000000000e+00 4.774573047931802289e-02 -0.000000000000000000e+00
3.612091905148607229e-01 4.288826423342448346e-01 6.474473433544244462e-03 3.567814524738143617e-02 2.220244335575135008e-01 5.145260178704198495e-01 9.505998544109157131e-04 4.584833245987063148e-03 1.199946721586310581e-03 6.084550226329163980e-01
4.579222638493819497e-01 7.022897545189936419e-02 6.236148057807102546e-02 5.023393328915561895e-01 7.256746706203794917e-01 1.885698136743997957e-03 9.615791320033519052e-03 4.892695308137354898e-02 -0.000000000000000000e+00 6.909271322958389014e-03
7.912276611792290471e-01 2.702118319827996884e-01 2.967085087756966000e-01 -0.000000000000000000e+00 8.493602383972076453e-02 -0.000000000000000000e+00 1.690127528272223623e-01 -0.000000000000000000e+00 3.374067904133742912e-01 2.515663607886726716e-01
8.340883792946713893e-01 1.404320005065998467e-01 3.206289652221927522e-02 1.423814890850450265e-01 1.134384036652685834e-02 3.178988410962523825e-01 2.139846077677811931e-01 6.114566474453790590e-03 3.407435606699523167e-01 1.239276742671598791e-02
1.592430083281532946e-02 3.200189166653688577e-01 3.755926146405543231e-01 7.314717977680406102e-01 5.500183355626022189e-03 6.883117106484254455e-02 2.997255822234878853e-01 2.774275110204914019e-01 2.226124751280494085e-01 9.368126642989579173e-03
2.367532733237789344e-01 5.389396110803908874e-03 1.210642894550775523e-03 6.847182762569122005e-02 1.157333320118009851e-02 8.946463960062212006e-01 1.175963569914196816e-01 1.249498957396846625e-02 3.449474248062120441e-01 7.569092015933133466e-02
5.908332042265379558e-01 5.576396110404753005e-03 9.713220027610658391e-02 3.497893589798867914e-02 4.658221171059908142e-03 5.915728580119377494e-02 2.993503481948575282e-02 7.973745883404579349e-01 1.792735635205618301e-03 2.175154586371791046e-05
5.719834023497869513e-01 4.175619492616965411e-01 1.266718761486331224e-01 -0.000000000000000000e+00 5.796374241288826563e-03 -0.000000000000000000e+00 3.498506817435853566e-01 -0.000000000000000000e+00 1.401456491509893432e-01 5.834049548224380377e-01
4.373834494841680742e-01 1.574739474542773687e-01 4.899453743012783802e-01 3.517842809416394378e-01 2.783218773819117198e-01 3.485586426827780859e-01 -0.000000000000000000e+00 2.638086143850194021e-01 3.892257538952795248e-01 7.152379765272636435e-03
3.228312403334132052e-01 3.965365229588440066e-01 4.965388739916339889e-01 2.214986661894716435e-01 1.789541264214603578e-01 2.984790896740568272e-03 4.631562531364106887e-03 7.883795152061371173e-03 -0.000000000000000000e+00 6.409439677370079025e-01
1.305288492538803358e-01 2.698997442581098638e-01 -0.000000000000000000e+00 7.222768171977111962e-01 4.206852530983715144e-01 1.579826542827015567e-01 2.954227837102094689e-01 3.122807143475432312e-01 -0.000000000000000000e+00 4.128050367254988695e-02
5.139862079858447145e-04 2.726756284079799933e-02 1.844304844960094891e-01 2.025744113277595532e-03 6.200286379926870373e-01 5.636395648427556804e-01 2.399659852966870566e-01 2.361002388457500434e-01 1.610147986207222659e-01 3.519370332030383741e-01
4.636103574637517183e-02 2.004503319072955814e-01 2.440834103547984135e-01 5.541448610356433657e-02 6.223845063880726336e-01 5.306072065960117934e-01 -0.000000000000000000e+00 7.655343210969536849e-02 4.689807423194121139e-01 1.769169874373772641e-02
3.384227170989491107e-01 9.191337845553086694e-02 1.250903939504171003e-01 4.085043508777990717e-01 2.209329734596951478e-01 3.883343164094240074e-01 1.851765006537734459e-01 7.237938771998421450e-02 6.746707619609274564e-01 1.318767600983689232e-02
6.180839922048196877e-01 8.543343203927290797e-02 1.891331786173074681e-01 3.405476816425747622e-01 -0.000000000000000000e+00 3.879533794268401614e-01 2.300803703897271180e-01 2.058231560299666751e-01 9.344070183919472861e-02 4.520952187077493245e-01
8.984385009877681252e-03 7.611020377030302403e-03 7.529006673552365338e-03 3.851963944755912306e-01 -0.000000000000000000e+00 1.036441209814007412e-02 8.843355552657787833e-01 2.212399042909379832e-01 1.424473200566841458e-01 5.768478912246429065e-03
2.926121446529239556e-01 3.564753514514783922e-02 6.180100826361174526e-01 1.750953416704467136e-01 2.863653128532949177e-01 -0.000000000000000000e+00 2.293004613537028002e-01 1.652569515210208548e-05 2.240354249813703569e-01 5.619046887354051112e-01
1.508418563412880775e-01 3.867913170852208538e-01 3.426921242466199891e-01 4.638474578202113063e-01 5.400592938152910527e-01 2.965385223047959928e-01 3.077966734947724242e-02 4.691318147716337303e-03 3.354991196821894284e-01 4.380255144904821735e-02
-0.000000000000000000e+00 6.556878946770988703e-01 -0.000000000000000000e+00 -0.000000000000000000e+00 5.091047199408668678e-02 3.422980079147113774e-01 2.559047547011704671e-01 1.984692936805615981e-01 1.872261219475971489e-02 5.874399902736879842e-01
3.586166809568774004e-03 6.231173886252612260e-01 1.523824515550675496e-01 2.806314082388273179e-01 6.768284665431002489e-01 5.900320359171330048e-02 5.769604668516174935e-03 4.994231827011025651e-03 3.301575447618328857e-03 2.192947293512325369e-01
9.932598137012858472e-03 3.454286206407231608e-01 5.052828018884029104e-01 3.723174157366093348e-03 6.040712327391878356e-01 8.092611926143875034e-02 9.903563576118613876e-02 2.934120914207667408e-01 3.973576357338535758e-01 3.597972513487321736e-03
3.005529137725337363e-01 5.175955153209920168e-01 4.212385720171283876e-01 2.265589667073241720e-01 3.262949763066440578e-01 6.794000258957795524e-02 1.238391155720024346e-02 1.308028991325637103e-01 3.882606176787375407e-01 3.659215847007065703e-01
6.255733303670478751e-01 2.177041576050961925e-03 1.341751709122020186e-01 1.951810249787588603e-01 1.287246894638358063e-01 3.134855946927610909e-02 4.114524073091556655e-01 4.527403914524659734e-01 3.227351980298845836e-03 4.009046278482988335e-01
1.782558527499686907e-01 5.143928046513074337e-01 1.001676771374273092e-02 -0.000000000000000000e+00 1.504522754280760433e-01 1.044147405170828442e-02 6.220743316679365753e-01 2.085021310087209478e-01 5.003295231866153880e-01 6.338443188365563844e-04
1.646280926626986774e-01 1.500640456215447715e-03 2.719529267759734220e-02 3.603571315404692221e-01 6.951590947747329219e-01 2.408369487804467302e-01 4.517777983965737265e-01 2.238404158798388277e-01 1.374434384227692096e-01 1.671869623262484394e-01
4.772550438353062030e-01 3.239304819462356837e-04 2.411685085913216620e-01 5.946048885383552474e-01 1.199008148018086140e-01 1.489812773534802681e-01 1.166014914434310764e-03 2.913868970610293818e-01 1.229933861041092452e-01 4.731845437098809448e-01
4.620599716499647672e-04 1.766447622273794454e-02 3.674920582955601422e-01 -0.000000000000000000e+00 5.442509840118285869e-01 3.735184230629126079e-01 2.715976334565026185e-01 4.812133267433768569e-01 1.483759658048329488e-01 3.186929970075985663e-01
1.795914931299062017e-02 1.937542729012260712e-01 5.619203702824285829e-01 1.074184444113204101e-01 4.082231275700286544e-01 2.694316223559206636e-01 1.755016610618821415e-01 -0.000000000000000000e+00 6.023974889608210148e-01 4.382279315835511946e-02
2.089020481044819300e-01 2.311818026213040833e-01 4.031663832219689603e-01 2.621919786378602013e-01 3.131228245695592549e-01 3.627888685273466529e-01 2.550935394996494687e-01 4.496225972755960032e-01 2.529991519850876558e-01 3.327517258226327934e-01
2.963953353489206521e-01 2.058709623420328927e-01 6.148258627533031984e-01 1.181515856954470783e-01 1.220174893867039673e-01 4.807685352502998055e-02 4.317688582513395379e-01 5.701606603300330388e-03 5.235835769020876773e-01 2.109475380011974503e-04
5.505065162686664237e-01 4.257449904587400358e-01 4.268294603226616829e-03 6.054598532255758281e-01 1.402792956866774354e-01 7.408969166535478608e-03 9.260950282654502319e-02 9.296991103321770866e-02 1.766680109391778053e-01 2.844630773146096803e-01
1.983040926241911028e-01 7.814706256881583935e-01 1.209061876127696666e-01 1.480611969512828259e-03 1.086399963393978318e-01 8.246346063589924877e-03 1.906720372003879449e-01 -0.000000000000000000e+00 4.929397814092313923e-01 2.101012725478935417e-01
1.242725559544336222e-01 8.205588837166563274e-03 1.008159455390885972e-01 2.461467002195839304e-01 3.131009950630013750e-01 1.403682845509914845e-01 2.148506723221150494e-01 5.698856114056348732e-01 6.519595378250644391e-01 4.449537247515215725e-03
6.129598625898241560e-01 2.328481770857158129e-01 3.983443164769515654e-01 1.698669622813364088e-01 3.911352913967842126e-01 5.527931111512379703e-02 7.320613987197271966e-03 1.360557578899004305e-01 4.369451808439793750e-01 1.303859034451650134e-01
3.633768065364172406e-01 5.353864029977645211e-01 2.761467209185460014e-02 5.256063847205365569e-01 -0.000000000000000000e+00 2.657731448657547069e-01 2.741362021247871761e-01 3.248086467962678081e-01 -0.000000000000000000e+00 2.302333062393860652e-01
9.966195986034096996e-03 9.375087064201483803e-04 5.987752401469229602e-01 9.246845555795826788e-02 8.181677576353881334e-03 1.810526136026115174e-01 7.250726885978930891e-01 5.114629691536858036e-02 2.676270844845149433e-01 -0.000000000000000000e+00
8.906163903210769991e-03 7.893819625527505046e-01 2.968875433660352579e-03 2.518565753768038373e-01 1.195483438522487859e-03 3.560835413899317015e-01 2.627372846601786494e-01 1.384319738673425119e-03 2.171985846301323006e-02 3.421326960203923129e-01
6.946174014861686841e-01 -0.000000000000000000e+00 -0.000000000000000000e+00 -0.000000000000000000e+00 6.338966579418255920e-01 4.395761437941822329e-03 1.647197472096685877e-01 3.198485018455218300e-03 2.975223427861131698e-01 -0.000000000000000000e+00
6.936772556796194991e-03 6.009549506604188185e-01 2.586061482238348197e-01 8.307317745554657767e-03 1.752358027158725006e-03 5.801095458003906469e-01 1.799289761746345750e-01 8.099553386907437300e-03 4.503732892809909627e-01 7.251359765302761023e-03
2.645309679941030279e-01 1.616865929564310633e-01 -0.000000000000000000e+00 3.036499633534803788e-01 2.397843850038693658e-01 3.025733696044615728e-01 2.314494678798120209e-01 5.339620180349219369e-01 7.212260410126428156e-02 5.645744894981264972e-01
8.503234397307959241e-03 2.389652142852103089e-01 8.424807785474859720e-04 5.763723488784707749e-01 3.356547931821952102e-01 3.175855987696183953e-03 5.731148694283746403e-01 7.949236416476055181e-03 3.173599191114156448e-01 2.621109280734227887e-01
1.298666871792852617e-01 3.752230114217918744e-01 1.461244252111786306e-04 5.113633340271812600e-01 5.145607068426214514e-01 3.698195787994072448e-01 -0.000000000000000000e+00 7.291645660568191190e-02 2.435178058122747236e-01 3.386633745175215426e-01
5.662310707634741203e-01 -0.000000000000000000e+00 3.566751944386864492e-01 7.562664709184670209e-02 3.285912316372253672e-01 -0.000000000000000000e+00 3.016926339242586019e-01 4.485677626197397405e-01 3.674127105334500376e-01 1.060660644484320847e-01
7.646398993302681857e-02 2.347433513385338288e-01 4.386458847069516498e-01 2.802392996944012005e-01 3.894579419417493749e-01 3.031904400852030168e-01 3.528172126100083059e-03 4.208471414584868953e-01 4.617236654370031612e-01 1.849029496380421023e-01
1.624834837245872909e-01 6.263941029467656740e-01 4.021795256540224295e-01 4.198469605617355382e-01 2.128522735445128877e-01 1.741079683005103407e-01 6.851358455375233716e-04 1.066973057548068898e-01 1.923519705368430532e-01 3.452621672690895926e-01
4.203512450115267085e-01 5.225607944476606814e-01 4.989767877964044751e-01 4.764172797337027920e-01 -0.000000000000000000e+00 9.749028127473152727e-02 1.293691247899153018e-01 1.061690981507044940e-01 -0.000000000000000000e+00 1.917581417852740888e-01
6.116495143296071246e-01 1.883135256475867991e-01 4.933770342528362440e-01 1.099948388051580350e-02 2.658259457294419037e-01 2.753818353592614732e-01 2.958612377538028318e-02 2.237961497990394177e-01 3.504979921461250369e-01 1.630138477326100455e-01
4.969737455016443040e-01 1.403080514577245697e-01 2.962069355656171132e-01 3.223837269467959565e-01 4.790440452666091531e-01 2.469190040787913251e-02 1.157753652396951299e-01 3.060153696450570449e-01 4.081010471771940873e-01 1.948646640293353605e-01
3.449639269936253805e-01 6.220809341753499866e-02 3.930875788796638348e-01 -0.000000000000000000e+00 2.076700319265482042e-01 -0.000000000000000000e+00 -0.000000000000000000e+00 3.625867694827081267e-01 3.255863349681074881e-02 7.395648215927772551e-01
3.600679019260732416e-01 1.978777916807264725e-01 1.714717142993265053e-01 4.102908239281788383e-01 6.156503226135888740e-01 2.617585723282715993e-01 3.909835531694748345e-02 1.663795639287418415e-01 2.179899494173801744e-01 3.304255557724755654e-01
4.503601984731471219e-01 5.052714560311855063e-01 1.095751641340790838e-01 4.789293817205511061e-01 1.986957593071109751e-01 3.174469540103904697e-01 3.887366434376918201e-02 3.554262403404082615e-01 6.420943856720282526e-03 1.798988662609317668e-01
7.223448730626974568e-02 5.155234963571775353e-01 2.643266198511854959e-01 3.308928675348798976e-01 4.315431139538678657e-02 1.639682940583341297e-01 -0.000000000000000000e+00 1.985158685371993248e-01 6.362815613029674244e-01 2.768544390762629481e-01
1.925040614195535071e-01 4.384743011876668373e-01 3.749066337714606068e-01 2.939511165985259633e-01 4.240610869981162323e-01 1.267321810752948807e-01 3.221495476367446931e-01 2.792014082964437358e-02 1.914752558481129796e-01 4.545423417074187511e-01
1.096550030278950830e-02 3.873736231573735034e-01 8.074979365564480954e-03 3.015438768250313095e-01 4.503825587468480163e-01 1.801053352159046328e-01 1.045376921079389509e-01 1.424476847100781263e-01 2.372463588260964595e-01 6.603331214010593753e-01
2.330942788454510028e-01 2.567576259574051445e-01 3.799222391835666568e-01 9.786558904290751371e-02 1.755548883780018443e-01 4.287413027923488856e-02 -0.000000000000000000e+00 4.008973463892571143e-01 4.678417337035316592e-01 5.599747470377376413e-01
4.280797816805319983e-02 1.544471733971649052e-01 6.988105969882879576e-01 3.995827107561744085e-01 2.376813501876331725e-01 2.333912641995431192e-01 3.712112199838012508e-03 5.856241532706907109e-03 8.422314867965271026e-03 4.639267585245795966e-01
4.125115526021468915e-01 3.989139987796507247e-01 2.957720753095841038e-01 2.322844323350170825e-01 2.222748087705149200e-01 5.936374928387593009e-02 3.169747316240976720e-01 3.571688438877664296e-01 4.967018174567197630e-01 3.973988134288924251e-02
-0.000000000000000000e+00 1.410888175084854673e-02 1.588355137048643936e-02 6.388235300789424365e-01 -0.000000000000000000e+00 1.176090487286878955e-01 4.048372497852394947e-01 6.166740263164706137e-01 1.729913525595515311e-01 5.928911973361494087e-02
2.569213011828468639e-03 1.340694984507044898e-02 2.914617648225888424e-01 1.844018452132482333e-01 4.943688741046205204e-04 4.006618949708259936e-01 1.292788323141410567e-01 6.062629735354975458e-02 8.133495940807164981e-01 1.959676679455846227e-01
2.185850274607663013e-01 3.943745062643171373e-01 1.655723351822556699e-01 3.435163091085421949e-01 3.560419280550050636e-01 3.276003791493640183e-01 2.103325806576090973e-01 2.351226541167109052e-01 4.057036199511784291e-01 3.912364178078169274e-01
1.404650863801725491e-01 4.251521835602450894e-01 -0.000000000000000000e+00 8.710386640511750267e-01 1.461860700736070670e-03 1.074520562157476877e-01 9.341429901411825443e-02 1.030536211303388627e-01 5.371300679843805242e-02 8.382945449367203150e-02
1.278680971293309210e-01 3.764390553085021907e-01 -0.000000000000000000e+00 4.410627068662419381e-01 1.967620965200526928e-01 2.041424305148908658e-01 1.759233803735017199e-01 4.309624768866449629e-01 5.679189228248109345e-01 1.667573874660162048e-01
3.581204401648956370e-01 8.160171969188768915e-02 7.642627756600953171e-02 5.031544689861301434e-01 2.433876077772250679e-01 3.969180729596205603e-01 4.412648391362020139e-01 4.379784220400957384e-01 4.734626573154442075e-02 2.286054560296600646e-02
9.827231465154358248e-02 5.557100673128986257e-01 5.288277253573969716e-02 1.734526134826106791e-01 1.365198806753909200e-01 6.376546013396908186e-02 4.749837314195253790e-01 1.101711519611142526e-01 2.659423787990328192e-01 5.634449290750997985e-01
4.606533012719739584e-01 5.014113209376619418e-01 -0.000000000000000000e+00 -0.000000000000000000e+00 1.503369639316558537e-01 1.471870189109762417e-01 4.623285148756907659e-01 -0.000000000000000000e+00 5.264426380181514986e-01 3.507841518684769871e-02
4.931737460328752820e-01 4.213533193135927668e-01 3.170254858729669167e-01 3.656617016327623482e-01 7.830049754327381151e-02 3.904440431853106186e-01 2.723445887870456494e-01 3.153318834616115618e-01 1.123472434704809869e-01 1.490651315686298585e-02
7.876621854607968043e-02 1.520206175387634751e-01 7.585449768852883801e-02 1.774766166496019038e-01 4.873325961557756214e-01 5.931145899908821795e-01 2.315377392244020727e-01 1.470317442341156633e-01 4.802810157320250295e-01 1.955961954534783942e-01
7.058497390598622578e-02 4.033929147303155771e-01 3.792253205061099641e-01 3.887995930198799854e-01 7.014728900882345741e-02 8.378707210715316545e-02 7.935557465298649312e-05 2.895349027229246475e-01 1.179582463483155180e-02 6.643827415580663143e-01
5.069332525515911625e-01 4.273793064630682439e-03 -0.000000000000000000e+00 1.239614140854455732e-01 5.147229917282539757e-01 3.694743684976841691e-01 2.805618833461906002e-03 3.060282361210249860e-04 5.710510628276802558e-01 8.696624106643626242e-03
6.361373866579511649e-01 1.827231208743579360e-01 6.313562792527621648e-02 4.358960717185318967e-01 3.939601810485980349e-01 6.516776211237726261e-03 -0.000000000000000000e+00 1.746173371686091580e-03 1.301958183665907764e-02 4.610101325178048715e-01
1.939619105143020441e-03 1.225739403438435779e-02 2.787522217684596220e-03 6.936914487870802226e-01 3.508309077277602661e-01 3.172323111613348234e-01 5.888557138491089943e-02 2.659609046618264805e-01 4.664598546918952149e-01 5.589475236447105644e-02
2.373680134215507276e-01 3.438906186797791587e-01 2.488053513624406132e-01 3.468124371412355245e-02 2.556522520629838091e-01 4.182790599642344787e-01 3.713573107481653035e-01 2.061612607748061071e-02 -0.000000000000000000e+00 6.193884517539927081e-01
5.143996242634756300e-01 4.012035279769944340e-01 2.139937136946981067e-01 3.736609073853306984e-01 3.960490354517778172e-02 -0.000000000000000000e+00 2.838493690065722608e-01 2.347190955522621414e-01 4.416640107353000944e-01 2.381466095110656156e-01
4.234045834732684810e-01 -0.000000000000000000e+00 1.141482468786102385e-02 1.062845889996443872e-04 8.250492682079367812e-01 6.641361423705460787e-02 2.573242122695225120e-01 2.631764305913128488e-01 1.897948725620342454e-03 -0.000000000000000000e+00
3.101498172216597959e-01 1.004260227178436311e-03 3.465135218139293784e-03 2.136573815100522300e-01 2.515594602294322635e-01 1.967858692987880034e-03 8.201372110549020045e-01 1.136614865820199591e-03 3.496159193354839712e-01 9.675231959808944628e-04
-0.000000000000000000e+00 1.294994432058920375e-03 6.153962320232648775e-01 2.656595791841156462e-01 8.086977532211844441e-03 1.348276738941773904e-02 2.875853141455868012e-01 3.350533449233041305e-01 5.962243872882229123e-01 3.745332147665564326e-03
1.776124001029562027e-01 3.895223576577733649e-03 1.207141564028771201e-02 9.937754400875134335e-04 7.147757209807706902e-01 1.229808923796790916e-02 -0.000000000000000000e+00 3.523445227786209943e-01 5.771383296676053654e-01 1.033098096312800272e-03
4.947700894707608432e-01 2.355897745346197669e-01 1.495076188062674505e-01 5.770773326498816747e-02 3.853089130405768503e-01 -0.000000000000000000e+00 3.721958571468956256e-01 -0.000000000000000000e+00 2.568943542833099225e-01 5.665949896810394959e-01
7.118871460493995107e-01 -0.000000000000000000e+00 1.747987130470405326e-01 4.690417988082355438e-01 2.383961922815737433e-02 2.083221334691240031e-02 -0.000000000000000000e+00 1.174707045879305467e-01 1.287433272238244497e-01 4.596578867794545165e-01
7.298522155296597572e-05 2.490825188238278698e-01 5.584861569061684294e-01 5.127698329365961566e-03 3.671969387546002439e-01 6.089842010288701868e-01 2.962000394075803844e-01 1.798105408379000181e-01 -0.000000000000000000e+00 1.622251116705338003e-02
1.443018321889223965e-01 9.675536226898659789e-03 9.827785859306532867e-02 1.473728119157371730e-01 2.558922188487512961e-01 7.011064659981504354e-02 4.992901460811749459e-01 7.924333406798993451e-01 6.982290415722370094e-03 4.444078729585063114e-03
6.477013903736356104e-01 1.602374555336847362e-01 2.613601812539358415e-01 -0.000000000000000000e+00 -0.000000000000000000e+00 -0.000000000000000000e+00 5.986558683666064473e-01 1.304886740518656774e-01 3.332890331551130458e-01 -0.000000000000000000e+00
4.237501693213625575e-01 4.087335662345030207e-01 1.693839085646014209e-01 -0.000000000000000000e+00 -0.000000000000000000e+00 1.407705915465830727e-03 4.357330158311477630e-01 3.704319369664270667e-01 1.421507025980901784e-01 5.266781488325096294e-01
3.966376641851557805e-01 6.879473352003167008e-01 2.347560633321909285e-01 1.837370127087041907e-03 4.176229783666864960e-03 3.827436706544574685e-01 2.853838525254606129e-01 5.908063001458387781e-02 6.358570298151341310e-03 2.877641191629539685e-01
8.146719400332434746e-02 1.921065608610764974e-01 4.100925743758220832e-01 7.217481665653336931e-01 2.219282026471341429e-01 8.033853628915751943e-02 2.995970945383025219e-01 2.627495267529209588e-01 -0.000000000000000000e+00 2.299123521448910579e-01
6.773631753270366318e-02 4.887481475873740044e-01 1.633367471105596491e-01 -0.000000000000000000e+00 2.554568613676167499e-01 3.533463137057469838e-01 9.201395434677439589e-02 4.135524977562210491e-01 5.460636312070401566e-01 2.491356971796068742e-01
1.882084666240683990e-01 2.194299936515757554e-01 -0.000000000000000000e+00 2.774161267429560429e-02 3.850869042675780785e-01 4.499503334007656785e-01 3.934604474955367137e-01 6.403905869030874776e-01 -0.000000000000000000e+00 -0.000000000000000000e+00
1.073840647857241398e-01 1.988597309041565120e-01 -0.000000000000000000e+00 7.357578511960842782e-01 1.299681357760722189e-01 -0.000000000000000000e+00 1.889744106976239124e-01 4.735489386629961883e-01 7.044606176422625599e-02 3.546400503546962013e-01
4.410537815216213908e-01 6.017393963918726829e-01 2.035244126827643329e-01 2.451080076526596097e-01 3.685564648719852898e-01 5.602855995203696177e-02 7.242310333548014623e-02 2.922652316525508609e-01 7.056433932283651123e-02 3.275128605400694504e-01
1.370646160912827871e-01 -0.000000000000000000e+00 1.799234722835528211e-01 4.838574038326975968e-01 6.174894498585227209e-01 1.709470397202654812e-01 -0.000000000000000000e+00 5.291922702848241844e-01 1.554422011184580510e-01 -0.000000000000000000e+00
4.863461462501954269e-02 2.166107060816853669e-01 5.539183912326010040e-01 4.772961790763649570e-02 4.508197898147365268e-01 3.364093577737368168e-01 1.228729408791728733e-01 1.018561306247559375e-02 4.870919224711918738e-01 2.697053754803004355e-01
1.206575963400536439e-01 9.548827363055910344e-02 -0.000000000000000000e+00 2.681952018917792627e-02 7.745036553112122357e-01 7.990912334353494906e-02 1.288723593290825025e-04 2.395114295156039463e-02 6.062055115019937546e-01 3.611469597258622904e-02
3.010279898789875452e-01 6.574173447757327956e-04 3.032445221874782715e-02 1.826081590310359160e-01 5.862445798283336118e-02 4.371910546382386936e-03 -0.000000000000000000e+00 3.389259879174219559e-01 8.699352215963935819e-01 1.532719611173947918e-03
6.956162724033444766e-02 1.240660712798861698e-01 1.611754240473224076e-01 6.049297394871142042e-02 3.861470145741798810e-01 4.753208721941694082e-01 2.859466958029320827e-01 5.686006652163742014e-01 4.023866678932022101e-01 9.002868724782940590e-02
2.140688402693202153e-01 6.281321552817987763e-01 3.943980738014612464e-01 6.117803071715723420e-03 2.880395704078610453e-01 7.440082293276446303e-03 8.376211313939270139e-03 4.120954771571055941e-01 3.957504219578596855e-02 3.867248154368567725e-01
4.306494990926499900e-01 4.004479956656193385e-01 3.188175161624741683e-01 1.853700010245728502e-01 2.181577097748725602e-01 1.363063699789645589e-01 4.701510146448192873e-01 2.092258531589475667e-01 2.005816510981303091e-01 3.833446491302883175e-01
3.358326748817932472e-01 2.002877021975120464e-01 3.219953549122210879e-01 1.309585462772361042e-01 5.501508285359684169e-01 1.443171318191895369e-01 5.182426614223965000e-01 3.263285418376834501e-01 1.389586701146584002e-01 9.165940972232421158e-02
-0.000000000000000000e+00 4.247729469555280857e-01 3.024150691843342509e-01 2.451695993057717571e-01 6.604652931791755721e-01 1.974203673613025845e-01 1.356477567044216473e-02 2.463422664001372123e-02 4.016189823746840748e-01 1.752914054740109528e-01
4.778762419452041166e-01 4.421317382002131202e-01 2.938366101899273497e-01 3.239118407687541779e-01 2.338009860321624833e-01 5.468926177227861202e-02 4.568672187318410516e-01 4.362299035019577553e-02 1.237592705735767254e-02 3.412585362303459657e-01
1.918922971022292145e-01 7.425564962017841553e-02 2.245662362390557498e-02 3.022679547951951373e-01 -0.000000000000000000e+00 2.142193503944041788e-01 -0.000000000000000000e+00 8.887256600789971150e-01 1.722070661118481338e-01 2.036481737112143947e-02
-0.000000000000000000e+00 2.932945897453625994e-01 6.403812922820042441e-01 4.050592057686321079e-02 7.199007549332404887e-02 3.971676032749454910e-01 1.382035435212970037e-03 4.005333137881879058e-01 1.181632999190701805e-01 4.061197699386185356e-01
2.504829963514467947e-02 7.785327966575913972e-02 2.504154308095046244e-01 2.327322409309164342e-01 4.623253621548730208e-01 6.549162358494085012e-01 4.574541405362319568e-01 1.619059859378191996e-02 1.548877059706447457e-01 1.620559984166418041e-02
2.865274415088931437e-01 1.321788966543552823e-01 1.846336221616060591e-01 6.275061438068772757e-02 2.923145444404856574e-01 1.602501987245878029e-03 -0.000000000000000000e+00 7.241330115974543569e-01 3.652383277230981662e-01 3.452325811343775475e-01
2.672184287456708107e-01 2.827453379464333616e-01 9.946052038999460276e-02 9.405866503440261928e-02 3.458189629902885809e-01 4.897329320488900128e-01 1.574903780916746820e-01 2.561472141128064844e-02 2.909853468604238214e-01 6.002908066055577807e-01
4.951016231709946943e-04 2.824174046001325933e-01 -0.000000000000000000e+00 1.286357374104692391e-04 -0.000000000000000000e+00 -0.000000000000000000e+00 4.781782464837024960e-01 4.199979249006559057e-01 3.128014945323936979e-01 6.460206502840062370e-01
4.289602643820803474e-01 2.779338438595568839e-03 4.567004514963492467e-01 -0.000000000000000000e+00 5.843476404153716795e-03 3.763306227696725514e-01 2.775335887220206077e-01 5.378614599257186546e-01 3.153273498319606460e-01 1.081840836439482906e-05
5.522492938150442426e-02 8.274953238974717129e-01 8.323870832747503473e-03 9.216876468445853871e-03 9.404579161828401090e-02 2.964696580867210440e-01 -0.000000000000000000e+00 9.225570263465920906e-02 9.959727066849639876e-02 4.437092047554977436e-01
-0.000000000000000000e+00 2.841204985813881118e-06 7.883736370426617235e-01 -0.000000000000000000e+00 3.814653909848763069e-01 3.474990194014502820e-01 -0.000000000000000000e+00 3.337158192440092264e-01 2.809849512355896625e-02 6.310464478152968612e-03
5.053863126310981224e-01 8.395916158133635843e-02 8.536737961097370930e-03 6.111907976042830759e-01 4.116758487950678003e-01 1.643408918951603723e-02 5.708050834950223864e-04 4.345395833209550474e-01 7.299158163548710720e-02 2.938906438433112108e-03
-0.000000000000000000e+00 1.999329578249857131e-01 1.482212444076803359e-01 2.332264047705776033e-05 3.101673802784603654e-02 2.034453117502514966e-02 -0.000000000000000000e+00 8.539247719879984322e-01 1.733144233274916957e-01 4.212551851347707266e-01
2.507416847764306067e-01 7.690459686716029364e-02 2.396585652631210983e-01 4.638057469053276094e-01 3.361628327631945856e-01 6.406057332248715763e-01 -0.000000000000000000e+00 9.540160846478697165e-02 2.470194755777584128e-01 2.552666212912689248e-01
3.376753768239962317e-01 5.948629368343881785e-01 -0.000000000000000000e+00 5.846144439437189755e-01 3.754147905520071049e-01 4.075961431515896793e-02 2.378606300561471668e-03 8.283643008852946410e-02 1.718759412463487452e-03 2.021664685943851403e-01
2.604428007208217655e-01 6.475578113331895702e-01 -0.000000000000000000e+00 1.959291580003266764e-04 -0.000000000000000000e+00 -0.000000000000000000e+00 -0.000000000000000000e+00 7.160964406836152207e-01 6.654155550203305798e-03 -0.000000000000000000e+00
3.693302014161859437e-01 4.936500328835986551e-01 2.378728714935446631e-01 6.409438020046494267e-02 -0.000000000000000000e+00 5.395231388580616905e-01 -0.000000000000000000e+00 4.413685172394620215e-01 2.706389884850065597e-01 8.741128555931728522e-03
1.224612258853152594e-03 2.564232950864602390e-03 -0.000000000000000000e+00 2.800929963331127426e-01 4.818541771767565485e-01 3.620315446826070094e-01 5.934299381657780481e-01 4.540064917241666276e-01 9.596486900989348225e-04 2.764790522102259038e-03
1.997316099315571691e-01 2.612185646184961851e-01 1.450967342986596575e-01 5.517584440503952026e-01 2.538828202727150263e-01 2.974705869914394674e-01 2.158651297649727963e-01 3.476709368443610670e-01 3.302906055975672883e-01 3.699618187494497779e-01
