-2.164844489600604438e-01
-4.090116711818854722e-01
-2.042574051349854702e-01
-4.604877437420643038e-01
6.517816144459475103e-01
5.372681189003168933e-01
5.952391644748497024e-01
-1.073058957561151550e+00
-1.245305619172520029e+00
5.752182412637416586e-01
3.524753201908120137e-01
1.612082357188281412e+00
-5.375059473407308719e-01
-8.613113407938791655e-01
-3.247680800305502991e-01
-4.036375416566863050e-01
-8.950165181649286650e-01
-4.542282033172869160e-01
6.507922048998632247e-01
1.821952068940480285e-01
-9.054046498987055047e-01
2.899327873035912329e-01
1.491952845024782925e-01
-2.124589036934304009e-01
-7.228639551279446296e-02
-1.190470890934094417e+00
1.905455678586179147e+00
1.879514038168233203e-01
-1.875344637420289784e-01
4.760501343351911108e-02
6.331393370695189704e-01
5.236616218199895839e-02
-4.488941676597533181e-01
3.026841500731362600e-01
5.007559219603180400e-01
-1.022011719520793838e+00
-3.486152627821544336e-01
1.285163873254544065e+00
-6.143474201835978921e-01
5.265076828445346413e-01
1.338939180309429267e+00
1.612958078801841166e+00
1.042309607799730697e+00
5.019453888592852880e-02
3.970000497775699744e-01
-6.187348203504883237e-01
-1.049593944865542916e+00
-9.073367299714650835e-01
-3.829443908819343823e-01
-1.454867819946626187e-02
4.586959702952259077e-01
-2.661194579830034601e-01
-1.071318493677576311e-01
-5.296619658932717467e-01
-1.470725728002642008e+00
3.849788855217591288e-01
-3.527320190780889875e-01
-2.118397236488079802e-02
1.453392254189110333e-01
-2.965453826612405863e-01
-1.607861905489960663e-01
9.433139052237368150e-01
-3.873919355465967052e-02
9.323812072103138116e-01
7.975466391948884404e-01
-5.104154743247448778e-01
4.463181736757481644e-01
-1.510017282284585871e-01
-8.305803842573793450e-01
-6.846410583217565904e-01
4.716615090487327744e-01
3.156320182864238433e-01
-1.102441129407862874e+00
6.189602071760341717e-01
9.950896857793374572e-02
-1.154314172992064041e-01
3.322877228721930754e-02
-2.259565884153318660e-01
2.861098821011594517e-01
3.566818114686042263e-01
