1.838576257169940664e+00
1.346889458835713871e+00
5.467912108913056679e-01
1.259115859052706510e+00
7.272496821479397244e-01
2.934317818178985959e+00
-3.099997988133278426e-01
6.581988756676155905e-01
3.993388339999861092e+00
2.996162033227498966e+00
4.978354088196852989e-01
1.296873509536798252e+00
1.623603766485477440e-01
1.981535693242344909e+00
1.189821111692954458e+00
5.070026114986895260e-01
2.314369979716191850e+00
1.376115241425792002e+00
1.379865002614129033e+00
1.438656447517125958e-01
2.049439510107766260e+00
-8.236067898233311313e-01
2.524793974519310424e+00
2.951595805205891043e+00
-9.193925834551271992e-01
1.287157035256586868e+00
1.294683200742512197e+00
3.776353051734687161e-01
7.738421124979288912e-01
2.137921480787594586e+00
2.025168030727338975e-01
1.354012502840492849e-01
1.256737959349343958e+00
3.651689111091003248e+00
1.880743143057101996e+00
2.816965835167511756e+00
3.885762383060996417e+00
1.360007199414278389e+00
1.495612769931050634e+00
4.729746026430756700e-01
8.014673646377311611e-01
-4.764547412942098381e-01
7.201693438586149743e-01
1.608812504830542611e+00
1.785232506839613098e+00
4.663960742299537721e-01
1.425000247184816216e+00
2.113788541981213687e+00
3.985078449558510094e-01
4.636938715743085804e-01
1.254875665689468844e+00
1.793910845081695182e+00
3.264736744847536176e+00
1.348934737721022126e+00
-1.669233005488486576e-01
3.534973779700899765e+00
1.831005513555763464e+00
2.081034996424818928e+00
1.391730224730272747e+00
1.483475064938471144e+00
-1.609067740985800077e-01
8.078502270976236632e-01
1.481544367708083509e+00
-7.569580765043801285e-02
2.398101582043340452e-01
8.075940315197692732e-01
1.135238154730750404e+00
6.650096468258889226e-01
3.358183518784462418e+00
-1.127389568960211585e+00
6.554274862068310004e-02
-5.401054889868830422e-01
3.839713901206976754e+00
1.453909554102598145e-01
1.986308553243261166e+00
1.447540707094499002e+00
2.472963795733137182e+00
1.284376793884685064e+00
3.352581390691455443e+00
2.268734755335797715e+00
2.848092899200598271e+00
2.841801366597764833e+00
6.232531406717206623e-01
2.552024336664948212e+00
1.370813245483085918e+00
2.094139554578787976e+00
2.713782121821554316e+00
3.072182114302261180e+00
5.136487085622688520e-01
1.198786190620730885e+00
6.566718744021873277e-01
2.064719200367470364e+00
9.958562827201742351e-01
6.838876282046677524e-01
3.306632348269483490e+00
3.047075393979862823e-01
4.152162296786559570e-01
6.008603734418509479e-01
-1.443774096347525404e+00
2.182674631135853804e+00
1.101442869080336617e+00
4.839242546691173152e-01
2.444513656794844003e+00
2.282895465373135924e-02
3.734994605986798000e+00
-9.373000324953066897e-01
2.403231171931717203e+00
-8.692278222640001939e-01
1.946033533456632991e+00
-6.013259028568358061e-02
4.745321825037672747e-01
1.257783166782192819e+00
2.954797677767619479e+00
2.530528338835541513e-01
3.033945894948087307e+00
-6.161936353732396787e-01
6.949695422127715183e-01
2.220225349530058345e+00
-3.211468894518041406e-01
1.180472721382462842e+00
9.615256196969013125e-02
2.674315273137625848e+00
1.988337726981005138e-01
1.444124899679063212e+00
4.984253516683247454e-01
2.127146410645218477e+00
5.313658959338245502e-01
1.318583986181879109e+00
3.436599908220999922e+00
6.158530315702012148e-01
3.059082150738416050e+00
2.845334513043643376e+00
3.586787033974240924e+00
-6.195430935318904098e-01
5.347820121014145167e-01
1.027368210386428782e+00
-3.628722553126528805e-01
7.039868154667910938e-01
2.153090392885324444e+00
-7.643822149754065931e-01
4.876546283195923870e-01
1.121373157945162902e+00
1.353041828234081700e+00
1.549164281070667393e-01
5.841710207217958306e-01
1.274740658598153553e+00
-1.428264463501622838e+00
6.706063907222631348e-01
5.159002193849533402e-01
2.416028275680412563e+00
1.524538854898837004e+00
3.026446678780323030e+00
1.852076693280442887e+00
3.253188367545389426e+00
2.947459865253033939e+00
1.193514601965529609e+00
2.690658259101666783e+00
4.291333321308221094e-01
1.175989943326241294e+00
1.982271976395432844e+00
1.464998683485183806e+00
1.961419438674663063e+00
9.221999399803710862e-01
1.379125536610390057e+00
1.884507813840843093e+00
1.163215979798989164e+00
-8.674959414058805440e-02
2.884573762122355056e+00
3.697715358977925471e-01
3.760597724084882021e+00
3.493186881130243115e+00
1.686840033400616834e+00
1.018446528821485009e+00
3.527462990788599928e+00
-3.452407310052072343e-03
1.132708734399190918e-02
5.189430408053673505e-01
3.599762925149106785e+00
4.351154202048523878e-01
-1.488336004019156014e-02
-8.330072766105025561e-01
1.174245732472080972e+00
2.411929936702391919e-01
