-1.555562422942268486e-01
-2.777278957120529745e-01
7.148105343534903733e-02
-4.677067010644274658e-01
4.632263723038840819e-01
4.982135195844144548e-01
-1.274181542957856517e-01
-1.343965089686613157e-01
-4.680772783159508066e-01
4.684211989813624744e-01
6.440580420264965245e-01
6.949696546861298119e-01
-2.076679924664853516e+00
-3.223032248773765596e-01
-3.473221336042568996e-01
4.686203182123723637e-02
8.135358288028436691e-02
3.816255544266367733e-02
1.240262167290817202e-01
1.301757480962563614e-02
1.836801405525692321e-01
-3.864477802263951989e-01
5.655546669923859626e-02
-1.054026579965609667e+00
1.222425268006715054e-01
2.267937420156532213e-01
-4.489747300048345657e-01
-2.836071189083174682e-01
7.124362674480484436e-01
-6.895836013070174575e-01
2.643265640042268827e-01
-2.686993919818751464e-01
4.601060307490392742e-01
-1.144911535215064474e-01
5.499265603445798734e-01
-5.343854717732990922e-01
2.837591130431834086e-01
-5.585215227806088895e-02
-1.167910010977968316e+00
-2.525097068360129121e-02
-1.287175166764734424e+00
-1.119393193431793554e-01
1.461865823157659505e-01
-3.590856235411589159e-01
-6.911451449002777858e-01
-1.289527710821060547e+00
-2.493338676161672152e-01
-5.757342443236375118e-01
2.765282707564035158e-01
1.914122655263212347e-01
2.286552837641548930e-01
3.687614508256985557e-01
3.471812053073652371e-01
4.283980727140860867e-01
-1.307102871093677836e-02
1.796646277573630546e-01
-1.305823515195640716e-01
-3.422903396251858466e-01
8.079479365943307290e-01
3.265843447258839904e-01
5.498010675942959224e-01
1.891214892073192488e-01
8.044199094380791726e-01
-5.109205282854556440e-01
4.097374984068753445e-01
9.500728341224948803e-01
9.186924260835179767e-01
8.642085522651120622e-01
4.422469571270969402e-01
4.859839115380868990e-01
2.745895140841119186e-01
6.172256398229253316e-01
2.277323847969289217e-01
-3.699001109853667507e-02
5.889383816220271628e-01
9.010779962152648537e-02
-1.284223318948061743e-01
-1.028164779644383131e+00
5.358191107236185413e-01
1.883025733922063238e-01
-2.267430754350241787e-02
