1.052893696037518811e+00 2.016710804373230553e-02
6.288468500591982702e-01 1.876048775527073165e+00
1.875948647722216756e-01 9.792307675407391568e-03
1.705001298271732191e+00 1.160104746420445032e+00
1.680395550971941487e+00 4.209954962894277841e-01
5.889776537254595157e-01 8.686912224420497708e-01
5.445848748880321999e-01 1.648895115802162525e+00
1.604850107363504919e-01 2.630585793235125092e-01
1.207771572035305052e+00 1.193097639381448527e+00
2.122123325207737832e+00 8.740195745786881742e-01
1.604709345151054345e+00 8.091201709879152215e-01
1.997670226393156168e-01 8.637415772402434744e-02
4.336490578096861837e-02 3.309577185819107537e-01
3.303212834468383097e-01 1.216790273572106784e+00
6.582056985181083952e-01 7.401641090560238112e-01
2.371118312966033592e+00 9.222609168668302049e-01
1.586276286870234031e+00 1.323857624276700617e+00
1.486508887356660299e-02 8.918790102873271758e-03
5.438748214465965146e-03 8.091588496229651373e-01
4.540753291338505207e-03 4.948171345606486859e-01
1.152887078786906695e-02 1.989653267272393444e+00
6.452827637832789787e-01 8.788411557201951385e-02
1.158352198150098600e+00 1.239371370241116634e-02
2.211792907087095639e+00 2.010362373646838119e+00
7.372503854953590396e-01 1.824837224392370991e-02
2.826088434042848263e-01 2.096903857410603145e+00
7.892425599134152148e-02 4.562868767078241683e-02
2.026509223418575090e+00 1.404768051865487068e-02
5.486582203018222081e-01 6.949038489847406685e-01
1.858377327115587063e-01 1.542060753303654108e+00
2.341265125193030538e+00 8.899923972342674849e-01
2.155131513587374426e-01 1.017908911482267253e+00
1.273943331949616509e+00 7.002747008996881295e-01
1.739211517212172708e+00 2.413169405474639984e-01
7.298481273598323993e-01 8.821563984756485288e-01
7.737609489407591967e-01 2.150951198921617014e+00
2.298552895538915064e-01 1.527391861962798192e+00
2.323021655755182560e-02 1.325481275869921483e+00
1.108822225962177610e+00 1.201376269517692386e+00
6.382137083542833711e-01 9.851090477809463231e-01
3.022392126798109757e+00 2.067272319505774281e+00
1.212924076868860529e-02 1.323225770558245751e+00
2.072425581050143517e+00 1.143835015229773155e+00
7.292788498218136795e-01 6.322032355328330855e-01
1.337501603728949717e-01 1.319726181554307320e+00
3.517062366065160650e-01 2.296747928285479468e+00
8.177221002690198137e-01 5.412987160745934105e-03
4.321876190277647578e-01 7.342815649936099698e-01
9.391540689402649855e-01 4.338388271704677474e-02
5.984831602554524510e-01 7.925949498064489840e-02
5.813763646225034165e-01 1.679787398766082296e+00
1.907037021907881824e+00 1.505136744149918049e-02
9.940498594079140784e-03 1.073590327744987499e-01
5.218815960094692896e-02 1.079061357802080900e+00
1.575437640238097625e-01 5.893009867678139502e-01
6.158810269251274727e-03 1.145229269842219788e-02
9.873802410188196044e-01 7.051378574275595223e-01
1.292736035099074421e+00 3.589684683762102146e-01
8.995798009105552273e-01 5.308585672414896546e-03
7.659067618508951236e-01 7.059767858865525492e-01
1.378399896817789516e+00 1.597862884024780161e+00
1.603109285111729565e-01 2.737093405469093743e-01
6.374008457256111204e-02 4.569770805682336623e-01
7.588741510893846076e-01 2.023325500402607946e-01
2.975128795851878505e-01 8.048235069545790071e-03
2.023173555794152978e-01 7.843542413980054695e-01
