2.001707158520632523e-01 -9.884398932671102367e-01
9.032963629522173798e-01 -2.179122396437649822e+00
-1.241062364745209035e+00 -1.244083770730749938e+00
-1.123951037623050597e+00 -1.958913319762733307e+00
3.060272627286984570e-01 -6.514252983220956139e-01
2.520183144314670776e-02 -2.248119099766511031e+00
-5.214374697872955489e-01 -1.350595740483589546e+00
-1.091622509763865212e+00 -9.247432723618398409e-01
1.007204290118900447e+00 -1.482890784634147252e+00
-5.654187824889345126e-01 -2.189035932445914323e+00
1.468535718656449052e-01 -6.008883008654848368e-01
-4.708082348487023228e-01 -1.392949377499921093e+00
-1.423658350556624430e-01 -1.079986139306808424e+00
6.180509168504755291e-02 -1.485692995884319370e-02
5.184204553349651690e-01 -2.746803466942695060e+00
7.789481042638404240e-01 -2.154232701006219219e+00
3.717763181315314469e-01 -1.654809171857328787e+00
-1.138384003118359800e-01 -1.108761517891903914e+00
-1.515103769372843301e+00 -5.505149208945515626e-01
1.508920368053423999e+00 -1.391960228313456671e+00
7.936411872239880205e-01 -4.461243465402311981e-02
6.629197956871224484e-02 -6.879021817071310219e-01
1.642415746498647189e-01 -1.311792787295553042e+00
3.513908448779257565e+00 -1.972041408533691476e+00
-1.070675968420533808e+00 -2.089510589199685242e+00
9.000849094071946555e-01 -2.264976015945541210e+00
6.256163525286835558e-02 -1.881573151807763411e+00
-4.548091949498239139e-01 -1.401290471212549349e+00
-3.675554775065018043e-01 -1.888826327893664114e+00
-8.237200718002145317e-02 -1.986074117725762145e+00
-5.445939264070326358e-01 -1.001119834992395097e+00
-2.131219932216562030e-01 -2.436453077620520435e+00
5.455866333924322964e-01 -2.041215638521930664e+00
6.343263355184810548e-01 -5.440767128594273805e-01
1.421674987309332394e+00 -1.789564831194458083e+00
-4.332232140837357082e-01 -1.175107858428227514e+00
-1.769298589245812958e-01 -1.302624508529721892e+00
-5.532636271488446944e-01 -1.344983501502967091e-03
-2.566774143513244621e-01 -2.075249479469324587e+00
8.866887656792122874e-01 -8.068401767426098825e-01
-2.523101211690645940e-01 -2.638327409188419015e+00
-1.305527949932670850e+00 -1.742801750812368988e+00
-1.422439849869623074e-01 -1.420548005822378501e+00
1.130183929237690732e+00 -7.746963512214477543e-01
-1.295344919672650974e+00 -3.489316242213233998e-01
-1.101045492400557713e+00 -2.350854522788940137e+00
-3.027960588513837203e-01 -1.928703776399950387e+00
9.681310881245719369e-01 -1.665343343437667656e+00
-1.019419402976239203e-01 -2.280073454998270133e-01
-9.384568907778563507e-02 -1.246143531997091269e+00
-6.183514550749356076e-01 -6.786977033406966786e-01
6.083598680287595206e-01 -1.745828066915518839e+00
-4.680621539994259672e-01 -2.282272696818653746e+00
-9.778608791595837513e-01 -6.137868384144001821e-01
3.526961881473837657e-02 -7.461736958692383181e-01
2.182180899413986630e+00 -2.113439149510615067e+00
-8.070497121693596954e-02 -1.050310267040024392e+00
-4.842715420533944548e-01 -4.320248785665272567e-02
-5.529413772889182344e-01 -5.729820599365484934e-01
-1.699362549552810631e+00 -5.680731808771797287e-01
1.826947768466868904e-01 6.424727264036439456e-02
-9.464675987334819629e-01 -1.047229007748473384e+00
1.201372848892704771e-02 -1.719773274176171318e+00
6.126565735535345336e-01 -1.234099317517752370e+00
2.244045863302043031e+00 -2.351862925394839987e+00
-2.010338554504741193e+00 -3.277953611549037305e+00
-1.188668244321677614e+00 -1.774068849119839530e+00
1.080970167282540473e+00 -5.761706644455162341e-01
2.220785036932723389e-01 -1.295025196570894543e+00
-1.310658221107674937e+00 -1.899429239752936649e+00
-1.622313325141478302e+00 -9.322293319210958606e-02
1.532213254680444114e+00 -1.250857143670124350e+00
1.061674459692905303e+00 -1.916490886428445561e+00
-9.465341701992185941e-01 -8.119068051247227968e-01
1.916973291593478068e+00 -2.663113074330612839e+00
1.090328577597938109e+00 -7.432242429116934224e-01
1.346221468833431301e+00 -3.013506084193344314e+00
-1.018870425160002480e+00 -1.674112303414085012e+00
-8.313849958269295404e-02 1.631990479726626092e-03
5.631081316492743127e-01 -1.857005749267823802e+00
-5.124747421871621578e-01 -2.300102637940137029e+00
-3.421061392969391712e-01 -8.607545904119384694e-01
-2.100646600821891585e-01 -1.924380047828482043e+00
-5.652993171456994759e-01 -2.044756388270890124e+00
6.585646532656358465e-01 -6.006690670197102344e-01
-7.812381644488931576e-01 -2.518021522450439864e+00
1.699042168214563997e+00 -2.764134876484747316e+00
-8.185865693149693145e-01 -1.100018370096910614e+00
3.409403879043327312e-01 -1.080513921767434882e+00
1.006837311351564512e+00 -1.683351800179770485e+00
-4.446415192185576570e-01 6.851075393464650665e-02
1.368620058743744705e+00 -1.545897810664685679e+00
-2.376394288247430708e+00 -1.267426988750675720e+00
1.087842053061983005e+00 -4.222779659501411653e-01
-9.178930039027347054e-02 -2.409165499606032768e+00
-1.716599720735405787e+00 -1.641104604259755684e+00
2.164848866937459093e-02 -1.748135563101814061e+00
-2.894298023509900286e-01 -1.069081433485890159e-01
-4.142975346586373342e-01 -1.537838519847823049e+00
1.452126511220783289e+00 -2.905522231453485649e+00
-8.294945506139210778e-01 -1.294519712466773997e+00
6.596449583054009302e-01 -1.189259753923352703e+00
4.996974575075301406e-01 -1.328617347567186524e+00
5.388781872144338125e-01 -3.336718046018806172e-01
-5.828606773008111475e-01 -1.670239850659716252e+00
-4.617106043397977699e-01 -4.376116351998202703e+00
-8.383828794066508494e-02 -2.053636106909464853e+00
1.157498399115829857e+00 -1.326953877714385666e+00
4.779588770052247138e-01 -2.091811952951708520e+00
6.638110392533425053e-01 -1.965124240241859832e+00
3.265244620769338080e-01 -1.649523394707935964e+00
-1.373522053976109270e+00 -1.300710128914515762e+00
8.431665472466687294e-02 4.283800874997376051e-02
5.293846113618735222e-02 -3.305679298967992980e-02
4.339736577951633922e-01 -1.671742465712793946e+00
-8.175990877844012683e-01 -1.753601225669047192e+00
-2.569209362496428506e-01 -8.072439221334605230e-01
4.630968257440820635e-01 -1.453766860563392216e+00
-1.878648468296046509e-02 -2.356678281453845170e+00
-5.712385050914238205e-01 -2.030887441010361005e+00
6.965678957016078199e-01 -2.416371703025382622e+00
-4.404515203589588479e-01 -1.053472751199749036e+00
1.592816508769795414e+00 -2.713011996624516087e+00
-3.755453361619452424e-01 -1.834824049468211538e+00
-5.914815967391322538e-01 -2.204828483211373147e+00
-5.037139473599481221e-01 -6.546841457557145416e-01
5.422041068413879783e-01 -1.647911447950903607e+00
-9.995465176105662597e-02 -5.714409433856165732e-01
9.316250885575572127e-01 -5.113040213903328191e-01
-4.285826921862232464e-01 -3.973205167305799979e-01
-1.649379248995850034e-01 1.117721276333137441e-02
6.031860584852857254e-01 -2.231108135272745763e-01
1.179551262547525292e+00 -2.045289635968236264e-01
-9.523072173728442946e-01 -1.337571854321441212e+00
-1.859392624253820370e-03 -1.493953164031345482e+00
-1.332081269876791874e+00 -4.071560825003229800e-01
-7.542348273604443376e-01 -7.803116106809755426e-01
1.639356040311302110e+00 -1.556764896169853918e+00
5.275709030520711051e-01 -1.173914426464851113e+00
-6.047221013006381929e-01 -2.059316326116448437e+00
-9.407126523343530833e-01 -1.370875643236175723e+00
-5.265519890092155153e-01 -1.554580209794138801e+00
-5.503727784309853099e-01 -1.773927714952655554e+00
6.600804199239685977e-01 -9.918386751312386895e-01
-2.008009162687077076e+00 1.568964635832172938e-01
8.970941055217552806e-01 -1.134673166358548979e+00
-6.153513039190389167e-02 -9.508365778028933235e-01
5.024345653397791489e-01 2.106371755480369867e-01
-1.168872078024891237e-01 -1.049348075154312276e+00
1.891731207319180763e+00 -2.969766725616719061e+00
6.686053106226913512e-01 -1.696906399004597610e+00
-2.623979762646599934e-01 -2.104154989047244850e+00
-9.195270220623459334e-01 -1.196619035787438889e+00
9.857916976275069576e-01 -1.401638489272044819e+00
7.031915009249167792e-01 -9.351600205044824365e-01
1.592374776136971537e+00 -2.905468250227958293e-01
-1.234384512041209581e+00 -9.354757202422443463e-01
1.053381412581777088e+00 -7.923635220187899009e-01
5.444807626028197456e-01 -2.435192031600697415e+00
3.595021142664621694e-01 -1.298683601584656788e+00
-7.475275484048937713e-02 1.063791525923457382e+00
1.642123850582308586e+00 -2.029961609138469569e+00
3.579942154432171758e-02 -4.471550032977152922e-01
4.257740032993611590e-01 -1.325471888582504087e+00
-4.982710535980874322e-01 -5.581141104243338841e-02
2.265294003643701370e-01 -1.925858079266887346e+00
1.546304615725070830e+00 -9.858114425263289071e-01
4.546443079006647070e-02 -1.571562110842240179e+00
6.021042213999207027e-01 -4.517642805951276319e-01
-1.102385559288613814e+00 -5.197661905908148583e-01
-3.489872951978509885e-01 -3.233180352029963345e+00
