2.019941017811825557e+00
4.490592920380836794e+00
2.193493664379851715e+00
3.010883789152072332e+00
1.502813788552705754e+00
3.246965666305986709e+00
2.522887407964547357e+00
6.623617057902269067e-01
2.589383877540137213e+00
3.065882841142181903e+00
1.633785694767529106e+00
2.474326860955658791e+00
2.932803660698054316e+00
-1.945418203054426545e-02
4.966382245048547084e+00
6.126361264829577102e+00
2.854856169374726527e+00
2.392796843962838871e+00
2.887401167465148966e-01
2.864290363636560421e+00
3.001453460021649144e-01
1.545354854255031940e+00
2.646624600675920203e+00
5.855210561506535960e+00
3.211969007278256072e+00
5.838039455069774064e+00
3.659242104744866442e+00
2.651684087457344852e+00
3.272813319456155945e+00
3.380111694715706605e+00
1.897291490365819566e+00
6.156540362247461040e+00
3.684476017655967439e+00
1.412350138024199175e+00
5.793412912002978032e+00
2.049735798490466276e+00
2.657420063140150113e+00
-1.727384823712616868e-01
4.047867287221166066e+00
2.306225012447796541e+00
6.171063814282024218e+00
2.202216016881522354e+00
2.642609094207671649e+00
3.323525168076222780e+00
5.554239553707950305e-01
5.230633988364329134e+00
3.220876510679957505e+00
3.168422542987809454e+00
3.711850328861920900e-01
3.220657119610098817e+00
1.237349347752904505e+00
5.940761570826664340e+00
3.263967220251051238e+00
1.019473364234994017e+00
1.161205215193275686e+00
6.204376861948432520e+00
2.864025166562364166e+00
-2.337246457137384659e-01
1.012212415161467316e+00
-4.590767832188345499e-01
-1.937256127742432998e-01
1.821441705921225340e+00
3.271629428375991022e+00
3.201530555688085311e+00
6.061060990652539893e+00
4.038086851602576743e+00
2.374218955917537510e+00
2.389848540097585960e+00
2.819818004620655127e+00
3.266376120191570198e+00
3.914333087415511336e-02
2.492717999231000459e+00
3.743182496083179434e+00
8.438532433227843299e-01
6.275251837498726282e+00
2.562904829901431647e+00
6.271758335385010596e+00
3.838629652742350018e+00
-5.306771763087608784e-02
4.534999175717547182e+00
4.727963064086067035e+00
1.461150107404015186e+00
3.229586374529138659e+00
2.922665934595052306e+00
2.134045126483244292e+00
5.863062953738406691e+00
4.325220788701484409e+00
2.807843456129926363e+00
5.013186400726839409e+00
3.187883391473264272e+00
-4.896853230281816849e-01
5.524585275919748462e+00
3.024410645055363167e-01
1.485070922868723997e+00
5.725438442649411819e+00
3.742496000020415714e+00
3.319637221547193207e+00
1.473212673188522559e-01
2.518796107477972779e+00
6.327721259744754079e+00
2.243267791457233429e+00
5.323808629411443505e+00
2.929911381810453630e+00
8.409236417021886956e-01
2.890691192618310978e+00
6.335960211460941238e+00
3.326476363990772178e+00
5.677687041066207918e+00
5.973574316672600304e+00
5.301503482696361402e+00
5.389252226917026434e+00
2.345931370254831450e+00
-1.666990493711946811e-02
1.272488114914313573e-01
3.157659176165096948e+00
2.939974668408158909e+00
1.439092522154933107e+00
2.877913043702388318e+00
3.635565922631573521e+00
3.501540011069268488e+00
4.336965616938706525e+00
3.185525754171760315e+00
6.268699234678470233e+00
2.653239545413375033e+00
5.806185348739038687e+00
1.358582684712910327e+00
3.336199933355200375e+00
7.828899960022851490e-01
2.119849898944833999e+00
4.339238489547350697e-01
-5.828581855332837236e-02
9.502649365584614483e-01
1.127469917152952084e+00
2.512616722627165622e+00
2.459738926207703624e+00
5.756339256684032610e-03
1.458990938026135442e+00
3.070186578629286345e+00
3.814940082853909509e+00
5.509591528375056058e+00
2.449156909598559917e+00
2.879482375839080177e+00
2.780779299096827195e+00
2.373636397762993067e+00
-1.104216817314042531e+00
4.875800069419957694e+00
2.468031289183780341e+00
-9.289715537346925067e-02
1.797423724716106896e+00
6.250791872574056107e+00
3.156839313902077393e+00
5.988114199479506183e+00
1.529168731761870959e+00
2.803424452616435580e+00
2.117249171941304464e+00
9.895975778534393807e-01
1.249491447527241617e+00
2.508244480086670336e+00
5.632180869665488920e+00
3.033269667178573048e+00
-1.475094910423884631e+00
6.028101449927558697e+00
1.014044492188194813e+00
5.389533350196844097e+00
-3.153869854586660582e-01
5.859601505745374084e+00
1.807837165816435832e+00
2.547998081697359751e+00
1.217025838372165714e+00
5.748484780206944977e-01
6.358672702022804657e+00
