1.869964800585212084e+00 2.723086285091685932e-01
1.774701604735949012e-01 1.935951895424248503e+00
1.048307445235116431e+00 3.313168626487529300e-01
1.012673398329710706e+00 1.364456640733601400e+00
1.543144225938488656e+00 1.128440962236138434e+00
-0.000000000000000000e+00 1.383118078827361375e+00
5.591084092420456342e-01 8.062007599463036911e-01
2.215721873836709932e+00 8.395790173348866015e-01
3.965988437529558742e-03 4.075403048435731999e-03
1.168582737141849126e+00 6.741008921224227457e-01
1.010372962268777340e-02 4.810955855345495080e-01
1.659477000656365275e+00 3.280620949906403738e-01
3.424173341444696206e-01 1.834424822319015158e+00
8.177161052435555355e-01 9.055937241060112441e-01
3.835889658416012926e-01 1.944185349698020371e+00
8.855829935451467547e-04 8.648737570059211732e-01
2.432903604347520510e+00 2.355079248803702285e-01
7.502882082023307753e-01 7.478439285640965384e-01
-0.000000000000000000e+00 8.388668758777027001e-01
2.276815216527740549e-01 -0.000000000000000000e+00
1.219909575623006948e+00 3.764938561385676730e-01
5.495176521531566216e-01 6.343084170772629315e-01
1.417546297851485226e+00 8.455114373941149397e-01
3.461200640466676193e-01 8.375819922686718044e-01
4.248981811397857800e-01 1.661621973767288374e+00
6.750476582558457839e-01 4.045903296741200639e-01
5.652784901863004974e-01 8.954485703621055392e-02
-0.000000000000000000e+00 5.560644274812012559e-04
7.569979218501631246e-01 1.896637635196486205e+00
1.363975359633904150e+00 1.063614718375753165e+00
2.094385358289867938e+00 6.748903120474938899e-02
8.114314264291893064e-01 5.171341203151945225e-03
1.760387947061272662e-01 1.395220961838488094e+00
3.093158048915778946e-01 8.042483551056779367e-01
4.540954993125787542e-01 1.761237765501175168e-03
1.203863088340056953e+00 6.875838407470423741e-01
3.058060778504525512e-01 1.257673631461788011e+00
1.222540520746322246e+00 2.292720654288663007e-01
9.617419486863241010e-03 6.513424273243864082e-01
1.521428519075896046e+00 2.071775168189391891e+00
1.097052023767421280e+00 1.559901153939060148e+00
9.769120625193403185e-03 6.104682960873313805e-04
4.852002991873178434e-03 1.491672111889352954e-02
8.242272834134199977e-01 2.817658356652594405e-03
1.847022986532308231e+00 1.365070478351553263e+00
3.759345332252707617e-01 2.044972112780576001e+00
6.086645366079572739e-01 1.744181628771225068e+00
8.241749675548322163e-01 1.631856450536466108e+00
7.592781425871383272e-01 7.698669476499426789e-01
1.684716053206316788e+00 -0.000000000000000000e+00
2.139851875191836506e+00 1.774881843847192497e+00
5.434562027304624676e-01 1.722211685994791408e-01
4.736517942188556707e-01 3.984197924435392037e-03
2.835641041860961602e-03 1.733116986798980186e+00
4.348091169851140206e-03 1.828335492806958396e+00
1.640812585403546558e-03 1.841988167300447621e-01
1.272082914581935453e+00 6.339328511319405335e-01
1.867907048248884205e+00 1.671517044904073102e-01
1.259396809353776403e+00 1.412220514941185057e+00
1.855233492929348138e+00 1.815832118731856015e+00
5.422269152188103902e-01 5.341729112436901517e-01
6.886062111875231873e-01 3.391248053841319342e-03
6.167568038235252646e-03 2.863349073537109213e-01
9.948687981920499857e-01 2.832025409872203081e+00
-0.000000000000000000e+00 -0.000000000000000000e+00
6.162393608761582708e-01 7.167559924222609569e-01
3.521655801902421334e-01 1.006937508579438915e-02
1.653406018100326946e+00 1.486573492500401494e+00
2.176757816188192418e+00 3.014139570015412356e-03
1.732462455719427474e+00 2.836962269544912162e-03
1.872534236387317641e+00 4.531802075613337588e-01
3.303083804484283070e-01 5.584241439289212572e-01
8.097304127304412458e-02 -0.000000000000000000e+00
3.275485943260440531e-03 1.082496096190255441e+00
1.000910356225427567e+00 4.791539778282423723e-01
7.457095621040175093e-01 1.080213448198695581e+00
1.363398135765969466e+00 7.323910209208625011e-01
5.280882229018116734e-03 3.808262981263496050e-01
1.303288716898534094e+00 3.255438718547924107e-03
1.076295039814162191e+00 1.653381975978407414e+00
