2.593736765411117431e-02
-6.028852732544220938e-01
-2.422918809190815204e-01
-1.146986852079429298e+00
8.712617617295934647e-01
1.273307349463544125e-01
-1.798884036499020511e-01
-2.221412293898555532e-02
-1.410614571129669703e-01
2.479006881627002223e-01
2.452921579542622632e-01
6.059374261441675680e-01
-1.039496825014224912e+00
2.383689939352746923e-02
-6.998863902380529807e-03
4.272845761695822642e-01
1.399349013765232609e-02
2.696817440358697526e-01
3.357462991601062319e-01
-1.214487043492354645e-01
7.091428114370005309e-01
-2.307781642661255184e-01
2.412456487844583108e-02
-8.022336131600934506e-01
1.941516826434564746e-01
1.580313453710144034e-01
-4.053272764780920245e-01
-6.044228208442563588e-01
4.849613044887554070e-01
-6.919559814958613497e-01
1.682778569344521025e-01
-5.317254947112244334e-01
2.906793845651876040e-01
-1.514868154135774470e-01
5.887800170074534156e-01
-5.569127107490289275e-01
-2.978676725166027883e-01
5.253111391543387881e-02
-1.060835398887520320e+00
-7.060358931767406476e-01
-6.509489785733323375e-01
-1.240500693318451614e-01
7.423964025071825290e-01
4.716913293976077726e-01
-3.225013674028702204e-01
-1.034220297139865963e+00
2.855853892114613296e-03
-5.266762527696651208e-01
2.811120660741482369e-01
-2.498562607332223406e-02
-3.070999118839838338e-01
3.491119108283500250e-01
3.355031189205249786e-01
2.736061482382291521e-01
7.012775453326108854e-02
2.146188689231685875e-01
-4.235924074860952099e-02
-2.632044092220593434e-01
3.369340587003660237e-01
3.448059534585707353e-01
4.796432490261889336e-01
4.753138784529478689e-01
3.299245343407282149e-01
-1.837378581298061420e-01
-6.013858112264369206e-03
2.043464572825313408e-01
3.741837984072082790e-01
2.523047407570731121e-02
7.996953344634684727e-03
5.453890200890718076e-02
-3.299773621501014831e-02
8.277644435849066396e-01
3.484186831338291213e-01
1.562254349355878813e-01
5.038496641342767868e-01
-1.171843956244815882e-01
9.051685830204654615e-02
-6.595189482322106889e-01
5.610116805973489745e-02
-2.486822224993043562e-01
9.789518839956742879e-02
