9.076999331826672845e-01 5.924693333247592619e-01 1.831670605405953944e+00
2.144605803741036709e+00 1.843159388897316564e+00 2.413106599925315177e+00
2.173949866628982264e+00 1.177508277303683792e+00 9.080399827279576064e-01
1.253025784606773163e+00 5.117044540309355627e-01 3.637766136015597507e+00
2.374005395488468118e+00 1.931249751084686439e+00 1.951394178429085857e-01
3.092905585375838595e-01 1.797764572837425190e+00 4.279440840835752602e-01
6.292340783739454046e-01 8.129350549788930680e-01 1.439618905064927068e+00
-0.000000000000000000e+00 1.268232423785290663e+00 7.553458383534077392e-01
2.977750513478111261e-01 1.134668074358477385e+00 1.374444248289538040e+00
8.103407461018558022e-01 2.201203418738855166e+00 5.134392352982998231e-01
2.014965460296931354e+00 9.190549424493014152e-01 1.239480587350887258e-01
1.880749200400902765e+00 9.846524504660049137e-01 8.141814353664154902e-02
1.776387208607550949e+00 1.682102261906890606e+00 3.059113051486101131e+00
1.501140149106219290e+00 3.031248892232100700e-01 7.704838024435395338e-01
4.694453456554653070e-01 1.028651581328190456e+00 1.127576798004286562e+00
2.007194491705250883e+00 1.564534241834794281e+00 7.566548749604148916e-02
9.611728792292913159e-02 1.471827052714701489e+00 5.421536960837425312e-01
4.603647641110793914e-02 8.323141459057564751e-01 6.955789178140028284e-01
2.444885849421548352e-01 1.614931602035561742e+00 4.229512567510016474e-01
1.059980502181591344e+00 2.319803321733554746e+00 9.922397256221574535e-01
2.830228259425016102e+00 1.936074948230631421e+00 4.337599019538945222e-01
2.319580581294955826e-02 2.165514727263710970e-01 1.285727548246249796e+00
9.781714703757176180e-03 9.645774412275577303e-01 7.031615741288370636e-01
7.013082678257550606e-01 8.041297631901396514e-02 2.487445361671519972e+00
1.852591998371344584e+00 6.375797826928710776e-01 8.885129701191700757e-01
2.046296272985102860e+00 7.412460894968084801e-01 5.134316610053832886e-01
1.630160807795415057e+00 1.461594835878784915e+00 2.098457724508163036e+00
9.205103047581992826e-01 7.877095126480906373e-01 1.838152607241150260e+00
2.798693953571822046e+00 1.544399937429777214e+00 7.321517957320986536e-01
1.298016905233114970e+00 1.084077498817713314e+00 2.340827132654020648e+00
1.955348211557056182e+00 1.466090317670559973e+00 7.932949059735733277e-01
1.717692467360267816e+00 2.061026364231812291e+00 1.871999845173218713e+00
7.264530423218727995e-01 2.609265724619466820e+00 2.650804971407764721e-01
2.301651954434137948e-01 1.560695491983599803e+00 8.998475655982595134e-01
2.032727892870410447e+00 1.381838651910670679e+00 1.567449626316173295e-01
2.648592761004361584e+00 2.558105792290604974e+00 2.122621616358108643e+00
6.030685162095797969e-01 1.252904335589851037e+00 1.154167397151593777e+00
8.582819570171782431e-01 2.018044017892695940e+00 4.817573945111109368e-01
9.462155756288300745e-01 9.166660697332307001e-04 2.988456295074262137e+00
1.250084783902736474e+00 1.122099893781791202e+00 1.686608314851284041e+00
2.136026215975798781e+00 2.253866358424992722e+00 3.923968091012421056e+00
7.871005851369607953e-01 1.130241747151569554e+00 1.139329420740710752e+00
1.812831608444781084e+00 7.776401879351073632e-01 3.522233594394992562e-02
1.485702209579519595e+00 3.842904377992287929e-03 2.524368737897842441e-01
2.475762300520898684e-01 1.375281572048944918e-02 1.761969236686145024e+00
2.350452201825164344e+00 1.901674300972663989e+00 3.621684093032679019e+00
1.629604290921218279e-01 1.852030859426649981e-02 1.484995737242468472e+00
1.002667099254300087e+00 7.846391366219794827e-01 1.567964539330670481e+00
5.789627145171266642e-01 1.776378893687435845e+00 4.509605484237561579e-01
8.500635725017925415e-01 1.263969549711934759e+00 1.385674335070628427e+00
7.164838269631801371e-01 5.273308537266975689e-03 1.580085982501106878e+00
1.497160473923990320e+00 1.638606389171021945e-05 1.726592984138816400e-01
1.690008889218950761e-01 1.885866206986620774e+00 9.966866912706053017e-02
1.118862213023677221e-01 1.430865757849627107e+00 5.585082168931351232e-01
5.448013093033979848e-01 1.597988837459477063e+00 8.076129905776028295e-01
1.607184741281950435e+00 6.261912810159385723e-01 2.278703220239631788e-01
2.700878377743039516e-01 1.777063379349293148e+00 7.658925842393649042e-01
5.770555796637118207e-02 8.744399941628832121e-03 1.366062687820281729e+00
1.338246322577094416e+00 2.455776797838325476e-01 5.196805000290559695e-01
3.207991087499520999e-01 1.687635135541758036e+00 3.254723832962777008e-01
1.382251872686339089e+00 1.521712040042340862e-02 3.071719366674476905e-03
2.085639168845634828e+00 1.449479477416943052e+00 -0.000000000000000000e+00
2.376789423124687328e+00 1.974980004843709613e+00 2.027952990583797854e-01
3.619924221244081863e-01 1.184599423151186104e-01 1.273099904922916581e+00
-0.000000000000000000e+00 7.059166946473294235e-01 9.092720075258291512e-01
2.387346291770188478e-01 1.606090345851268752e+00 4.782656206566728851e-01
1.777112772754126713e+00 9.801517345698281813e-01 3.648408488276656814e-02
1.864321264857494165e-01 1.608964614583844988e+00 2.445288301062711611e-01
1.269833187194223223e+00 9.700739752941089922e-01 8.173120407409948385e-01
1.730418064921856347e+00 7.655922850736160967e-01 1.214006274998076673e+00
4.575472998824236560e-03 1.250811940541029621e+00 8.140336730711250635e-01
1.759569038596270563e+00 2.001263718005924286e+00 5.591078411866561015e-03
6.678559565759470407e-02 2.122616253201321967e+00 1.110822868053204099e-01
1.050489007476715475e+00 1.669326957140542689e+00 1.069378410716849359e+00
1.394494895051987982e+00 4.318925818613015277e-01 4.620215712279567288e-01
3.434537958729200202e-01 2.407867248028792151e+00 9.865212157216207700e-01
1.055426147354154159e-01 1.082862561237344812e+00 6.401966158544608598e-01
4.607618889862318823e-01 2.084625259407915055e-05 2.017486657448012810e+00
1.979806472107800142e+00 1.624815581672219844e+00 9.176113971692136939e-01
5.105280049552256560e-01 1.009416306288589249e+00 1.309481203204972966e+00
2.416907982392370258e+00 1.796183967727761122e+00 8.374595528266302047e-01
