4.607897802198459569e-01 8.875093117511196894e-01
7.833386456877521331e-01 6.215951786911464438e-01
7.322611832167801316e-01 6.810239052734942122e-01
5.662755616575139150e-01 8.242159839929501519e-01
7.871615248836655310e-01 6.167468960139342871e-01
2.923154964192351546e-01 9.563219387597338139e-01
9.360369531912472452e-01 3.519017224459790039e-01
7.657529679044106086e-01 6.431348164619815622e-01
7.654322265948482196e-01 6.435165160973360665e-01
9.183100634165128895e-01 3.958618792305723111e-01
4.472846909969994678e-01 8.943916397192667178e-01
6.721610938415433223e-01 7.404049324023578293e-01
8.358742679790780450e-01 5.489209488901297673e-01
8.069386182095424909e-01 5.906353074800677616e-01
6.749262010573552351e-01 7.378852370974002817e-01
2.769541481051269738e-01 9.608831353746216664e-01
7.655206740548109456e-01 6.434112973787979861e-01
5.301248683409042206e-01 8.479195857901496991e-01
8.721143880990835928e-01 4.893020478912397664e-01
3.142076713113436393e-01 9.493542749095844613e-01
6.315391995164682491e-03 9.999800577131263690e-01
6.123910943199238899e-01 7.905549617816879371e-01
9.861008148174780219e-01 1.661480755720812219e-01
2.837309574618400720e-01 9.589039283357783106e-01
6.094138663843584602e-01 7.928522809820676143e-01
7.943433269838792166e-01 6.074690764772984197e-01
3.761309819801869625e-01 9.265665029530369967e-01
9.035753118801982398e-01 4.284292891021836414e-01
9.999774978692435035e-01 6.708483820302152054e-03
8.690103312176897798e-01 4.947939411885730610e-01
3.539555187600306185e-01 9.352622577327268649e-01
7.678671264136817110e-01 6.406091446218941110e-01
2.225852517919326423e-01 9.749132298234146621e-01
6.550136073654551014e-04 9.999997854785642737e-01
4.567122674068528343e-01 8.896144697564734027e-01
9.169574468236103559e-01 3.989850131455137672e-01
6.331422087840559154e-01 7.740354923748956617e-01
5.989442000792193771e-03 9.999820631313940389e-01
4.487034634747307238e-01 8.936807046511529018e-01
8.663096235894979236e-01 4.995073934149748540e-01
2.538556466027148684e-01 9.672421158572023225e-01
9.218193538348037341e-01 3.876197607134923562e-01
6.988047607736129763e-01 7.153124536313718584e-01
5.452039921883455875e-01 8.383034098116805000e-01
9.999836765205711853e-01 5.713728415126681677e-03
8.581441885227203414e-01 5.134087569419535368e-01
1.506693211771895601e-02 9.998864873357176108e-01
5.963292489974257871e-01 8.027399496662454004e-01
4.493858682547348660e-01 8.933377532674515731e-01
4.738894430120297874e-01 8.805843490556417574e-01
8.788855401355639696e-01 4.770327109754823325e-01
8.153313810662634609e-01 5.789945932809558160e-01
8.828421991100969812e-01 4.696697259462738194e-01
4.475422381197857735e-01 8.942627942046639244e-01
3.811004107027823329e-01 9.245336537747941286e-01
1.599326622798660225e-01 9.871279266316369538e-01
9.398086113040022838e-01 3.417012937037887665e-01
8.888284572816713691e-01 4.582400828455365227e-01
8.288253095761459743e-01 5.595074675158552280e-01
6.643943425635163713e-01 7.473822031394597998e-01
3.122904218442726920e-01 9.499866801299511332e-01
-0.000000000000000000e+00 1.000000000000000000e+00
8.858251683797885301e-01 4.640191494592860733e-01
3.738073206495105549e-01 9.275063811256687440e-01
3.265578699997863654e-01 9.451772095968050680e-01
3.008803768300993275e-01 9.536618891612359539e-01
3.236664821832572758e-01 9.461712362522521902e-01
8.326226479138874037e-01 5.538407046984420434e-01
9.078674615559674255e-01 4.192572864577598923e-01
1.790935937679726808e-01 9.838320408846583653e-01
3.323221055902397247e-01 9.431659547163848689e-01
9.640145082579987257e-01 2.658496339438687905e-01
9.629415698049285099e-01 2.697100909154492854e-01
7.028624587981532335e-01 7.113257790999947261e-01
1.446997956657612369e-02 9.998953043650834482e-01
9.814608784974891975e-01 1.916625784521764075e-01
7.831859185374415722e-01 6.217875979823528354e-01
2.409051799293164542e-01 9.705486563193128635e-01
2.209887890633800873e-03 9.999975581947742054e-01
4.924245466758252476e-01 8.703551377633776953e-01
9.047787253578191136e-01 4.258819767727676231e-01
5.922205633794959123e-01 8.057759020413011175e-01
4.630077356188255777e-01 8.863542388667907668e-01
9.999567301870930791e-01 9.302567040188820455e-03
6.263568101836232138e-01 7.795364945508301835e-01
8.186304949293315980e-01 5.743205662099850617e-01
4.834995107982991147e-01 8.753446310212941173e-01
8.701259634222680006e-01 4.928293901325993542e-01
1.440363405661644614e-01 9.895723988654432368e-01
3.174786759812254777e-01 9.482654113154228570e-01
4.873181627898611201e-01 8.732244890147747851e-01
1.811614198767690365e-01 9.834533745675150262e-01
7.779826270850744852e-01 6.282857884385146807e-01
9.999998940778485057e-01 4.602654580525392157e-04
9.999978118398616944e-01 2.091964504620874576e-03
4.668981666597964986e-01 8.843110889103001915e-01
6.755437376588473430e-01 7.373199159862118268e-01
5.617640946028907845e-01 8.272974688798427900e-01
9.999946950241177523e-01 3.257287770783648048e-03
9.728186425708593710e-01 2.315683239706818608e-01
5.586880143576670177e-01 8.293779009673981628e-01
8.170642164937793606e-01 5.765466729809533009e-01
4.072523935756498514e-01 9.133156562366069320e-01
9.999892197363077218e-01 4.643318982202462170e-03
8.026759648021195570e-01 5.964153716404252403e-01
8.095394369591299988e-01 5.870654989078262220e-01
1.219110768048627946e-01 9.925410265335529170e-01
3.817129551823971179e-01 9.242809204164723624e-01
4.921621580549460639e-01 8.705035382918889786e-01
7.731171545211801277e-01 6.342632461250405917e-01
2.663832802580319847e-01 9.638671837960720579e-01
7.508843985911655139e-01 6.604336605234348845e-01
8.012490047481976019e-01 5.983310391330395328e-01
1.872739076687012783e-01 9.823077336082083333e-01
3.377696711925428502e-02 9.994293954513369105e-01
3.718821467923673074e-01 9.282799517909994247e-01
9.228760931103224818e-01 3.850970225351366683e-01
2.795032874706022130e-01 9.601447350754601651e-01
-0.000000000000000000e+00 1.000000000000000000e+00
4.572932197391766374e-01 8.893159793799824131e-01
3.616218473156890267e-01 9.323248573024257579e-01
9.763710249703648758e-01 2.161009523308937974e-01
6.203318789763638819e-01 7.843394417761061499e-01
7.939519702515954735e-01 6.079804840071840744e-01
7.119928816173550779e-01 7.021866821054177921e-01
9.250098231530182735e-01 3.799431892670560029e-01
8.895380676059008174e-01 4.568610579595943633e-01
2.884090616515772587e-01 9.575072914381679290e-01
4.552998557865207130e-01 8.903381612178450366e-01
9.999480716378326139e-01 1.019087963719176627e-02
9.978476335796337970e-01 6.557514894779026271e-02
9.935121126629831156e-01 1.137263469559096490e-01
2.981565139518826402e-01 9.545169947088740781e-01
5.837294509962375200e-01 8.119482299011626658e-01
2.411026899848054961e-01 9.704996099340230664e-01
6.173904118648601003e-01 7.866569006481406445e-01
5.546454156691306148e-01 8.320868121038919041e-01
1.840946883745454565e-01 9.829085133990238532e-01
9.281211653493953717e-01 3.722782594115325305e-01
3.828779187971609235e-03 9.999926701981020072e-01
9.999611552700398143e-01 8.814076866431925020e-03
8.896370801331058287e-01 4.566682227309473707e-01
-0.000000000000000000e+00 1.000000000000000000e+00
9.014002993868485136e-01 4.329867206569963378e-01
4.488410894196566692e-01 8.936115914918381087e-01
3.877241697894605408e-03 9.999924834701590104e-01
3.452235107974490624e-01 9.385204992927344003e-01
8.584822112491228285e-01 5.128433415467306133e-01
9.292953091420909084e-01 3.693375534744681166e-01
7.323758417465367487e-02 9.973145222367217899e-01
3.966369399862555989e-01 9.179755649462242317e-01
9.123454205090328895e-01 4.094213400351721099e-01
9.088570588610767054e-01 4.171077157742270614e-01
1.499816339731386283e-01 9.886887829194522803e-01
7.241865831756922342e-05 9.999999973777690121e-01
6.387720426998022560e-01 7.693960472117867821e-01
3.978717345043813469e-01 9.174410514482526091e-01
9.511527369912734509e-01 3.087207004948153144e-01
