5.221065383122327887e-11 2.543223991746860801e-12
2.971957630145590955e-09 1.584663048539211689e-13
2.510643187401012366e-11 1.127183359806917597e-12
1.013409594142739454e-10 1.059347281704463899e-13
5.812800617557461070e-10 1.192972345013572412e-13
8.194731582337597571e-12 8.013977880704313167e-12
3.405627403528163492e-09 7.445602763257016198e-15
3.640726708125806971e-09 4.909443599363676888e-14
4.287601856418570240e-10 2.727368745664562983e-14
5.828569780230394737e-09 -0.000000000000000000e+00
1.211672718580244828e-11 1.368457572055740498e-12
1.944139349223417269e-09 -0.000000000000000000e+00
-0.000000000000000000e+00 1.211378266685796514e-11
-0.000000000000000000e+00 3.567054934058774621e-12
8.017355490103768496e-11 3.739526645150169670e-14
-0.000000000000000000e+00 6.596886385597401903e-12
1.559861124592780200e-09 4.794406104834240890e-14
6.238345786213418665e-12 1.358203699272642148e-13
7.505018135423125337e-11 1.248357242774194856e-14
-0.000000000000000000e+00 1.149958442536954363e-12
-0.000000000000000000e+00 2.482571000319394876e-12
2.740258299441896362e-09 -0.000000000000000000e+00
3.672442921631359366e-09 2.033918486199435713e-14
2.360824071150431041e-11 5.297568018528316283e-12
4.513464502908590819e-09 7.192518590468533038e-14
1.814724449079724723e-12 1.607722074609595071e-11
6.306020604414628281e-10 2.944584638828321011e-12
3.964904351340332491e-11 8.883196183526856258e-15
2.045273323852526095e-09 9.478647868478234200e-14
1.761587534457253357e-11 8.148408368309889507e-12
3.621570760278100614e-09 6.418591423503687152e-14
4.791383060044043527e-11 4.607665978390028886e-13
5.769683521609476172e-09 -0.000000000000000000e+00
5.830982237345164352e-09 4.441423575659796284e-14
2.870120558837112709e-09 -0.000000000000000000e+00
4.192480527503458964e-09 8.931755434556688415e-14
2.309464737743239532e-11 3.964046382995603516e-12
1.042377333457036258e-11 1.227191793420605381e-12
4.042097352553989044e-11 1.284597025000653200e-12
3.570879707855859219e-11 2.172136275263924174e-13
2.922981664511068528e-11 1.497741866607180248e-12
-0.000000000000000000e+00 1.113916843603194666e-11
-0.000000000000000000e+00 1.560522107126692404e-11
1.318988784327621879e-11 1.429051540358514794e-11
2.856129331104724230e-11 8.692488575168905431e-12
5.159128319356541279e-09 8.876143911260327560e-15
2.719482808656840324e-11 6.284127911901195765e-12
1.475471518306349786e-09 -0.000000000000000000e+00
3.937887960705944004e-09 -0.000000000000000000e+00
2.931464788128047844e-09 2.052726003213182223e-14
2.740931542084671359e-11 8.374223144632080215e-14
1.633089188278196412e-12 7.252040235646933271e-12
5.119425285732969247e-09 1.022395703344719153e-15
2.771621893775191629e-11 1.548024658735415777e-12
-0.000000000000000000e+00 3.648223519439834896e-13
2.921331559170893921e-09 5.694175265265957187e-14
4.070793558928619434e-13 1.005240645174529934e-11
2.689315041963526098e-11 1.873356387406150484e-12
-0.000000000000000000e+00 4.448632220588014371e-12
8.673323161018642529e-10 2.246627157700531194e-13
6.155630995725599384e-12 1.136203301849607790e-12
2.583415486571742574e-11 1.665934180285368406e-12
6.314191855495368619e-11 1.952252377581577422e-13
-0.000000000000000000e+00 8.347750256471364311e-12
-0.000000000000000000e+00 2.288293875125048819e-12
3.793154234455146287e-09 -0.000000000000000000e+00
7.335299652627484140e-12 1.349515751008925420e-11
9.602678551134710778e-10 1.253658579852411228e-12
-0.000000000000000000e+00 3.455319812898573581e-12
4.771362098011214203e-10 3.871926968529837690e-13
4.849359563069423645e-09 2.563784710152491980e-14
5.285401572979893478e-09 1.635647472174699524e-14
4.490163889065742813e-09 1.359924030634063323e-14
3.977417891225872684e-11 3.620082615257693695e-12
2.397175574419747714e-09 1.371344802178309699e-13
2.716393629002405089e-09 1.196036723760497518e-13
2.508354197625063155e-11 1.092022303082992677e-11
3.805448743844846262e-12 5.506820077437504112e-14
6.442730196771228178e-13 2.862548339649157004e-12
5.150799867153913129e-10 1.315748712342536704e-14
