7.324700535903118093e-01
-1.572832102587028880e+00
6.033443732773742241e-01
2.807869257038900113e+00
7.937444061652866312e-01
-2.538457790567587580e+00
1.027681924903844690e+00
-2.551444196926280661e+00
-2.109364745106898642e-01
-4.470033195753700395e-01
4.433934563681012908e-01
-1.272738021208889458e+00
1.496980045442362295e+00
-1.093303132480612366e-01
1.066494907968444233e-01
4.988421068728304597e+00
2.747320519819223428e+00
1.056679007871260678e+00
1.192593745669962235e+00
-1.794560438969748040e+00
7.646943423537768680e-01
6.954584431931363220e-01
9.384819218653204231e-01
7.510745203343580090e-02
2.296813782584251395e+00
5.192895338681796646e-01
-8.253590121452006878e-01
-2.332584036909298941e+00
8.095877565878781823e-01
1.852935447352570764e+00
4.486814687526430312e+00
-1.520422140609325679e+00
5.496824693869957201e+00
4.795446309298612597e+00
2.472101218716179716e+00
1.958872773165108550e+00
1.890790324818519830e+00
-1.541800424867059149e+00
-2.503710761540156149e+00
-8.354629058186005541e-02
5.645358665155332467e+00
5.425383618423956555e+00
3.109400387687042411e-01
-9.920126568831825198e-01
-5.425987825292578615e-01
1.803861896619862293e+00
-6.187530720462146583e-01
1.180598714785650927e+00
-5.616304369251032963e-02
4.731584757593471080e-01
7.111906275837991398e-01
1.313745138918851474e+00
4.024201309689575012e+00
5.284306070260789134e+00
-1.579197519801305294e+00
4.500820209894325630e-01
2.081813507824251466e-02
-1.157487369742679295e+00
2.309762553212836522e+00
-1.684125188882241497e+00
1.065114750850110203e+00
5.109571130538205885e+00
3.413165064546511140e-01
3.806787179098483964e+00
1.959420589154042380e+00
6.968015269489762353e-01
1.066078394830136666e+00
-2.992331627233636993e-01
-4.103309580360532394e-01
3.383637982899073138e-01
1.251519696266558679e+00
1.544712710332419858e+00
3.820362206390866877e+00
3.803064032755040458e+00
7.260267183142311564e-01
2.419335536062813485e+00
-9.020745004556940394e-01
2.301613306715333263e+00
-2.256225053104377487e+00
3.940113627788935702e+00
2.008858107569210905e+00
2.528719316795235539e+00
3.181528669448900892e-01
3.946461420548811994e+00
3.631146406436132068e+00
4.462159118188111506e+00
3.609782949203266700e+00
1.590754236415099054e+00
6.997230384677554094e-01
3.422154663223465398e+00
2.091698295170230537e+00
1.507284681465260956e+00
-2.184938135383879487e+00
1.334585771336016302e+00
1.437532525713233422e+00
-2.435314480561837081e-01
8.811762208605017355e-01
4.882259070498466969e+00
-1.826114601776936297e+00
5.532224857531994999e+00
6.670526148022999369e-01
-7.710420645186891742e-01
4.625199888032768269e-01
2.186924331301527413e+00
-2.285837576153839201e+00
2.445256274170536592e+00
8.767241296490535518e-01
4.409978032016774740e+00
3.162337010947451788e+00
2.028757793157194289e+00
-1.549202717008831831e+00
1.811818665458810318e-01
7.212753036450932909e-01
-1.986848835253689494e-01
2.154702288239630725e+00
9.167764005203548061e-01
2.091816802394138364e+00
5.732231306966819456e-02
2.072469885343819929e+00
2.793282863851748399e+00
7.090230541213262683e-01
3.296206667703164950e+00
5.366233972172867794e+00
4.979715564828565810e+00
-2.219316232957218915e+00
-1.861183624907368106e+00
4.235453242105659655e+00
3.789291256557995036e-01
3.795739052274566649e+00
3.073560420787317393e-01
1.157393230025947739e+00
1.861933571879497373e+00
-1.384959140308949510e-01
-4.572993255291516235e+00
1.448722296785022179e+00
-1.371211329182531635e+00
1.507087930134622722e+00
1.775967034268138844e+00
7.874000836981779328e-01
1.418042995810688822e+00
-2.045639752827974611e-01
1.819472679566457085e+00
5.409009371553966439e+00
1.516937827977764330e+00
-1.158640899591979467e+00
2.113405413360289198e-01
1.006908590083244848e+00
3.201042175458272077e+00
-3.147081312654647522e+00
-1.340119850559087000e+00
2.216124999327222511e-01
1.507838336646573296e+00
2.028156427249975913e+00
2.786139840892171815e+00
-1.318234832136729207e+00
2.214296014924709066e+00
2.300340676422648833e+00
1.411456618055311862e+00
-4.151121458048675494e-01
-1.365258864253258153e+00
1.734528815638841426e+00
-7.886953415372137399e-02
-2.170228162462651600e+00
8.648705339903141054e-01
-2.445099136707143128e-01
1.203785809369295690e+00
-1.966971346994720760e+00
1.857586806992992945e-01
3.940894579857909807e-01
-1.406239444776778091e+00
2.806721087348119648e-01
4.746337151606079274e+00
2.397811761377712347e+00
2.168364597642769898e+00
-9.045886870584721740e-01
5.468254063685681204e-02
3.409309195849687502e+00
