-2.396986912605597819e+00
-2.072882722332321848e+00
7.796600746114545899e-01
-2.918544913128199969e+00
2.471152976224916475e+00
1.379000346273028255e+00
-1.364436659416909947e-01
1.472057557823045926e+00
-1.988233894042733541e+00
2.162856240253957285e+00
4.201776404856403246e+00
3.503216701244643794e+00
-1.997860886326134677e+00
1.302180535297928543e+00
9.461256664775584690e-01
4.020020869668896601e+00
-1.755979000304701831e-01
5.615436268523352203e-02
-4.436612557977351323e-01
3.900995793879003526e-01
2.016999082574656654e+00
7.676008115534507237e-01
9.297252317085756834e-01
-1.368229061178723560e+00
2.350988367278036506e+00
2.879600774364434290e+00
-1.084792665200043249e+00
-2.582046209744740750e+00
1.800327710722969821e+00
-1.866030896160949082e+00
-1.926302104198967038e-02
-3.496050695154533372e-01
1.801254882825473524e+00
2.074794106015621920e-01
2.029980246108307185e+00
-1.259919486467457883e+00
-1.195480031041663116e+00
6.913575300589942518e-01
-2.760559825295571201e+00
-1.802472722623174484e+00
-3.012526061004284994e+00
3.780807005511406249e-01
3.319942250632057945e+00
1.292287218801811965e+00
3.494661438284666910e-01
-3.008450815690234315e+00
2.107573071018229161e-01
-1.279922746141959333e+00
2.233034556262901149e-01
2.980003534883653993e-01
-2.243286918341826919e-01
1.842594358500409424e+00
1.197356692169176506e+00
3.122430859024180716e+00
4.670826389496919306e-01
3.256064578446137059e+00
1.185298478944477818e+00
8.438050162125875220e-01
1.759031132806282649e+00
7.113488165099168814e-01
2.452131603404493543e+00
7.611686405573868663e-01
4.330383175042204158e+00
-1.597591947547858826e+00
1.002814882616493763e+00
5.078972703088242557e-01
4.639493861721746271e+00
1.494204475851164782e+00
1.660679166914397209e+00
1.170726367798280876e+00
1.437313793837113884e-01
3.560976021628122101e+00
9.547620044900947400e-01
7.062654116665774140e-01
1.525184634526064675e+00
-4.800825075842541922e-01
2.759046561379421836e-01
-1.063852928950921539e+00
8.340738067804887024e-01
2.618270776521469112e-01
1.373709422961628235e+00
