8.435325104208473146e-01 2.372194587475243144e-01
9.420813048783076571e-01 7.419598314971251884e-01
8.791974138548445949e-02 2.533432654261787431e-01
8.028500929850177492e-01 3.778931392439615067e-01
1.836231773372444032e+00 1.310524914415808428e+00
1.222931333146655808e+00 1.336940286361911756e+00
1.617496952789037712e+00 4.166999101812575712e-01
9.134564689841017104e-01 1.505784639151816151e+00
9.660639204527888824e-01 1.817407255927087073e+00
8.747905421494211325e-03 4.168564448188690763e-01
1.000439792769502567e+00 1.818582783636639943e+00
1.874150107489748418e+00 1.389873393102136978e+00
1.177574897358987016e+00 5.770231861461253553e-01
1.205394466588764368e+00 5.334545333184878002e-01
1.592291234209478823e+00 7.013730747437112445e-01
1.436713662194701646e+00 7.667338198542110739e-01
1.245077026101841344e+00 8.413213531219519981e-01
1.785862220193703109e+00 1.445559091739297086e+00
1.405169187694464306e+00 1.219905458950183208e+00
1.128835024366184048e-01 7.036765872761108209e-01
1.065989212709020251e+00 1.477334414190300746e-02
1.242585619818740827e+00 1.455545721005725657e+00
1.582080648675276091e+00 1.288664241825036250e+00
7.713515601325844351e-01 1.188553905609566863e+00
7.381771911266100661e-01 4.179458308041116704e-02
5.832900943921000003e-01 1.249669631613881116e+00
3.306524321540788014e-01 1.311193606196456196e+00
9.582223640482970817e-01 8.456566404595338149e-01
4.853185875385984116e-01 9.029584254854697845e-01
9.291510675583948276e-01 8.059516580783931960e-01
1.740354739820147767e+00 9.713121238389200718e-01
1.064187089453451751e+00 4.471068965923291061e-01
1.501524226201657597e-01 1.579702726860977791e+00
1.395480034555952153e+00 6.363747399424617146e-02
1.473060842082130284e+00 7.922545525942441547e-01
1.481198803057513613e+00 3.575852791030259548e-01
1.780512460287638987e+00 1.744032889839935541e+00
1.520257412751805683e-02 1.249740593535046296e+00
1.479163873552890918e+00 1.699275387957516870e+00
1.233879592832433980e+00 1.610505015411828333e+00
1.110251919033864221e+00 2.188501216487707790e+00
9.600215245346890303e-01 1.404882784945769680e+00
1.543382747589417958e+00 6.221695421351480793e-01
1.322379377348710916e+00 6.913634515190373309e-01
7.971875897203092309e-01 9.079087258568230290e-01
1.547469601649447357e+00 2.621076451846162114e-01
1.203703939419611624e+00 1.618024012344197127e+00
7.224291344152726779e-01 4.213610164516956580e-01
2.939033576789995290e-03 6.779862053322738280e-01
7.016067712358984299e-01 2.112970345432995112e-01
1.264942705162535042e+00 3.361554701686845781e-01
9.888938548448480415e-01 9.905744131272564701e-01
8.163625886277722232e-01 2.778914195053618363e-01
2.146027505176651209e-02 4.823264063565785298e-01
6.511454998754230283e-01 1.298584578869127482e+00
1.408497098159569250e+00 3.603954686929472517e-01
7.595595256591405331e-01 1.221712370348292609e+00
1.284249529486936714e+00 5.842741407981007912e-02
1.688240673490746038e-02 1.920823904906105328e+00
1.090802424840634277e+00 6.773037806638100289e-01
1.197792756674984416e+00 5.673881278224637281e-01
7.554113618747235748e-01 8.307244549559512636e-01
5.181504273938407623e-01 4.816477751271940888e-01
1.257872561170403358e-01 4.062043949075870852e-01
5.648018817632574073e-01 9.426243364630082500e-01
2.560003193647927486e-02 1.895997483603512404e-02
