1.458290115330354020e+00 8.077349808032158185e-01
-6.256944753111730595e-01 -1.688096923424933227e+00
1.002656476156348786e+00 -1.018904201445532509e+00
5.729317216213463126e-01 -1.578363896302468206e+00
5.281349844025927665e-01 -2.184650228843235009e+00
8.872494677432481158e-02 -1.313873808103226848e+00
-7.116189978699903884e-01 -4.963479575515120645e-01
-1.355014937692554933e-01 -4.761053945036196333e-02
2.316689399737354105e+00 -1.595471706619998820e+00
6.896465659089781042e-01 -2.093937972603757913e+00
-1.521099995538705285e-01 -7.315976449689295391e-01
2.111365150228600385e+00 -2.257486135022771234e-01
1.653493662417216681e-01 -1.857607731252192140e-01
-9.838076562261058866e-01 -1.287415557788297749e+00
-3.522431014678174543e-01 -1.326350625702717334e+00
-1.410907851398544022e+00 1.252215986629757472e-01
3.649850065792299980e-01 -6.358325077242192869e-01
6.149965236696041115e-01 5.848247317499156717e-01
-4.030532368414356803e-01 -1.302289519591751876e+00
9.661572234305534357e-01 -9.637990728595897949e-02
7.371404065045615850e-01 -1.263712116147364561e+00
-5.013742763523379997e-01 -1.232208180657036412e+00
2.296816153133979521e-01 -1.200477705898309821e+00
-2.561569244682295743e-01 -1.539607225452073402e+00
-1.032933196098624884e-01 -3.640124829677706675e-01
-2.296873029855005799e-01 -5.768128552736941916e-01
1.305729500180104363e+00 -3.302048734946051445e-01
1.283112216939790162e-01 6.433960314871367547e-02
1.821011244335603685e+00 4.106433445070391541e-01
9.692096120019827454e-01 -1.001504622045631621e+00
2.324298449136769307e+00 -7.594391607221253615e-01
1.519655751618998574e+00 -1.046497082946898027e+00
-5.200549432480313650e-01 -1.514414932306888284e+00
5.111989254676320149e-01 -3.115476921658387077e+00
-4.759002819900604586e-01 -1.001690915531384674e+00
-1.026435277852371764e+00 -2.821591136659657995e+00
1.083811950445972672e+00 -1.430476609866063953e+00
-4.282815642272642109e-01 -1.567745836332976150e+00
1.393041885134954416e+00 -1.512509169611421678e+00
1.008551031868359704e+00 -1.000778036278764160e+00
-5.142123172502569561e-01 -1.341046999880918689e+00
-1.267999724491621016e+00 1.920511028219322180e-01
1.027709458642547480e+00 -4.804738761177800299e-01
8.152760187684156001e-01 -1.156925094049435998e+00
1.030759916120316699e+00 -1.707198081961860625e+00
-3.629398111127006832e-01 -5.555720236165347936e-01
7.935650190832167494e-01 1.211860527317894648e-01
2.131228661307117633e+00 -7.601134174462629289e-01
1.478546420432937714e+00 -9.380253465214158926e-01
-6.886224901109775365e-01 5.391938090985919779e-02
1.100346580338460667e+00 -5.824595409728291484e-01
-5.010352565104059241e-01 -1.515368083095153029e+00
2.673323036860109525e+00 -2.027693524347765841e+00
1.079096613851703523e+00 -3.407889937637543776e-01
-1.030638325458748117e-01 -1.062073770227336539e-01
1.819789976576186907e+00 -1.288517975697255125e+00
8.635889712361698445e-01 -6.194868073197088432e-01
1.557371874697696779e+00 -8.368465862250236142e-01
1.155787252000622711e+00 -2.773634171844913676e-01
1.450952812331697483e+00 -7.399574742054787491e-01
7.238252093438081181e-01 -3.456657616419696044e-01
-6.183118988613958145e-01 -1.505962671360124183e+00
7.861182855459418750e-01 -1.183651177216201500e+00
-6.745830753778125910e-02 -1.275556168003364244e+00
7.235669657793480924e-01 -8.205012111544176534e-01
1.656432007225426606e+00 -1.505950181658138431e+00
3.828034845358113669e-01 -1.851090287016825986e+00
5.417131922863627214e-01 -3.024949468369225736e-01
2.790919486015728812e-01 -2.244503759529353104e+00
1.093059181324516349e-01 -6.746748162248569214e-01
2.050226232539021254e+00 -2.522947815031131857e-01
8.159754012498557918e-01 -3.281443907731390608e-01
1.278139271506048891e+00 -5.059347472481326990e-01
2.765782853564751620e-01 2.642798337432688410e-02
2.232811995796873727e+00 4.868847100076048595e-01
-1.327934733400936984e-01 -2.194335568858146068e+00
1.615890487199735936e+00 -1.931877955991947449e+00
1.198939299722591834e+00 -3.208606319415235331e-01
1.706802428051272136e+00 -6.559938001325655854e-01
1.108786584010524656e+00 -1.920888876767328668e+00
-6.403582842369552885e-01 -2.032836460984699389e+00
1.484729324198714062e+00 -9.147117805032959348e-01
8.418930068077733475e-01 -1.054690998029530036e+00
-1.036542805913467591e+00 -1.382964251453025817e+00
1.811253920680792273e+00 -7.285675971640526161e-01
1.473034516236270353e+00 -1.073495657811968540e+00
1.058584081504166718e+00 -2.523935373704218499e+00
1.473595646612119614e+00 -8.664558959793627890e-01
1.349008622229111332e+00 -1.282282268928615299e+00
1.441938255691236070e-01 -1.878505839562424562e+00
1.026910179076486074e+00 -3.117974740270145206e-01
-8.299373555093673971e-02 -1.828524998770403753e+00
5.726971067917417946e-01 -2.895834634232973270e-01
7.005015104782205126e-01 -1.138524702070203176e+00
5.172858678483537309e-01 -2.238309766554235747e+00
4.187473677134244676e-01 -1.090463584151055265e+00
1.331892213553046656e+00 -7.201567747078273518e-01
-1.209433893358259349e+00 4.289668442738457932e-01
6.378800534766976282e-01 1.413843270022324683e+00
1.815176386483096538e+00 -9.351905322389423292e-01
1.959418733097817444e-01 -1.420059539445734265e+00
2.710691884086228187e-01 -3.736019638289044681e-02
7.008922490158417951e-01 -9.919879616547666590e-01
1.422152828923206824e+00 -1.707336890329075541e+00
3.314766786308936952e-01 -1.532271088602615405e+00
-5.060101731836152972e-01 -1.702567646186470052e+00
4.775047621994050751e-01 -2.164532452306543675e+00
7.604157476185217091e-01 -7.514876026534080822e-01
1.786332625054389389e+00 -4.051102500772028603e-01
-1.924206742627413425e-01 -1.286876905849177466e-01
2.063319103982572678e+00 5.618740198769578420e-01
5.519398639577177690e-01 -2.192713778264159252e+00
1.547221810509770146e-01 -1.855401363824685568e+00
6.914910887636962489e-01 -2.789896002090857738e-02
-1.738561662197896374e-01 -2.019964966787703098e+00
5.932166508734172394e-01 -8.535406376608939416e-01
-1.525920393674696507e-01 1.172432327928548013e+00
-3.201065559084858569e-01 -1.768681552846167682e+00
1.024580603255364902e-01 -1.435976332439035552e+00
-1.395065785117674539e-01 -1.096110178011398872e+00
7.650348625700535976e-01 -6.680612832927613765e-01
1.568984511586767883e-01 -1.695292825065398468e+00
1.432383303810703667e+00 -1.205670786565019137e+00
1.761356902916752620e+00 -1.338422035353864725e+00
8.682235582307096244e-01 6.959750071308382635e-01
1.011052449058348568e+00 -6.419378320449814490e-01
1.157852486529264979e+00 -1.391610902629472735e+00
1.543022364821413417e+00 -3.415021446183058584e-01
1.659828588093326340e+00 -8.380800772980192548e-01
1.391859067617194468e+00 -5.137261452467873912e-01
-1.114463451041807662e+00 -4.330422142442701627e+00
1.450217440054482887e-01 -1.528572190112688522e+00
1.807554758717020427e+00 -1.181797149198649199e+00
4.287306295893250074e-01 3.895064741908103589e-01
1.709948494073567415e+00 -3.477211393683286023e-01
6.572311504768535428e-01 4.462999588381146299e-01
1.551410075271061784e+00 -1.096503401445666048e+00
1.336604181558300297e+00 -7.089299325535649565e-01
-7.610136475183101323e-01 -4.501033665059546163e-01
-1.677060563881440203e+00 -1.331034193758858564e+00
1.449571527843332763e+00 -1.658914171519326963e+00
1.613203734855927163e+00 -1.235827923562894948e-01
-4.057171451042527743e-01 -8.407737876365138918e-01
2.515701084929850007e-01 -1.912283031841239600e+00
1.631659524860190613e+00 8.117914321458756799e-01
-5.220299254230187369e-01 -1.278704796765480545e+00
7.361869694804749065e-01 -1.430344684053658000e+00
7.931990658982287501e-01 5.237734793307187164e-01
9.830208434615563817e-01 -2.253076980427428933e-01
1.238039206917575408e+00 -7.453821159910875016e-01
-6.264309345127988538e-01 -1.765887096413589319e+00
1.330385787970379985e+00 -1.480936449146031064e+00
1.256802035772226489e+00 -9.374188145834371211e-01
-3.057821198841960686e-01 -2.156749063181139014e+00
1.013420122106764243e+00 -2.085601932051710072e+00
2.090702438122599427e-01 -2.295300808875103904e+00
1.290525742147977217e+00 -8.388971529107366321e-01
8.929111288557853854e-01 -1.816009863542962233e+00
-1.229376515264601292e-03 -1.317495735909370858e+00
-1.728335783902425371e+00 -2.347225172238991853e+00
1.191763432103304376e+00 -7.965541677936457399e-01
6.197680100831178818e-01 -1.514508965394288920e+00
3.440395827374051474e-01 -9.731754726727889215e-01
2.430173471134524366e-01 -1.420075281686140833e+00
-1.208352457344898712e+00 1.036191384275726157e-01
8.765227774622859069e-01 -9.892656643478727752e-01
1.274107480704325779e+00 1.250143546366663250e-01
8.411116648669308971e-01 -1.021634282098039304e+00
5.495746880758761721e-01 -1.366672573164763316e+00
2.301226063129428567e+00 -1.095267274410104186e+00
1.863435397724371834e+00 -2.090824786575185446e+00
3.638255589170136250e-01 -8.458719905118318172e-01
-1.622362239094344294e-01 9.855828351968787260e-01
1.350132627609172964e+00 -1.765116447913630315e+00
8.439955820289545274e-01 -2.268385419309848217e-01
7.389403802994775061e-01 -5.941136597286841292e-01
1.230437226712778331e+00 -1.105516790928816606e+00
2.450114584536613904e+00 -6.045590984483284469e-01
1.278064026662460773e+00 -9.654865579226058481e-01
7.121052096071689430e-01 -8.889766282631611505e-01
-4.300776825536908321e-01 -1.100428816331213477e+00
6.291292648953914490e-01 5.141548634350050495e-01
1.678962290582665107e+00 -8.026009309977698569e-01
