-8.326962723565671798e-01
1.744966765351430249e+00
2.007154325066649925e+00
2.636721248636394677e+00
2.989631180685083933e+00
2.376372449180125912e+00
-8.444985456344378250e-02
-1.278759849426478190e-01
5.237603584913114396e+00
3.768835841602276027e+00
7.968448675475040544e-01
1.523428038104550186e+00
3.783234528405083341e-01
1.291523956913241289e+00
2.041602991173982140e+00
-1.364631640066385154e+00
1.161270310643514048e+00
2.288440547497232191e-02
1.965198946553234682e+00
1.290093517157185010e+00
2.522884464008015026e+00
1.064418476433425909e+00
2.203697154511412570e+00
2.293886840290740636e+00
5.785157142282708609e-01
6.419034024232140867e-01
1.511529623819733548e+00
5.325910113090220888e-02
8.891718810441798793e-01
2.719624141381229432e+00
2.963060199435145758e+00
2.430333734244064736e+00
1.857878446223187208e+00
5.503835713059649137e+00
1.012514718565483474e+00
2.833314932948491904e+00
3.915751385200343382e+00
1.733120790618466245e+00
3.086650209109209619e+00
2.452413249865358580e+00
1.849576204181134109e+00
-1.111168276749765704e+00
1.074863070902572826e+00
2.473935968578580447e+00
3.360262905604177952e+00
5.849728710286103972e-01
5.495840822809254789e-01
3.094988390369123543e+00
2.576993197140954539e+00
-1.167565437746418855e+00
1.626661960809238749e+00
1.177348386090440124e+00
5.185579684794834776e+00
1.520343374833078576e+00
-9.341701475420378931e-02
4.091158842226241710e+00
1.966661692037015463e+00
3.265172570862449497e+00
1.133484277737706991e+00
2.583825302565577964e+00
1.043497327741274905e+00
2.144623577034337369e+00
2.415316967987961139e+00
2.040010577562529459e+00
1.819272262608342405e+00
3.022548387757866273e+00
2.554654588802822701e+00
7.130461352742634151e-01
4.763305583671463062e+00
1.160734878074899612e+00
2.231437292526890825e+00
1.354917103959563551e+00
2.068320870086250984e+00
1.492199160243471434e-01
7.533041531049796680e-01
2.843193083523018139e+00
3.698458272856438800e+00
1.613756551067554890e+00
3.110439800837662805e+00
3.037376126967317624e+00
2.761275371098624198e+00
2.754445900857174223e+00
2.160198655061801087e+00
8.150358463038741563e-01
2.599006921578348894e+00
3.006994192570317193e+00
5.481380890396466476e+00
2.593557397447247670e+00
3.004555607502009451e+00
3.855162825896689238e+00
1.110193637594069305e+00
2.486213915430865118e+00
1.058778973479389318e+00
2.519311395684344035e+00
5.115808364047103041e+00
1.492865985828639941e+00
2.274092951075419311e+00
-1.736019179853399264e+00
-1.076529325961716577e+00
3.178561432328864456e+00
2.297880128096297270e+00
-2.679624614915804837e-01
2.334571641507494633e+00
3.276390602018653286e+00
3.075556826319381099e+00
2.060970142434483954e+00
4.792690197039468636e+00
1.439553166778881899e+00
2.131568537683540487e+00
-8.728935301989583506e-02
4.602170173074338066e-01
3.291431580349107211e+00
3.170507723178951132e+00
3.316968399880959595e-01
3.020876529114206122e+00
1.737205417329358070e+00
-1.621667507533141928e+00
1.814910385842969154e+00
2.232098116132328780e+00
1.390294307953338526e+00
1.491500419396069255e+00
2.623503144899271611e+00
2.780055954280867159e+00
2.809996174519922896e+00
2.132264803378709495e-01
1.811664926015822852e+00
2.736979137294254016e+00
1.755290961111446446e+00
3.446674908519666403e+00
2.083617374822589685e+00
4.300996841389541636e+00
2.717722006164202675e+00
4.384977221373076439e+00
-3.999564293294124995e-01
1.806418327521660538e+00
5.948159460670161547e-01
2.557315080436899812e+00
2.315133122802460530e+00
-2.021016365647462509e-01
3.987703193601599971e-01
2.992587684211348797e+00
2.050950529982410675e+00
8.130137245046213934e-01
2.663682117678526140e+00
8.230478886390543702e-02
1.033046966498268437e+00
2.507230517917728552e+00
2.793488770953290734e-01
1.413841895229068335e+00
2.369040587447347246e+00
2.007509730074545029e+00
4.229265500278583723e+00
2.357344651064749108e+00
3.545128247842304958e+00
5.198184040244481885e+00
2.853733315309439078e+00
3.013546655092366855e+00
3.519139788863122842e+00
2.108788156433703875e+00
1.135745736022667929e+00
1.773404057368446862e+00
3.373580338436459769e+00
1.717940265659809285e+00
2.523149319654658385e+00
-1.372054777222277755e+00
2.254871915246663860e+00
1.296023627077611984e+00
2.761241534867774128e+00
2.632714195416343994e+00
3.751276553369772948e+00
5.313346294362874644e+00
1.648297975908721957e+00
-1.415159683265263757e+00
5.042217811255079063e+00
1.223403923659533765e+00
1.471867139782450762e+00
2.513885897985491447e+00
2.702386178399432293e+00
2.223152982366638941e+00
2.083440426065442885e+00
1.278635268655042845e+00
-2.172727458487474783e-01
2.410929689458033653e+00
