-3.957024184114977805e-01
-3.344189770883408408e-01
-8.015371314039314299e-02
-1.323290548607097550e-01
1.031969474896746175e-02
-5.781283473799638806e-01
2.544850432774125037e-01
-9.166498679053062260e-01
7.299900396612101217e-01
8.087221426656009404e-01
4.030338356220398710e-01
-1.668745625622823359e-01
-1.223420792718777017e+00
9.905764683042701801e-02
2.149099251721452719e-01
-4.914987910683011885e-01
3.035674787899214286e-02
-2.297155979882442300e-01
6.008863892345955859e-01
-3.446327663713351364e-02
-8.620534187694968431e-02
-2.043519347517999130e-01
7.774609273417798505e-02
3.106321371405150120e-02
-4.696435214144655673e-02
-1.157665435463557158e+00
-3.279351946186336297e-01
3.639926817599543618e-01
7.542040321054789276e-01
-3.534945610099312074e-01
1.762759173313122874e-01
-1.656890835107255877e-01
1.373390606379097489e+00
7.952566480660988590e-02
5.188413614999264345e-01
-1.839618722619392188e-01
3.491793184568602881e-01
3.609734525621477452e-01
7.783618719399454378e-02
-9.129678565008442215e-02
4.081794876171879749e-01
-6.403734367849094333e-01
-1.311439281227975151e+00
-5.059095848488964764e-01
-4.774871301819495484e-01
-8.348156431280897571e-01
2.117570075921617057e-01
3.526338540368627594e-01
5.660469153890864691e-01
2.065889048800402805e-01
-4.111675681763692081e-02
-3.099348881359574315e-01
-8.468956596572756179e-02
1.638036764298400269e-02
6.447355000386465473e-01
3.492917791256813786e-01
2.195050248730602838e-01
-6.931204395075427072e-02
3.969188528156700757e-01
2.260121222048027956e-01
4.581771194549708048e-01
-3.256473788394632085e-01
-4.072816314957584116e-01
2.016929361962889120e-02
-2.868342190386117818e-01
5.042427095932071612e-01
-4.143426072900044388e-01
3.270753011978003166e-01
-4.772803355075047604e-01
-4.239548864820482516e-02
1.652648975171795362e-02
5.586667134874451213e-01
-4.172527833488497429e-01
1.660827596622670987e-01
-2.993173788361414012e-01
3.204339797550557756e-01
-4.566947928519988209e-01
-7.370228058253050496e-02
-4.447286470017878801e-01
-6.376295292140020388e-02
