1.276020011230261618e-03 6.724455501678164998e-04 1.452091801625600507e-03
8.938430217340489955e-06 1.173952353919313152e-03 2.552633495830591293e-01
8.297378957144504335e-05 -0.000000000000000000e+00 1.372685331649614315e-01
8.655769177556802709e-05 1.411212034799402305e-03 1.090037295896939401e-01
1.152745349079533884e-03 4.040264387763000536e-02 1.357589182917923621e-03
3.513431613647652053e-05 1.125658073021490284e-02 3.205338627041285282e-04
2.301963939408718698e-05 2.062882170753295163e-01 4.626444929355192498e-02
-0.000000000000000000e+00 2.880332447184978939e-01 -0.000000000000000000e+00
3.324844306874972025e-03 1.403122823838146764e-04 2.231837741564426381e-01
6.914866598786469906e-06 2.170814957945639990e-03 5.544255757430169851e-01
7.471001726423015174e-03 3.103575564381392008e-04 -0.000000000000000000e+00
1.026728132553304785e-05 7.002875418321395651e-02 3.839855897981508254e-03
2.828372960107326925e-05 1.683097617857386707e-01 1.279831892773948022e-03
7.280540139758325414e-05 5.408309692304299207e-04 4.600541576617182479e-03
3.010301267210648089e-03 5.903609914670545668e-04 7.266104622952035668e-04
2.684517609324254498e-05 4.341231140606143651e-02 3.476282601516331346e-03
2.871553220610617295e-05 1.883559292813373476e-01 -0.000000000000000000e+00
1.017214553184923930e-04 -0.000000000000000000e+00 1.971497836980069113e-02
2.127636877756169855e-03 8.057288675563688339e-05 3.245253928414742473e-01
-0.000000000000000000e+00 1.244355065268799854e-01 1.312342352822656595e-04
9.272207478428164302e-05 5.924906971253794371e-04 3.132701562812856538e-03
-0.000000000000000000e+00 2.976903834470903676e-01 -0.000000000000000000e+00
8.392215013657767695e-05 8.602088270012750448e-02 8.535341942885796675e-04
3.311673051263469385e-03 1.212655659876988104e-03 -0.000000000000000000e+00
-0.000000000000000000e+00 1.871939501187508959e-01 5.547502065517259315e-04
2.300865377640828359e-03 1.929169927680095449e-04 -0.000000000000000000e+00
1.633107891728379657e-05 2.614635378215436345e-01 2.749198784203840760e-03
3.592995583378281316e-03 -0.000000000000000000e+00 3.981542308462158730e-01
4.829941298395160824e-05 7.769402401352459419e-04 2.777186520929548208e-01
1.677930401847327769e-04 2.383170261273958191e-03 3.154122600560001666e-04
-0.000000000000000000e+00 3.063005460488671949e-01 -0.000000000000000000e+00
2.790478375191381751e-04 2.592825439819612665e-02 3.602213261738297862e-04
-0.000000000000000000e+00 2.670745936861130317e-03 5.184477625650564248e-01
4.500068654340759662e-05 4.944254059790517686e-02 4.672241269707561734e-02
2.955011958531922342e-05 -0.000000000000000000e+00 2.080157163549240518e-01
-0.000000000000000000e+00 1.625795023474674861e-01 1.647584297454392568e-02
1.735958835215225659e-03 4.863399274423654394e-04 3.295918816047539029e-02
1.486143871157239761e-03 -0.000000000000000000e+00 2.013218213482048102e-01
3.943094947722322781e-03 6.499942288322629912e-05 -0.000000000000000000e+00
1.829287725439531984e-03 -0.000000000000000000e+00 1.249237892809436784e-01
5.776631719809364844e-03 -0.000000000000000000e+00 1.536546111361176969e-01
5.707335748614566400e-04 1.045117983440224576e-03 -0.000000000000000000e+00
1.728163044490116677e-03 1.318656178467810327e-04 -0.000000000000000000e+00
1.311754213894369926e-05 3.776277215985435892e-02 4.815482522989313584e-04
4.562730335184221181e-06 2.374980655773641178e-03 2.464208657149114922e-03
3.299222787630439287e-05 1.994397661138868350e-01 2.901886574422873899e-02
5.998186772356130410e-03 -0.000000000000000000e+00 1.527802216650785182e-03
3.272031074401643154e-06 7.458862060037602104e-02 8.406509193607333841e-02
-0.000000000000000000e+00 2.035320357640036104e-01 1.414590714379353274e-03
-0.000000000000000000e+00 6.510540082245998283e-02 1.182295830984094126e-03
6.384705697063470381e-03 8.250837281893319683e-04 1.566589057835646170e-03
2.155854727331930283e-05 4.781248628471902219e-03 5.056509060232134561e-02
-0.000000000000000000e+00 2.314981361331715781e-01 1.613489882533599871e-03
1.316022351541546332e-03 4.002831695330429074e-04 1.766708805334916976e-01
5.429562350026787693e-03 1.204605432942933109e-03 1.227089874411112366e-04
-0.000000000000000000e+00 3.375130555645438624e-01 -0.000000000000000000e+00
3.343392307138596392e-03 -0.000000000000000000e+00 7.953128011083984272e-04
2.256713654712405853e-03 -0.000000000000000000e+00 1.563885075420905517e-03
4.700289346024495371e-03 1.108434598263585745e-03 1.816651889295239084e-03
8.650839367345173985e-05 1.390642072824948075e-02 6.047617216643973951e-04
1.503029171500374793e-03 -0.000000000000000000e+00 1.399960015583215645e-01
5.278592954347081749e-03 4.202788951158296601e-04 4.741609120226768356e-05
1.269627422084707849e-04 2.646975940898834909e-02 1.801820977083596958e-03
1.180695110499001277e-03 -0.000000000000000000e+00 7.466881316439724333e-04
6.658149052954942006e-04 -0.000000000000000000e+00 2.352471433860389097e-03
4.911849494369376306e-05 1.433590776340753492e-01 1.757365484566574820e-01
3.204640399889460874e-03 5.426327899102696044e-04 -0.000000000000000000e+00
1.769636218770214694e-05 8.210033201054307839e-02 3.096990490193548759e-02
3.653655744749218676e-06 -0.000000000000000000e+00 7.307327000565619346e-02
1.364807249958068017e-05 5.999049701018843890e-03 1.773411492184271132e-01
3.421030988794776046e-05 6.420030343787647142e-02 1.044398772485998911e-01
5.493236381591133882e-05 2.047493430582974551e-04 4.246356910495850401e-01
1.627644144216448100e-05 1.342019511736756154e-01 -0.000000000000000000e+00
5.734432662420704471e-03 1.061666595675926725e-03 3.454024875191755856e-02
1.370482763276703569e-05 1.307839391914254468e-01 5.619979047114238120e-05
6.837919686607466454e-06 1.256929196316596831e-01 2.477721831330209068e-01
4.736689301836566275e-05 2.874312640897293963e-03 -0.000000000000000000e+00
4.323858368361760234e-03 -0.000000000000000000e+00 2.210289644153172472e-02
1.993788192598777449e-03 5.163691896373345976e-03 -0.000000000000000000e+00
1.592641593072097617e-03 3.601391867361483699e-05 4.130059017851035481e-04
