-5.140873465171922341e-01
5.876525014477659847e-02
2.992830430010415266e-01
3.422782342142499101e-01
-4.624020439645584180e-01
-4.681607887315754057e-01
8.251968851189313281e-02
-8.212011365764547086e-03
-5.859242021186582272e-02
-5.934276033391397975e-01
1.096369107261545434e-01
4.992425078740568845e-01
4.903239925176537395e-01
6.313889630523261687e-01
7.795578347760891147e-02
4.240649801549391529e-01
2.513635563434964484e-02
6.705939986489383164e-01
-6.499000145798159433e-01
6.078797753465848830e-01
-1.366050806632194414e-01
2.992895749517852089e-01
-3.421141361907605316e-01
1.468647220218377292e-01
6.912603750498190758e-01
5.583233520363226066e-02
-5.305863643912424044e-01
-7.604758168726796219e-01
-5.576424439874908545e-01
1.035654285359145943e+00
4.982203337544738320e-01
3.068163624988652916e-01
1.957719240544620598e-01
-7.314862485406864456e-01
-2.602037670306242556e-01
3.301299455199526167e-01
-5.138464283722198322e-01
2.522473057695823750e-01
-1.020964549888339512e+00
3.971860715272675368e-01
1.288912282835496526e-01
-8.986714857348645502e-01
-8.463000803354329138e-01
8.831862638491930206e-02
-8.810026551971692488e-01
8.256553794796565038e-01
-3.856658690678343437e-01
-1.186808814589576766e+00
-1.160546317555464668e+00
-8.774025410833367900e-02
2.707489539206800466e-01
4.091474870442725065e-01
1.255561471337914403e+00
1.384478298543286412e+00
-7.190954598423425492e-02
1.318347572816756408e+00
4.372265802067550333e-01
4.025017426575451251e-01
-9.932179075660093615e-01
-3.013951227593096929e-02
4.608834949831489697e-02
6.992254792271140884e-02
-4.706778992954070429e-01
-5.144346960579009309e-01
1.097530084229528385e-01
2.588327641907482435e-01
-1.653073699791957285e+00
-8.856248555656831556e-02
-1.028175471676262998e+00
5.074129710424614137e-01
-8.710136364850286084e-01
1.406862435250045007e-01
-8.612416929561642620e-01
-8.847228332781698068e-01
1.015095440464956589e+00
6.213763944686983010e-01
4.712107534876941450e-01
-1.097511520622338754e-01
9.405116516093917634e-01
6.817578866982751951e-01
-2.048399759029389811e-01
