-9.086712837549134125e-62 7.068497501789438875e-62
9.828341330779012270e-62 7.027226358411758650e-61
1.272437341107882924e-01 2.143851114677278180e-01
-9.578354564648434111e-62 2.446418913416872642e-61
2.647394429594203765e-62 -1.170692042420333901e-61
3.415108259444232506e-61 -2.254355927172519258e-61
2.730787740957845944e-62 -4.025705207742652576e-61
4.184917760944319770e-61 1.539342863397860179e-61
4.693041924086269016e-61 4.051958802241813195e-61
-9.038763754746398732e-62 -1.124620001273019610e-61
-9.803254430351712161e-62 -9.499956499405810589e-62
1.087845558743747432e-61 9.831910065132840894e-62
1.213597134049393123e-01 1.185849214877452568e-02
9.416462550954113331e-02 5.487231768649380309e-02
4.280029410187523295e-62 3.619712600406917757e-61
-2.078874597943244548e-62 -2.764653596339873330e-61
-2.163916606249499686e-61 3.073496525082266527e-61
-5.028706508525165769e-63 -1.752459978702241266e-61
1.348771829122672629e-61 -1.406612173868611443e-61
-1.049491309010478215e-61 -1.749547336485859603e-61
7.403677654740140057e-02 7.436970809512970237e-02
6.805195323289753731e-62 -6.508175194038850649e-61
2.008337151624391093e-61 3.048800850328458809e-61
1.223787867248767869e-01 -4.758009775160896432e-02
1.519633561327812341e-61 -2.644862591797119683e-61
1.903936669427514632e-61 -5.501485990565042104e-61
-1.029538080672454054e-61 -1.099970577507479699e-61
8.939783872239047413e-02 -3.409767699663705104e-02
2.544824824360453283e-61 -2.537664063820693477e-61
-5.863514192067577433e-62 1.795419288664495942e-61
-2.156591572385461436e-61 8.528908577825458322e-64
1.877233436379965327e-61 3.211704964747891861e-61
4.630550184739910405e-62 3.130857981165814320e-61
3.633186886101152696e-63 -9.175081519496797066e-62
-3.180290088401339800e-62 -1.991810601644845755e-61
-4.199226535549118860e-62 2.587389102146009147e-61
2.782538275970245279e-61 -2.769088940474968958e-61
9.659322579529347474e-02 1.106553112440512299e-01
-2.169589440233771483e-61 -1.719300321995371495e-62
-1.040887598399248461e-61 -4.728829817258758834e-61
7.522760668956243735e-02 1.301253217422272401e-01
4.404906101646224870e-02 -3.264321167717676442e-02
1.548940612972398372e-62 -3.645133479681175722e-62
-3.406850089088601713e-62 -5.548863536282351005e-62
1.928723114165844299e+00 -8.378363883295139036e-01
-1.618996409803511288e-61 -2.692520054433148577e-62
1.604475945801338059e-61 -2.660180641898595084e-62
5.132215968423564645e-01 2.182227437054726771e-01
-1.741310713554009777e-61 -3.095913340535876373e-61
1.109005721179575416e-61 -1.430218589688139970e-61
3.324202872734437855e-61 -9.750145073512922513e-62
-2.655070015057437347e-61 8.902434275859282301e-62
-3.517451631003284182e-61 -1.252835922060297448e-61
4.285534463016695259e-61 3.974827238733966400e-63
4.499142573116705770e-61 1.992477593232008260e-62
6.182553183046545220e-01 1.280128805342322096e+00
1.417492969365314881e-01 1.661800684239125303e-01
2.024845576763268788e-61 -5.935985125276138286e-61
-7.869439394963774621e-61 -9.656524438173378661e-63
3.964799663435910145e-63 -1.856001513023514950e-61
2.730026104505935561e-61 1.716545433279511595e-61
3.794878465361874251e-61 6.419010942262981755e-62
-2.586842470024772995e-61 -7.492283758358278893e-62
5.861000699256610809e-62 4.736880180467399784e-61
-4.869398555415015795e-61 -1.553560206208476492e-61
9.626699607527694527e-62 -1.950343772811278291e-61
1.278699884800725102e-61 6.740524432491805088e-62
-1.349661369252167985e-61 -1.118885616122703706e-61
-9.098278303449455931e-62 2.778791969360576455e-61
1.221687744417417898e+00 1.511866164896917386e+00
1.789861786435315892e-61 1.656718041228332771e-61
6.988974000108363893e-02 -4.560395508645845308e-02
3.686403618745465183e-02 -1.121898369485788138e-02
-2.358868354450379910e-61 1.884041509557758406e-62
8.421291353068011197e-62 -4.160088346755729581e-61
1.139768346775095855e-63 -3.845950826407224954e-61
9.232460435636921750e-62 -2.831674478186928523e-61
-3.067017182484026097e-61 -3.322037495557851284e-61
2.824057609422043612e-61 1.225681125358322178e-61
4.930930700374122850e-61 -3.126303225476597221e-62
3.453941275294895987e-62 4.069173946465465534e-62
3.301274453247333216e-61 -4.796483337604441206e-61
-1.590286201265550189e-02 5.124109334743910671e-02
-2.994157411324903026e-02 5.781400915113818831e-03
1.651524856463888025e+00 7.013741126838340945e-01
-1.196601292252411768e-61 -2.386957953826223653e-61
1.301525204799934277e-01 4.520083116985879751e-02
1.958209530437602386e-62 7.217031377453804044e-62
7.221806736196269862e-62 -4.899427225749818634e-61
7.600879409377241380e-01 6.294558351964876231e-01
5.995473246328111409e-62 2.045561567343161339e-61
3.934050462356259992e-01 2.156123516357188741e-01
1.681502377837376551e-61 1.638164828836570004e-62
-1.190121293655636030e-61 3.402756598332392381e-61
-1.355655499730459259e-61 1.094468694630719361e-62
1.244350409865204306e-61 4.573088189029848746e-61
5.991169507012778925e-63 1.454788166716559083e-61
-2.160057941239644855e-02 1.936567711352004187e-02
5.941917899256912108e-63 -1.513856950688805243e-61
-1.217257370122879224e-61 -3.598320192352569890e-62
-1.425310124633479960e-61 -1.365620927584954937e-61
-3.113633405185089340e-61 3.306614126331729932e-62
5.605537491683176121e-61 -1.968741337607661573e-62
4.165228071128305156e-61 2.488687688605778121e-61
2.914409073289744577e-62 -3.607958967483058576e-61
4.034662254079150468e-62 1.397616089434878466e-61
1.555063349243912529e-61 -2.150985062821833092e-61
-2.504105903397005594e-61 -2.261428454011708201e-61
3.105070605841431797e-01 2.226688219906606536e-01
-1.148981813575055783e-61 5.421913218035402947e-61
1.140283112173339636e-01 8.056193035791214818e-02
2.937393202982935221e-61 -4.053737278915998585e-61
2.459456621368572016e-02 3.779471502851877718e-02
-1.049950076563543494e-61 9.532626504746967174e-62
2.330644797180299630e-61 -1.418615641646664248e-61
1.368558984618382078e-61 -1.297774719156954679e-61
5.112839979845387436e-61 5.910623042620284076e-62
2.456060230294492143e-61 -1.268690086100877372e-61
4.097194082871057075e-02 1.036334647893849270e-01
-6.430976606987555935e-62 -5.215386646672322868e-61
9.835912947475489165e-02 1.269224550963603815e-01
-2.274882933872161138e-61 -2.517105078682633485e-62
-3.041839920009976874e-62 -2.454528024765668643e-61
1.492792956813877802e-61 -1.333754067154574214e-62
-1.026025042434335221e-61 2.246330175228350437e-61
-2.273662176351094613e-62 -2.085512681522065509e-61
1.323517674631796140e-61 -1.034246143345925991e-61
-1.807520015672116139e-61 2.390653525862739040e-61
3.394303853851597092e-61 6.214010485496250726e-62
3.937858190253659524e-62 -1.480314514541622713e-61
-2.306088892656348895e-61 -3.577839328603475516e-62
1.944636258616869173e-02 9.070521702266945430e-02
-2.177391914550253212e-61 -2.040670850699202755e-61
4.078419507298437389e-63 4.644528166986916057e-62
2.447405662658189710e-61 2.189352979297245777e-61
2.673294146756399946e-61 -1.805240786100006580e-61
-3.607543230725795660e-62 5.127858247236051075e-61
-6.094926319132869039e-62 -6.485490446035149965e-62
1.456574486512935478e-61 1.896082999764630521e-61
4.169154878589676589e-61 -5.919430566914102040e-62
1.934515063568614304e-62 -6.058542340663131847e-62
-1.722397757568657019e-61 -4.617844945899023260e-61
1.165330109189597896e-01 5.062564288516972072e-02
1.474887083680014259e-62 4.498286560238537951e-62
6.327571888790800493e-61 -2.064203291956657576e-62
5.719178854216234731e-01 6.077746323705914833e-01
-7.438591790626756004e-62 -4.560310451416244798e-61
-5.929425986629844668e-62 1.342773745766236442e-61
2.648957831708921026e-61 -2.922228920511329150e-61
1.368178595964124984e-61 -2.112245957599009597e-61
-3.218188330732363151e-61 9.497028178043396427e-62
1.204806383876538170e-61 -4.277592583227608257e-61
5.034897488710836572e-62 -7.889578924220368338e-62
-1.760577453029450761e-62 -2.296921225101056720e-61
1.018128000102646175e-01 6.208183520329197541e-02
-1.792252030725947148e-61 3.286749296945430888e-61
1.605951626198146298e-01 1.226558917527393183e-01
4.863579721339142403e-01 2.005205244292658229e+00
-1.655933732490313969e-61 2.013438626666319885e-61
1.040767862627023227e-01 1.854201397512856009e-01
-2.711207479775511399e-61 4.094237915585735177e-62
-6.793032228967931791e-62 -1.112593030940344939e-61
1.592257879174488060e-62 3.750408145749486285e-61
-1.133945960664047427e-61 3.477436972508736135e-61
-2.960285032857599280e-02 4.328814647417790484e-02
-2.096871495099153146e-02 -2.040101228409822165e-01
5.971758530525014125e-02 9.261373984307307364e-03
2.118998902917274100e-61 -2.456511299796296829e-61
-3.239780749935722797e-62 5.297374176963884939e-62
4.966432015535935700e-62 5.660812369960514274e-63
1.481656833686189886e-61 -5.122416425760677160e-62
1.509422339137798108e-01 1.100452129837004855e-01
8.814013181646190853e-02 3.305090276119944381e-02
3.836917860479252354e-61 3.461994827597050770e-61
-6.506961094095618479e-61 1.267539746935830735e-61
-1.543730739446013399e-61 9.648611968276636900e-62
-2.383329362747382364e-61 -1.682277295084227668e-61
2.885966305111540965e-63 3.931653848276336624e-61
8.832087835786226442e-62 -1.672847874022647843e-61
-3.002508909931107027e-61 -2.994559490235994402e-61
1.533730479192574048e-01 1.957536753040766409e-01
2.698860327639046697e-61 3.826193658126467328e-61
3.333169822086579082e-02 3.089061081945259756e-03
7.039509391208650935e-02 1.571983249804277949e-01
-2.053399852849663669e-61 -1.190231866073252568e-61
4.667588218927951754e-02 -4.999833158060904177e-03
6.110763007357308943e-62 -5.022221911328653060e-62
-1.922388358732274608e-61 -1.002195796253434089e-61
1.752483025575029317e-62 -6.800163394269951335e-62
-2.776176164641681478e-61 6.734335170643829119e-63
-2.603720970450187537e-61 -3.776409151901631447e-61
1.461117654395656228e-62 6.127516478182994021e-62
7.593737689705926108e-02 8.964525960039818053e-02
9.311852749132652415e-03 3.393118440203249375e-02
7.896393573542670256e-62 4.115050229677173784e-63
1.611924899479149008e-61 -7.479847316755548753e-62
1.234300773387904906e-61 -4.820521335759146004e-62
1.969723630802980348e-61 9.979630552751209502e-62
4.523556232361326812e-02 1.120856129020027653e-01
-3.289051930769522512e-61 1.027000687757947990e-61
-4.016986691692163540e-61 1.625682806948728434e-61
9.246083905715897222e-01 1.176271309345189531e+00
5.411484111428130285e-62 2.055777021714529898e-61
8.827162589543999238e-02 -8.240838771457560663e-02
-1.733835546152996209e-61 1.749529789628227940e-61
9.591468425229595822e-62 -1.981779581095242263e-61
4.798064503832909222e-02 5.854611876360605455e-02
