-8.916793250781490384e-118 4.148155986336712169e-119 1.102332768206720596e-117
6.235009291196280667e-02 -1.438036898119277596e-01 5.807387538411868527e-02
-3.277507031218127913e-118 -7.505076165826106000e-118 -1.086838417076860361e-117
-6.118901815876506486e-03 -5.080020721243707488e-02 -5.721818057015135711e-03
-3.027712460601424277e-118 -6.359113738387102778e-118 -1.639609883629248907e-117
-2.808717449627278263e-118 -1.058380390930626585e-117 9.621201222226639734e-118
-4.123236646795570286e-118 -2.701365557051197684e-118 -4.895846859057299007e-118
1.189880966901235015e-01 -2.121627118300321857e-01 1.111196931488970668e-01
2.290937531241542258e-02 -5.490045947016546080e-02 2.128600869383764568e-02
-8.723395448462221499e-118 -4.566704698472387588e-118 1.488760742052145920e-117
1.162925809732107130e-02 4.353069271970019631e-03 1.101927995700771254e-02
-1.186868728849786382e-117 1.547890563802447713e-119 -1.749287779722504382e-117
2.190951328103574874e-02 -4.951625063289724626e-02 2.053041580231097091e-02
2.437469812114928178e-02 -8.909261177436565704e-02 2.279386825137609193e-02
7.778228716843625623e-118 -3.543126638554158476e-118 -3.668586865109383308e-118
-1.125429360817380773e-117 -9.191398727174725493e-119 4.426801911668241303e-117
3.913864704607896705e-01 -9.821102088043585088e-01 3.639662415680958718e-01
2.938672190774373541e-02 -4.675347604576202132e-02 2.746864035998325751e-02
-2.974306219002615974e-118 1.846615519507082796e-118 -3.863309908190646720e-118
3.992108353739959314e-02 -5.433170063564945335e-02 3.736168975817114046e-02
2.586333208752240181e-02 -9.953058549023116597e-02 2.422579215249096030e-02
-4.007281894569561458e-118 1.159458599244596264e-117 9.544639165983972002e-118
-2.098930886446712720e-118 3.058111534506443218e-118 4.100127437332507118e-118
9.519719892306528417e-03 -2.110425557080567935e-02 8.489671468929645831e-03
1.014768775594800977e-02 -2.982894229299521208e-02 9.462213264381643882e-03
5.532115013249125734e-118 7.248555416200933334e-118 6.629081879920477707e-118
-9.205152745227809449e-03 -5.106639997635869371e-02 -8.550301574298868612e-03
-5.836059958248468642e-118 -1.585903570784714251e-117 2.838140800409114723e-118
1.110839562958953163e-02 -7.676511297979919657e-02 1.031392464735530340e-02
-3.910097864452637259e-04 -4.640262432033476214e-02 -3.510664884723893576e-04
-6.866750185881251601e-119 1.497610450940134686e-117 6.937224186196089257e-118
3.524687900835372510e-118 -3.487050767816458504e-118 1.187078628809656765e-117
1.303577510815878568e-117 2.930225763159271125e-118 4.644968683580386742e-119
2.040031565353450996e-02 -6.804288040026952589e-03 1.921779056282190909e-02
-1.365867167018499226e-117 4.835640485540650628e-119 -7.803345557961123937e-118
-3.264321341596969011e-118 -1.478650566034655116e-117 9.573541931856051850e-118
4.094676869656908164e-02 -1.311766804090067073e-01 3.828221689813795375e-02
2.221935468522571130e-118 6.109171991582156737e-118 1.591093121438407222e-118
3.935732216309068554e-01 -9.429298032921433759e-01 3.655660192033847733e-01
-1.404225510726895590e-117 1.175375706176765291e-118 -1.936869677460325707e-118
2.958269138426877776e-02 -7.937160172040313988e-02 2.765227530191401856e-02
-2.427977862944291303e-118 -4.878715967571484129e-118 6.105599878270690769e-119
-7.355029045141708897e-118 1.099142658795973562e-117 2.178708835207764456e-117
1.886858087450764150e-118 -6.275892053833379445e-118 7.583628784115496681e-119
-2.671001910915874414e-117 2.878843218375751190e-118 -1.717544759234168947e-118
1.873993507543664509e-118 1.597653040483939258e-118 -1.432520088381226852e-117
-2.769966884524837043e-119 -1.356725315760658267e-117 9.777718999093244583e-118
1.775521649589987644e-117 -1.173470378085937764e-117 6.086442105170978995e-118
-1.274991156883079589e-02 -2.376683930665759656e-02 -1.194223058966450111e-02
5.295915643852160805e-118 -9.893365385176739237e-118 1.075816778675051743e-117
2.400255670979243044e-118 -1.954323928300635557e-117 8.044675054212582628e-118
5.266909577171013934e-01 -1.063373327255416667e+00 4.900961217586129459e-01
-7.313946664410545425e-118 1.377236339632487176e-117 4.198557380221847052e-118
4.389621460224928107e-02 -7.179663985975909268e-02 4.107095960978777299e-02
3.244864177892572976e-02 -6.906838367124187861e-02 3.033927277941604952e-02
2.948482837199304374e-01 -8.751232128447951064e-01 2.730323850640367644e-01
4.876575691104576005e-02 -1.366007043367094553e-01 4.562022757465376832e-02
1.589196447421328470e-02 -5.755270933941217248e-02 1.486692858356379945e-02
-2.228057264688607681e-117 3.075729628877579737e-118 -1.613869360922089088e-117
3.558223100674508949e-02 -3.055160012760136864e-02 3.324774318210360624e-02
-5.052016521798962138e-118 -5.075789924783887441e-119 -2.037867950173138260e-118
1.523723861036248596e-117 1.906256778091890989e-118 -6.289566368061720447e-119
2.672712961929194289e-02 -5.570875962173437584e-02 2.501576609389154562e-02
6.181127029179194832e-118 4.930456431791589003e-118 -1.950981866358901457e-117
-1.035419865806887153e-117 2.296392355839193538e-117 8.211828866088236107e-119
-1.017716989227594106e-117 -1.422597245413424929e-117 7.909765233000558972e-118
-3.177368652259300597e-02 2.351802408820566070e-01 -2.990687457589005782e-02
4.726002757426929490e-02 -8.521085655956864291e-02 4.408397947107183662e-02
4.433394724080542592e-118 -4.945859583740700623e-118 -2.612737702016469794e-118
1.814761106610022897e-117 -1.321027513695109283e-117 1.160254252881292924e-117
-1.541502691668443618e-117 -2.471467848576766477e-117 -1.339250532247175662e-117
1.713464107231960423e-02 -1.554728552430865302e-02 1.614073479951455212e-02
-2.740092801045026224e-118 7.589203687811977250e-119 2.054871840981127203e-118
4.153174435892298955e-01 -7.227538991454627304e-01 3.864367100916838993e-01
1.183830970686882977e-01 -6.628507625064301578e-01 1.105880324684425930e-01
-1.166346390829903931e-117 -1.052009202977467445e-117 5.400144195996476167e-118
2.966918172851054983e-02 -8.504797145041723128e-02 2.782226840709023374e-02
-6.894163827888440446e-119 -8.480181281074320278e-118 1.340034167856992312e-118
-4.483230423708228670e-118 3.014116181788509232e-118 1.486929745111008468e-117
-1.451982566721932152e-118 1.554947952510395457e-118 2.135984295876586130e-119
-9.284611649591431098e-118 -3.226288966815503945e-118 1.567761616873051843e-117
3.519446555436437502e-02 -9.410239760836930367e-02 3.284586258178895379e-02
4.441088477522441881e-03 -2.159305091309570920e-02 4.236769109863860669e-03
-8.119658896688362534e-03 2.016554822700764374e-02 -7.615605341069630121e-03
4.786988418849238980e-01 -1.083750241837779349e+00 4.457183848854412989e-01
-9.075451446646918192e-118 8.173069141671731795e-118 -7.270139337423109004e-118
3.727995064322837948e-02 -7.602059197669533419e-02 3.488650418970430656e-02
1.514448514864030759e-02 -7.779351749624049961e-02 1.423681568120268442e-02
1.088074711768448124e-119 -9.713076358555507700e-118 -1.022919454553784188e-117
2.852979286179200269e-01 -7.841526237696688773e-01 2.660337815502789582e-01
2.511038553045760976e-118 7.095486400916878678e-118 3.225622557908100320e-118
4.935096482662460621e-02 -3.710111872968174795e-01 4.589879857421803877e-02
-6.802707446033258080e-118 -4.101344100502737693e-118 -3.290771965857740529e-118
-4.227040123539273470e-118 1.084612693203559878e-118 3.891545600058892605e-118
3.515749722472393674e-02 -1.153282578654625384e-01 3.285069958960718656e-02
5.062302938747529658e-03 2.257553015585850656e-02 4.806213357441153217e-03
-4.078237829291802670e-118 -7.728323786775468716e-118 -3.513773214080378395e-118
-2.350485854740094813e-118 -1.073765526273152072e-117 5.844924158913532438e-120
7.307201355834508708e-03 -3.543511854885208340e-02 6.816573436015539028e-03
1.813403870177544841e-02 -1.359747957822819153e-01 1.684605961246772587e-02
3.109822353070648693e-02 -1.166263293698326514e-01 2.905965422820596875e-02
7.097501706194554727e-02 -1.161200161106515777e-01 6.636868030469424140e-02
5.173331702582346592e-118 -6.724452809577480649e-118 -3.410777875266734079e-118
-3.857384409835265119e-118 -3.535679384908044843e-118 7.270360012860386183e-118
1.583663926635484368e-118 2.815765709915548107e-117 -5.738154275057106035e-118
-1.108516630805497300e-117 2.679487467634181914e-118 -6.302034596026121400e-119
3.274332529655772650e-02 -9.140197070588482187e-02 3.065018975903556139e-02
-1.327153735016216405e-118 2.252763595277632399e-118 -2.039815237197150393e-117
-3.130110405881909225e-118 7.293345768062856618e-118 2.077159347001039235e-118
3.739206262202385833e-01 -7.961352559687335795e-01 3.484049230831005595e-01
7.092616450868622164e-118 -1.711464374277879419e-117 -6.093878878408445906e-118
-5.234358481575601530e-118 -1.005290405249292201e-117 -1.189405377030597625e-117
1.681931488144637212e-117 1.373072641591706225e-117 1.422623735742867367e-117
5.732030642679837307e-01 -1.046133582758829617e+00 5.347842835875065148e-01
1.171955444786309530e-117 1.156372802355276568e-117 1.878110979068601652e-118
5.509952256538065002e-02 -2.575823269401260607e-01 5.111266132963212389e-02
2.193954257173345510e-02 -1.086784772277222741e-02 2.058097823947601171e-02
-1.396483212165905090e-117 6.693693490317467016e-119 3.795543584477884977e-118
-1.651027674808163527e-118 -6.363925858862262139e-118 1.281742730618277516e-117
1.693915398109656009e-02 -1.358775349364109691e-03 1.576613963916560432e-02
3.505211469452309409e-02 -5.887616714731332135e-02 3.277529879916984273e-02
-5.432701426993899824e-118 5.311294517246578545e-119 1.206245489326662768e-117
-3.507423949814460354e-117 -2.432003464362993596e-118 8.712218125089947148e-118
2.717386208482580612e-02 -1.024941235296783631e-01 2.525658037299224543e-02
2.874732344152860890e-118 -5.788798050512125725e-118 -3.554399327386566920e-117
4.017555528975330080e-118 -6.733195636121859922e-119 3.867997916157149001e-118
3.330121711796779991e-118 -8.510493412292463363e-118 -6.695368498070013641e-118
5.131879991930957119e-02 -1.277198989189290701e-01 4.774504048597746908e-02
3.010465557779039986e-02 -6.606922814525631460e-02 2.813432201998302198e-02
-5.348770282763804645e-03 -2.966990908045230232e-02 -5.081543760586021245e-03
3.754145912700578014e-02 -4.841321557731612796e-02 3.520680181453422763e-02
1.281687452327552081e-02 -6.447772231835623147e-02 1.175201692492654389e-02
4.408044423197361750e-118 -1.236789358078687552e-117 6.515943198496378259e-118
5.361717118071111405e-118 8.861209734038071730e-118 1.877000051082768357e-118
-5.497641981459345070e-118 -1.265919424062414494e-117 1.030294758933111915e-117
9.577513417404322216e-03 -7.941734158048360803e-02 8.833283809939355968e-03
5.846597014944651238e-118 -1.040120975662789415e-117 -1.447527908066322267e-117
-5.082008482070922081e-03 -1.543032188165542780e-02 -4.664750728354879507e-03
2.307107241202317672e-118 -1.602379795289898356e-117 5.125512070266545174e-118
6.194600315723397532e-01 -1.199868211640894744e+00 5.767088772715588396e-01
-3.176558032613825619e-118 2.175739225677350527e-119 -2.027064948448013138e-117
2.777466601837882271e-02 -3.935992569520803397e-02 2.608739386279716743e-02
2.728056031506848403e-02 -8.740767986610956108e-02 2.552682845690091781e-02
-8.462878862088956689e-118 -5.907215622339495437e-119 -9.044004085941112838e-118
7.105699641919442674e-119 -8.872277318854045550e-118 2.794035501739359519e-118
2.630884058006092895e-119 5.504789812154390113e-118 -7.096065397569715965e-118
4.313128807086016464e-118 3.429335447476150503e-118 -7.079412569621448490e-118
-9.265700304094524419e-118 1.437448215941886886e-117 -3.232824408759637123e-118
7.314386567199291009e-119 -2.292159160163113431e-118 -7.491719855998023337e-118
-1.426475026612097040e-03 -3.142385244545133766e-02 -1.302458575816300501e-03
2.498086647871662971e-02 -6.279340726085672064e-02 2.336955584141866063e-02
1.077663622872244225e-118 -9.953677750735304783e-118 2.422002889403517330e-118
4.282647648461613277e-01 -1.124617140090925949e+00 3.985595342506533800e-01
-9.270896483629374373e-118 -8.921767813570604362e-119 3.808548829638764270e-118
8.874038259736137261e-118 7.526853957687697919e-118 1.931380742029659697e-117
-1.781416793016636853e-118 -8.696884280298482446e-118 -2.253750126653421043e-117
1.381553533323796160e-117 6.776041260565521097e-118 9.401220414367213910e-118
-1.267379494257556526e-117 -1.178522034466948932e-117 1.325634324567351300e-117
1.077631636969093824e-118 3.552012173920861495e-118 3.210709293776433696e-118
4.922414862008205050e-02 -1.127504014052569392e-01 4.592071858322692435e-02
4.842585252599334913e-118 -4.340413839935892575e-118 2.555290384882159750e-117
-7.221796938956484557e-03 3.392786193832468544e-02 -6.707163559701829515e-03
2.573732580038307766e-02 -7.414518581584160495e-02 2.411338114624309720e-02
7.902125400898773909e-119 -1.027814796631236813e-117 5.407483327256726112e-118
1.803965128075007239e-118 -6.042105003747439477e-119 -5.521227265282276920e-118
-1.420178859534336653e-02 8.549329181864934180e-02 -1.296462409279605134e-02
-1.481048483760397366e-117 -1.131998415179625829e-117 -1.235945102573680705e-117
1.334755971695913342e-117 -5.135442223273346747e-118 2.304026189066588784e-118
-7.835521389527123057e-118 1.767341079515555815e-117 -3.298844850051046443e-118
5.907224253643270639e-01 -1.330946859748138866e+00 5.480847385466151023e-01
-2.347662381052312893e-03 -5.964931280409883213e-02 -2.226707680110448940e-03
6.166868142262570485e-118 -1.648298626045323563e-117 2.103961508322405894e-118
4.659830494353279888e-03 -6.228926383631641639e-02 4.352732422566673275e-03
-3.876911852509544541e-03 -2.139844309161649093e-03 -3.604365766018947058e-03
4.645785995411920028e-118 -2.597003118766805187e-117 8.681199116465892374e-118
1.736774549394029265e-117 2.915063401585832474e-118 9.092542907441636508e-118
3.876892758645028580e-02 -5.254491086335488781e-02 3.626848865741785083e-02
2.206493243270413740e-01 -8.902543207481031784e-01 2.037035142921673481e-01
-2.944253396322250600e-03 -4.192260111700719938e-02 -2.616964311120201052e-03
-6.611024653773339295e-118 2.290096199811902074e-118 1.001954893973639012e-117
4.546343619039718279e-118 -2.378878616277842744e-118 -1.115764254013447724e-117
-6.252449926150944372e-118 5.007253734152512234e-118 -3.198583496607785303e-118
4.413674025964451318e-03 -3.533186813854734265e-02 4.107931503342817509e-03
2.072331307803062378e-02 -9.217321247021029174e-02 1.935136253852718854e-02
2.626647815737787744e-02 1.193926041948478040e-02 2.469353034293734345e-02
3.329200283434016316e-03 -3.669150326291862468e-02 3.139155408926094185e-03
6.205127855533070262e-118 5.202171616309770067e-118 2.170846126638556873e-117
1.750644100476125148e-02 7.658542335893172605e-03 1.647272170129536820e-02
-1.264104656006992915e-117 -2.348725251090333475e-118 1.812125329255005365e-117
-1.166691622277503153e-117 7.019980361086013455e-118 -1.179723025222697673e-117
3.194300605914229818e-02 -4.051226332429300192e-02 2.998622643382717334e-02
-8.598352847209927317e-118 -6.346570275973276315e-118 -4.863161841196607034e-118
2.315175510417594867e-02 -4.418839676159568713e-02 2.152557608849636761e-02
-3.355659023413026278e-03 -5.730819539406595275e-02 -3.050217785631161287e-03
-2.552393161451212655e-118 3.761200156249550784e-119 -5.004667308609366084e-119
8.667473210415851860e-118 -1.776243502379616116e-118 1.058426132819812443e-117
-4.789551309848026356e-118 1.409948725077614728e-117 -8.633538888890853337e-118
5.244439738658852794e-118 2.552132747711435548e-118 4.344163497969820739e-118
-2.520596308839709155e-118 -4.630529869889204560e-119 4.095233848692574855e-118
-1.902771253784978240e-117 3.756163447568507925e-120 -2.864814140727038555e-117
1.755596769922783129e-01 -2.854604638882366485e-01 1.647286184095033690e-01
4.001550703898001937e-01 -1.043627868780569123e+00 3.726223581964782650e-01
-2.095957833327818706e-117 -3.886835291439686895e-118 7.851788911866880189e-118
3.941015206367222412e-02 -9.596617695094875056e-02 3.702805539346822744e-02
-8.812943830548957209e-118 8.790745123385085862e-118 -2.312019125502382957e-117
4.986311580034166052e-02 -4.213799229932432833e-02 4.664594988052176566e-02
-2.862739535586728243e-118 -3.013756396196849912e-119 6.950837763369113149e-118
1.372815569842230493e-02 -6.650797997042923182e-02 1.291567584166221708e-02
2.430458995762559485e-02 1.571174917787770270e-02 2.280732526430377313e-02
2.762247676934229124e-01 -7.168976836974259026e-01 2.573084732148789300e-01
-8.406492964764578080e-02 3.678879792838973123e-02 -7.815072211179102668e-02
4.022706293972033528e-118 3.065707988211553806e-117 -1.227450366327321391e-117
-1.155739680795300360e-117 -1.134107950237685513e-118 -9.472506073225653858e-118
1.756173333099448827e-02 -7.232381310805288677e-02 1.646762692629345423e-02
1.386630242565066451e-02 -7.240867037415045504e-02 1.294359953402683151e-02
-7.896801799310142547e-03 2.921865030278900793e-02 -7.340783365111138402e-03
