-3.260121915029631223e-01
3.006205378362595271e-01
1.174620351194880064e+00
-9.948928070876285057e-01
6.066341217284755283e-01
-1.001197434846519130e+00
1.352630835959111266e+00
1.664155737999785334e+00
-3.274135496484487096e-01
-1.625268615406411543e+00
-7.148672589032141200e-01
2.678216964182229543e+00
3.606577556746414226e-01
-1.227063488638025834e+00
2.850309857337078867e-01
9.333634931687539993e-01
-1.063580220560143896e+00
3.650692288237163408e-01
-8.374830286455114958e-01
-4.311695817846381007e-02
4.179767079066296631e-01
3.406042001351431980e-01
-7.145484932265987466e-01
-1.545671444280315443e-01
1.218746496660281231e+00
6.519154351603420605e-02
-1.107189644718180155e+00
-2.958376174365117794e+00
5.683381117881243227e-01
-1.545994709722074312e+00
-5.639034909934680373e-01
-1.115610079665140973e-03
5.675446740058912587e-01
1.639022529248443716e+00
-1.614185998691797519e-01
7.797371456025740943e-02
5.636299072420664080e-02
-1.226958679916026806e+00
7.538858902486154090e-01
3.471809725257413715e-01
-1.367101599351407515e+00
1.998284903574597315e+00
1.332141475865075142e+00
2.212889415520152558e-01
-7.194208173292302444e-01
7.133415089899713957e-01
-5.059973874656096271e-01
4.240772296850202627e-01
-1.163076168737843252e+00
-6.918270306695950556e-01
9.896750882498020485e-02
-8.836592851628609635e-01
1.051303999114615584e+00
1.065069586895828424e+00
8.025624527800342412e-01
1.448510642358226130e+00
5.984258388622035879e-02
2.805320121762153174e-01
-2.357113985161655295e-02
-1.236247720111035120e+00
-7.807582510649053731e-01
-1.944448181718409163e+00
-4.971324976130748752e-01
2.227900771832956206e+00
-1.004411459056530759e-01
1.057872873816730452e+00
1.519344442691250019e-01
6.963428197864474090e-01
5.301596921558947573e-01
5.487723330579917791e-01
-9.142310868493797038e-01
7.483668600028587914e-01
2.327487335672550894e-01
6.225846581047436712e-02
-1.221613317314165004e+00
-1.233165676793977816e+00
-2.636615847575261906e+00
-3.254158404313667874e-01
4.250295669261494047e-01
3.587366177396527078e-01
1.604094704381754610e+00
