-1.248185488053208392e+00
-7.621946563145278741e-01
-1.114501719445881278e+00
8.831945489905970170e-01
-4.379775823034940951e-01
3.188379065708223017e-03
-1.602452590585034420e+00
-1.793852502656571313e-01
9.350691771587337220e-01
7.893272891438544159e-01
3.845444957795429719e-01
-4.699710330333003450e-01
-6.575717817183023284e-01
-7.620516046442263880e-01
-1.337352867001254886e+00
-1.651035575433435154e+00
-3.001330704426990459e-01
4.037186059467340327e-01
1.219405938092182007e+00
-1.084622045398070611e+00
3.129876725167841101e-01
-3.336389491479260783e-01
1.041947635741664602e+00
-4.507727336485289893e-01
1.007954770242575959e+00
5.475174394255057919e-01
1.762094438700860133e+00
6.658600835937681373e-01
4.197946134412223751e-01
9.529088183114675648e-01
1.270283721232817520e+00
-3.752999752962183494e-02
4.616488894869609227e-01
-1.719568879728792243e-01
-7.606780633108110035e-01
3.692910772462884017e-01
-1.051522588188427143e-01
1.553226171393104371e+00
