1.560323356642452808e+00
1.702659370333740707e+00
2.602518472099649038e+00
1.222581505204009877e+00
3.597758541310731140e+00
2.081278687448950393e+00
1.664157186379175091e+00
1.693599351985860535e+00
1.539566174647478691e+00
2.528529009988532472e+00
4.059636736286901026e+00
3.746336437052808499e+00
1.556173210027429032e+00
3.129260233055932261e+00
1.696317187362185841e+00
3.524204425348794523e+00
1.862505324537802487e+00
1.812912255590816146e+00
2.038510508027038259e+00
2.299155864458586329e+00
3.863621890367765488e+00
1.328931735935118708e+00
2.031341911749027229e+00
1.286912012037445097e+00
2.559229088005868125e+00
3.353059102327087704e+00
1.777606219663329545e+00
1.519071247512352452e+00
3.767243927192838182e+00
1.584165756945425052e+00
2.899186319204644757e+00
1.723638448654039035e+00
2.232252707984260010e+00
1.775677316727038102e+00
3.469946234267331953e+00
2.152530603081181937e+00
1.964162984989880956e+00
2.304478870919940192e+00
1.033707090403824802e+00
1.864937431803448842e+00
1.389088972636309149e+00
1.937628282225776655e+00
3.476989297609917262e+00
3.076314065756315497e+00
1.469815653903264518e+00
1.462967118388264209e+00
1.417945286469816768e+00
1.930812945812705017e+00
2.323327908025698108e+00
2.099422411690460066e+00
1.662648806068202756e+00
3.221417263026570055e+00
2.281594299668009640e+00
1.922131066605074601e+00
1.921422568477959780e+00
3.500584171507978404e+00
2.013131742322767259e+00
1.407246033630547233e+00
2.740750203931921813e+00
2.475538987888840303e+00
3.192368814022271906e+00
3.606048260666547822e+00
3.706607940232250265e+00
1.716953986969728119e+00
1.882240053280898051e+00
2.168678885440868953e+00
3.506505647117488245e+00
2.087924567033782708e+00
2.446835393753049370e+00
2.485153598554853627e+00
1.818907885435727012e+00
3.873907463176490484e+00
2.228423597325667416e+00
2.112047022082085501e+00
3.258130107582498880e+00
1.745364772690333410e+00
1.888395865960922793e+00
1.361489747235105296e+00
2.871464014513986918e+00
1.936651115893904151e+00
3.079974139529537247e+00
