-5.501056563545644318e-01
1.861071731625987269e-01
-5.001614940097397488e-01
6.553592778107099059e-01
-7.685526935144563199e-01
2.629804228274982836e-01
-4.480569193899924252e-01
-2.296148091024562132e-01
-8.192910646026690946e-02
5.400527069351647169e-01
2.782774874879964666e-01
-3.330357382737749172e-01
-6.331925577249661874e-01
-3.448364164488198491e-01
-4.167514674288821941e-01
3.072393388748433374e-01
2.389835991611192756e-01
5.445295512796873849e-01
8.515636969013162805e-02
3.109047531423410060e-01
-9.039512382863049700e-01
2.328004444644168891e-01
-8.836575753941577904e-02
3.523564763986375414e-01
-3.562380653122068641e-01
-5.552175351078350030e-01
1.038303182088488485e+00
-6.216600427594771716e-01
3.397550862497993318e-01
-5.934594783162259191e-01
1.354907110528357495e-01
3.705749874505731012e-01
3.442756963333868936e-01
-6.727515478896204382e-01
7.459936755981314005e-02
2.455071390025697492e-02
-3.168894291783826977e-01
-8.521827811746818249e-02
