1.416891937398961021e+00
2.804072509978118077e+00
-3.975559085947712873e-02
2.244351989181814222e+00
-1.011368427542030268e+00
5.756411556034969346e-01
1.722186442198842204e+00
4.431111197479314256e+00
1.104069301440156803e+00
1.117530797476215199e+00
2.434210233954057223e+00
-1.453502824043154007e+00
1.853135914083084979e+00
1.148592758217087617e+00
1.928242463579679544e+00
1.857488746054106299e+00
9.542174544773318612e-01
-7.032481301842649080e-01
3.590302684898246000e+00
1.609578438550722135e+00
-6.858684879229747233e-01
1.921703006007287495e+00
2.344083039377020228e+00
4.400051845510609461e+00
1.637487856914058959e+00
8.909738613422653053e-01
-1.206864436369966986e+00
2.257739399866831587e+00
9.024846674655029322e-01
2.808833070057474846e+00
5.881849243470356203e-01
1.034130431527411353e+00
1.054964858673757222e+00
6.569598775728953122e-01
4.347409425050135390e+00
1.077237372559864292e+00
7.117569380101694820e-01
1.016359359642816429e+00
1.542767125548354823e+00
1.964872491738277382e+00
9.792949902535506013e-01
5.183973671288946150e-01
1.139438597311905221e+00
1.559098456752059381e+00
-5.605424102362441818e-01
2.230279388251122707e+00
1.710606403777707119e+00
8.030573010496541153e-01
2.608924716183382397e+00
6.373511703776086890e-01
1.314949950180191340e+00
1.504411274694150702e+00
3.683560828962987976e+00
7.793336627423086416e-01
4.088935148384410745e+00
3.669109647425055964e+00
4.533308888396116565e+00
1.394004616455697121e-01
2.370302771626988214e+00
6.613940887073537465e-03
3.379227476416774678e+00
1.648720488890617064e+00
3.809877455833511117e+00
1.239217842948926007e+00
3.787233234050919606e-01
1.124016849830409948e+00
1.406436014551846636e+00
-3.402676075514553533e-01
8.415064324467034229e-01
8.384508571205004923e-01
7.690454964687634121e-01
-6.811031991621721016e-01
5.076483579464903251e-01
2.677584732047042504e+00
3.448757403173224656e+00
1.977856622140369280e+00
2.255803866478018449e+00
-3.716625487862155741e-01
4.274587761601812197e+00
3.546659909157753088e+00
1.018479073231036258e+00
1.432250630122488211e+00
1.183258283041310088e+00
3.594716991443666299e+00
1.609416559240040012e-01
1.285578805245466638e+00
-2.855018502608671627e-01
3.399343325043767017e+00
1.299020744520379633e+00
1.774356859299449862e+00
-1.599295671785022632e-02
1.510607511212705090e+00
3.508709186801253210e-01
2.747602404994625491e+00
2.870708022296629025e+00
2.713546496107088757e+00
-1.760958221676733187e-02
9.401574510246551997e-01
7.179950512674571073e-01
2.705064432348076586e+00
-4.187016582649977781e-01
2.228086997345099629e+00
1.581385112165624607e+00
2.149808567957166794e+00
3.269839782103088233e+00
2.133365964997790964e+00
2.388463467893779946e+00
-2.643020540660794837e-01
2.187379365025070577e+00
4.229945752067192366e-01
1.257142201640253365e+00
1.060453609098374494e+00
2.370340454850877077e+00
2.004864692574695351e+00
3.473580734112801771e+00
1.889793331406268706e+00
-2.963987804822316718e-01
5.554995219047655919e-01
4.650668573076862877e+00
1.203459604900310564e+00
3.650088162003854553e+00
1.028403285977863429e-01
-8.254345947922229199e-01
1.128179502516068133e+00
3.298044486218695948e+00
2.784948259483065236e+00
-1.215748766579181961e+00
1.645325752757635041e+00
3.868385455994180155e+00
4.125204323766931580e+00
1.977297394631224448e+00
2.914996694914845365e-01
3.723132576471401278e-01
-5.323946313245583317e-01
9.076887289376293078e-01
2.103427352232748238e+00
2.087032694224565166e+00
2.096238107822375518e+00
-1.213226973775380912e-01
1.104867464546864797e+00
1.165381830403318553e+00
1.887066469721210948e+00
4.411227786533725492e+00
1.597052547075992424e+00
4.397876090852975040e+00
1.507462215204944167e+00
2.540514549345861628e+00
8.854464654015770098e-01
2.546026252626574782e-01
1.834398303873679081e+00
1.559009194785945018e+00
-3.096195809592022230e-01
1.849066652574378633e+00
2.006707557999108715e+00
2.324651842975541394e-01
1.795447308685775178e+00
5.293006843591565591e-01
7.947946375183255752e-01
1.293323185684090104e+00
2.440967379870061738e+00
1.914334580142831088e+00
1.937768138728205303e+00
3.751189577306016432e+00
2.822825694656932338e+00
1.333635786242011845e+00
1.261241491261009706e+00
4.372054572580143517e-01
1.072011570928091295e+00
1.237937668231593902e+00
8.960303255435414505e-01
1.569515943177269612e+00
1.339243782107406799e+00
1.110590806046054091e+00
-5.909942968051470902e-02
1.722815484149819110e+00
3.327036088457925977e+00
2.102437650176030903e+00
-1.698825639682009836e+00
5.316474682885816705e-01
6.522318998883173957e-02
1.151218810507945278e+00
2.097573348628380518e+00
1.167509503942889992e+00
6.317398366834311441e-01
1.912138324708623438e+00
1.348589716352008194e+00
3.478364369847800841e+00
1.043461849956928811e+00
1.033733970888756959e+00
4.263673950821327274e+00
1.294454493475388102e+00
1.568686481139435207e+00
1.803872651646568182e+00
1.389127990559966053e+00
3.851069780839973422e+00
2.388005054617842848e+00
1.704134999272789885e+00
8.713402902278450934e-01
3.890046708949863041e-01
3.176359796879837827e+00
3.326448665661188020e-01
1.063005888961632506e+00
3.751820405900757827e+00
2.291957632507676812e-01
2.007689069508090007e+00
2.239247184334962615e+00
-7.955509361932754375e-01
1.470899494992111922e+00
1.431196837945364564e+00
1.962603172539407970e+00
1.373123424664780989e+00
