-3.743410505712447406e-02
1.850433806591921526e-01
1.804869161473471317e-01
1.149895418128664693e-01
1.536182960850553669e-01
6.989161251715689804e-01
1.050964000888298111e+00
2.711181433914823802e-01
-6.171960803210241320e-01
2.216238203218503511e-01
5.570563655491109767e-01
-8.409835957239577553e-01
5.111963340805950606e-01
1.396772246839185494e-01
-8.681777488414985644e-01
9.661706159592890752e-02
7.254964599098500111e-01
4.695275872301551967e-01
-2.608047625959657445e-01
-1.455591377113393037e+00
-7.496195449525855370e-02
7.295364987751626895e-01
1.468878527981100079e-01
3.109622555954574263e-01
6.113872146717110878e-01
1.202044759486300129e-01
5.468006383557401096e-01
-1.210616521605671014e+00
-2.590830035143325549e-01
6.898710360148077592e-02
-1.781296129457000110e-01
1.289556515617755084e+00
-1.251385683362967460e-01
3.617424062423990616e-01
6.547494610026829420e-01
1.151265183328802899e-01
-3.990823331607203095e-02
-1.650935694413295352e+00
1.027258892354737663e+00
9.681946001985769490e-01
2.460918994722193220e-01
4.513072518458920990e-01
-7.946218961539142089e-02
8.099763209530912444e-01
-3.260285840913252353e-01
4.293753503823809908e-02
5.996083209123513891e-01
9.156183102994016609e-01
-4.510561008719867204e-01
8.446475978738633428e-01
-7.528489409722859127e-02
5.467545349827639400e-01
1.991847718033035730e-01
5.910758078339093530e-02
-2.081720218184701932e-01
-1.141208377709503674e+00
1.480945686328841437e-01
2.119665217614840891e-01
4.433487674657605182e-01
-4.028364093651340960e-01
-1.656281765389626404e-01
-2.558254173272520138e+00
9.870809586588273621e-02
-1.265340463390469683e-01
-2.531882596696214627e+00
-1.057195824939193701e-01
-2.276630807326372741e-01
4.763227777258526308e-01
2.533536408562856446e-01
3.140467708771856881e-01
5.545746928989351426e-02
2.947910168716730284e-01
-2.909340175140278650e-01
-1.594010718848267449e-01
-1.079582527886295135e-01
-2.109584933361233094e+00
-2.809369471740546520e-01
1.815787758683515551e-01
1.089627048236327389e-01
3.325280848190692029e-01
