1.819815280652268552e-01
-1.364771177914162435e-02
2.915571437577977321e+00
9.931351932755182466e-01
-1.177715129815266881e-01
-8.465493584124546000e-01
1.336338854998673220e+00
-1.479809128243014582e+00
1.153458314877120250e+00
3.300817040381871514e+00
2.739656791761386767e+00
3.401430298184580647e-01
-1.832149175868147059e-02
1.693934739798176992e+00
1.303977627992636501e+00
1.890526672642096173e+00
1.521178430214335853e+00
8.625685868778157905e-01
-2.113907751771985366e-01
1.828493292966948180e+00
2.341472808224226154e-01
1.312265040279454453e+00
-1.199530107268891532e+00
2.179473752878579695e+00
2.058803498371181817e+00
1.887381570092580008e+00
1.704302892721651919e+00
-7.513972780131569218e-01
2.802283279471915911e+00
2.518396906588234341e+00
1.221273881920138082e+00
2.547343612702754445e+00
-2.092047106015290925e-01
2.178008553833720828e+00
2.155252314048075934e+00
3.025817363971589291e+00
1.109606536861612147e+00
2.281297835801329832e+00
1.229380163361220912e+00
2.140745674122194853e+00
9.573927409583933290e-01
1.136352584460340154e+00
1.416312345515585269e+00
2.540863923061306817e+00
1.108305096566978065e+00
2.094791830480920325e+00
-4.157678235372471165e-01
2.424429828697852951e+00
3.121649481743764110e+00
1.583883753237315117e+00
1.638691063136290538e+00
2.744326324244451776e+00
1.803542190258663469e+00
3.131244725603942403e+00
2.133620730349995220e+00
2.840656114628906437e+00
-5.056391083170054257e-01
2.589325175545593272e+00
-1.254383900504292715e+00
1.217809843760275568e+00
1.575537312545728375e+00
3.022296888717515895e+00
2.748461660568701781e+00
3.061102116745711754e+00
2.772791758459517197e+00
2.883989812530272534e+00
