2.734153506069128547e-01 1.722936922345923716e-01 3.284888888409926864e-05
1.644783543244972557e-01 1.024317674870402622e-01 4.860810978526296147e-04
2.646535933341550954e-03 1.943208191255211192e-03 3.154404156185321162e-02
3.620014378059438747e-04 2.855755504983651435e-04 1.949428598819222898e-04
-0.000000000000000000e+00 -0.000000000000000000e+00 2.765373274282175234e-02
5.638878193274373674e-01 3.566352939222754426e-01 -0.000000000000000000e+00
-0.000000000000000000e+00 -0.000000000000000000e+00 2.886623288444255253e-02
2.563203038013977392e-03 1.821269456901110622e-03 1.103558092065720468e-02
6.864150859075177601e-04 5.319262809563776858e-04 5.379749468912448443e-03
9.090640948084736939e-02 5.731071628095057297e-02 1.117111624311537476e-04
-0.000000000000000000e+00 -0.000000000000000000e+00 3.959367420875822136e-03
-0.000000000000000000e+00 -0.000000000000000000e+00 4.485811138920861585e-02
-0.000000000000000000e+00 -0.000000000000000000e+00 3.282308745189091437e-02
2.447299074040258926e-01 1.541373505251240617e-01 1.128039134206272051e-04
2.533060530528161505e-03 1.810645858984489273e-03 6.110488092809985465e-04
5.424978343579053668e-03 3.767530937677311502e-03 6.420306872240928763e-04
2.401972555857200160e-03 1.755790405419814385e-03 5.516437222451462535e-03
5.239771710384429938e-03 3.864669678154583100e-03 4.822438029930433204e-03
-0.000000000000000000e+00 -0.000000000000000000e+00 7.853383372000529578e-03
2.508400593720406212e-03 1.823613913413904596e-03 9.573670536087854066e-03
8.968350010463313308e-04 6.785346320119412140e-04 2.332783317413611446e-02
1.640392404840176422e-03 1.155175285851929188e-03 6.780860073242920508e-04
-0.000000000000000000e+00 -0.000000000000000000e+00 1.156009420068400406e-02
1.847659135139085584e-01 1.169978527034906540e-01 4.802559672470732772e-05
-0.000000000000000000e+00 -0.000000000000000000e+00 2.093766582078455951e-02
-0.000000000000000000e+00 -0.000000000000000000e+00 4.000874225779271071e-02
8.937551533020903216e-01 5.666040474369242741e-01 -0.000000000000000000e+00
5.662124799077270509e-01 3.586700720356342242e-01 -0.000000000000000000e+00
4.830125920577681576e-04 3.149904314724335922e-04 4.106187330345055855e-03
6.362971113084261443e-01 4.026367613118782551e-01 -0.000000000000000000e+00
7.645928373149594170e-01 4.836678879236762096e-01 -0.000000000000000000e+00
1.194689070840366206e-03 8.454145263865332728e-04 1.051508202059359479e-02
2.754530900863226290e-03 1.979306624204621272e-03 2.909847596247365845e-03
3.681498072238928009e-03 2.732096351393395114e-03 2.260765896511804027e-02
2.263768516365856527e-03 1.592199167464319626e-03 1.122083048494136072e-02
3.333791863189965454e-01 2.101222346360839821e-01 1.695211144014469799e-04
8.581770085875661466e-03 6.146273578639151192e-03 1.220582054071165734e-03
1.605642293655435912e-02 1.149217964717770719e-02 4.877878771550470637e-03
2.449199974857468043e-01 1.540615319862869703e-01 2.845827848195314934e-07
2.917417289036418615e-01 1.831643467118491408e-01 1.278216222972745778e-04
5.130004938999601638e-01 3.238801159564049792e-01 -0.000000000000000000e+00
-0.000000000000000000e+00 -0.000000000000000000e+00 1.286403849653662210e-02
2.467853017919225955e-01 1.563014391335431075e-01 6.645569374635945843e-05
3.398073130492623023e-02 2.031183699883155544e-02 1.297411298333993519e-04
2.976984872981898733e-01 1.888703973455713447e-01 -0.000000000000000000e+00
-0.000000000000000000e+00 -0.000000000000000000e+00 7.951595619922618985e-03
7.053785406148318504e-01 4.458527533067082604e-01 -0.000000000000000000e+00
3.853247429739813934e-01 2.440303488278215138e-01 2.286861804833598846e-05
9.242049133635622110e-03 6.526367159141025810e-03 8.397424990537678043e-05
8.719388833493172397e-01 5.515191893876485452e-01 -0.000000000000000000e+00
4.120994256872616973e-02 2.650519817877018680e-02 2.479005341678711853e-04
4.109308042503181380e-01 2.596210093865756185e-01 2.374270739957201571e-04
1.095091273791207230e-03 7.981318163032423332e-04 8.407556930132789206e-04
2.609587469868885901e-01 1.650384548015802200e-01 1.108697387752970466e-05
-0.000000000000000000e+00 -0.000000000000000000e+00 1.909158543292774693e-02
-0.000000000000000000e+00 -0.000000000000000000e+00 2.737555337809947226e-02
1.002284734287930360e-03 7.211968758597579960e-04 9.256056791094494085e-03
8.498562721924378671e-01 5.376758399809634659e-01 -0.000000000000000000e+00
2.988934720599161210e-01 1.879061284521612862e-01 -0.000000000000000000e+00
1.152420891625625769e-02 8.177672675164270391e-03 5.201323272719309910e-04
2.644733386182887558e-01 1.670754262558300507e-01 -0.000000000000000000e+00
-0.000000000000000000e+00 -0.000000000000000000e+00 1.680942835401887450e-02
1.085835559264827430e-02 8.028954782150923494e-03 3.132526702479289209e-03
-0.000000000000000000e+00 -0.000000000000000000e+00 7.440599511107268485e-03
9.479092431839681865e-01 5.996745059722804472e-01 -0.000000000000000000e+00
7.660087011674515667e-01 4.845203484077629241e-01 -0.000000000000000000e+00
-0.000000000000000000e+00 -0.000000000000000000e+00 1.438141868106725292e-02
4.170797037820993258e-02 2.490298613094454883e-02 3.932358156081964574e-04
7.094071919911286717e-01 4.492078466926091029e-01 -0.000000000000000000e+00
2.641790509891590952e-03 1.875325364644449353e-03 4.314564814008116020e-03
-0.000000000000000000e+00 -0.000000000000000000e+00 9.022405399560555483e-03
1.907063665341850916e-03 1.367889133988830401e-03 2.113005465159678922e-02
6.177740868582615175e-02 3.797410786497369684e-02 8.563593755482160107e-04
4.542148936432587741e-02 2.843795121330893599e-02 1.256517908778274785e-05
1.233993196932878372e-01 7.930134834371203867e-02 6.796841430018845916e-05
1.645346547175662207e-03 1.171649749415223105e-03 7.722156461476232213e-03
7.524596641549118337e-01 4.767277574586007982e-01 -0.000000000000000000e+00
1.325589640243954315e-01 8.352671696607302798e-02 -0.000000000000000000e+00
6.042111972131660735e-01 3.842939339668620669e-01 -0.000000000000000000e+00
9.042038807631095970e-05 6.236562120703221526e-05 1.669044979597991002e-02
5.861569971904408149e-03 4.131470573567592661e-03 9.546452588038212284e-03
