6.971047630711321164e-01 3.872928915176797326e-02 2.526903355622145853e+00 2.506709704900351277e+00 3.423025428381043067e+00
4.372674340113084313e+00 1.848912552272941393e-02 1.586076889382861677e-01 2.087783883002183760e+00 3.296825605373745915e+00
1.076427877394142474e+00 2.982898264576985259e+00 1.648993214212769176e-01 3.296984527370769413e+00 4.274246051838047400e+00
3.397066724212802313e+00 3.370881668183898228e+00 1.219354645445692581e-01 2.981245093640917165e+00 -0.000000000000000000e+00
3.003183346395794207e+00 4.609153066114916264e+00 6.841782369150288812e-01 2.124905796199835079e-02 4.137541293404831677e+00
3.322785183089613348e+00 1.396575643587859294e-01 2.705949029533441852e+00 7.820091737874627080e-01 1.051274390356518040e+00
1.850340398894984695e+00 2.752761280883103456e+00 5.553011262409718318e-01 2.612163942887465673e+00 4.060311849299551135e+00
5.272669233084823805e-03 2.981941231889992494e+00 1.769151802966989040e+00 3.392158594964031604e+00 1.381192739280424409e+00
4.620080127852268514e-01 1.847002896838217723e+00 2.981311063412492857e-01 4.613493499588927627e+00 2.978891069456230056e+00
4.510767591261538811e+00 1.853413179854855652e+00 1.700936521799962131e+00 2.070285046015212238e+00 1.426295077888794782e-01
1.165587821215673836e+00 3.930656897939699856e+00 2.489986845277476490e+00 4.299231020275542936e-01 2.109733829746159195e+00
1.577974188593479932e+00 5.045147898819712040e+00 6.569709707956186695e-03 1.441639032381835550e+00 4.115854395302083191e+00
4.091275042043296395e+00 3.315959173712223595e+00 2.023731971862349072e-02 5.220128535043089268e-01 4.138551047469269051e+00
4.730202346465426366e+00 8.270271718855977117e-01 5.256626455109569829e-01 1.267327857211084874e+00 1.629844053669801340e+00
1.767911921821360352e-02 3.033580636784356077e+00 1.430947736112686899e-02 4.179244304098744145e+00 1.828868437617011899e+00
7.269957744563894098e-01 1.638225415604777302e+00 7.895654040002011431e-01 4.652866623501444643e+00 1.939982807318793023e+00
2.745681397949181424e+00 4.376637584904335299e+00 6.044341867079207065e-01 2.280467265762159634e+00 3.386170415620991594e-03
2.019832897842082087e+00 2.743577045963654371e+00 1.622060388371617812e+00 3.736688502726233096e+00 7.853413529552611960e-01
1.186427565726397848e+00 3.561694632157239582e+00 3.986783659323330786e-01 4.254003558921986894e+00 3.774144920280764759e-01
2.128770531486667394e+00 3.760478109528598178e+00 6.011936774628257041e-01 4.268033026392631157e+00 7.700335751631919891e-03
1.639494125602659391e+00 5.158728252441819428e+00 5.680722609651440713e-01 1.830351367275012686e+00 1.973904468530937928e+00
1.260120835084742597e+00 4.204412970944931160e+00 1.191947811457933978e-02 1.482911140347980217e+00 2.551207523770099961e+00
6.314029199965239328e-03 2.350166377426103903e+00 1.422659613561833458e+00 4.277747457093843408e+00 2.249043368510912799e+00
2.726365326751432505e+00 1.520833552554042178e+00 6.522320000189529843e-01 3.807408522877806512e+00 2.842323579394371302e-01
5.174294647284958693e+00 3.890103920116177783e+00 2.082377466007615752e+00 5.657784489238032455e-01 4.016237493431401018e-01
1.648542233799087153e+00 4.804994850525925010e+00 1.514094325473104054e-02 1.476730938884744937e+00 4.466825968868601393e+00
1.219682338500715883e-03 1.681141493328825592e-02 4.220222257046231995e+00 1.025403848458676936e+00 1.258507669226756548e-03
1.246266232438591137e+00 5.815229666081536131e-01 3.555149313794097043e+00 1.614508355253823302e+00 5.093278612883774814e-01
3.754549266634795490e+00 2.793710010627189266e+00 1.343701750240618553e+00 1.410131450390482606e-02 3.049367745076383862e+00
2.329181067693567364e+00 -0.000000000000000000e+00 2.815451583070292418e+00 1.146558749866693518e-02 2.638911937203023861e+00
2.492797028320627550e+00 1.839055396814719481e-02 4.199145825894223805e+00 7.193340793806212163e-01 8.499946854916369879e-03
9.472596308511731511e-01 5.485639479646374106e+00 2.538756338938433554e+00 3.667615289709304227e-03 1.686149147922054503e+00
3.721737466935679528e+00 3.334991919118320158e+00 1.032210325695980480e+00 2.035576936911461798e-01 1.893307459831585993e+00
1.390524022425292827e+00 2.814625566009361979e+00 3.576877528152436897e-02 2.424145538918351939e+00 4.398676758860815994e+00
2.288662350930804834e+00 4.284636396998636521e+00 1.028566607111179067e-02 1.543047554699836565e+00 2.523885876759905500e+00
2.230258579583316525e+00 2.311702892730190667e-02 1.853938713812491423e+00 2.786907843101999571e+00 2.586351123053885814e+00
3.228114370887474327e-01 3.548010536190874920e+00 6.658498404731954222e-03 4.842423700372984641e+00 5.833575068717736789e-01
2.155839442172348352e+00 4.337347866099643845e+00 2.998470193336446599e+00 1.058592093395225031e-01 7.284213009752749102e-01
2.186506186022779907e+00 8.577358119443118795e-03 1.689158573292886878e+00 1.495765008819382125e+00 4.630658016838675728e+00
3.134197206727804552e+00 4.456485966378725960e-01 2.105504449979355819e+00 2.506782904716672977e+00 1.459980586026175642e+00
1.484998259584836333e+00 -0.000000000000000000e+00 2.417682123423277485e+00 3.448057086301675511e+00 5.725824488815364210e-01
1.717246050510322863e+00 2.900821886037024289e+00 1.299723513623097793e+00 3.496858501000904562e-01 4.964173410985353030e+00
1.949770274060658615e+00 6.513580933851407240e-01 3.522172101075746298e+00 1.038179843513047818e+00 2.695957550289855842e+00
5.630719736436086365e+00 9.604174968907834842e-01 1.109468078049629991e+00 1.340275319458594128e+00 2.797072700106294718e+00
7.819694452139661633e-01 3.364811472202628995e+00 3.760191267697275741e+00 2.017335781956072494e-01 2.009590870384774519e-01
2.320604338211888162e+00 3.410982985993187278e+00 1.964096938705040429e+00 2.715141380647685398e+00 3.453475413021499935e-02
2.890907349849899166e+00 1.468514548097258565e+00 2.846551521680487973e+00 1.236484004498739769e-02 1.103068562523785295e-01
6.668604835314275725e-01 2.419206168073744667e+00 3.681504571545445081e+00 1.549045396659862878e-02 1.823769621708880129e+00
5.931754818491119963e+00 3.093944132596666563e-01 1.461992866000398628e-02 2.270655080232474088e+00 2.273233973277426934e+00
1.527365038304984823e+00 1.262371847548083778e-02 3.417255178756253287e+00 3.961048510947006059e-03 2.288199009978408416e+00
7.566049280001042356e-03 1.815201351190091739e+00 2.620983435600050981e+00 2.620108627653844113e+00 2.871642231684269575e+00
1.567906102007791569e+00 2.311628402342339739e-01 3.091293760934009871e+00 1.656288151107763618e+00 2.407767741572754971e+00
3.518865881184622069e+00 1.534448180604592205e+00 6.145679817329348094e-01 3.797318994055407515e+00 8.815980386034738547e-01
-0.000000000000000000e+00 1.894225635040162059e+00 5.871807281947361012e-01 1.965264859583671697e+00 4.047641990933823486e+00
9.770368284819819227e-01 2.698343504429858708e+00 6.037989802410169693e-01 2.150182047382452666e+00 4.417760934324939548e+00
4.431123267809495836e+00 3.304274891541558734e+00 3.406499259402286095e-02 1.019598292337567491e+00 3.144907850750843448e+00
2.257079823854730161e-01 3.724815117791232311e+00 1.193396637786084680e-01 4.726402062821718708e+00 1.081965036071217412e+00
1.042894575752618680e+00 6.588360699890729276e-03 4.328936649614318455e+00 6.922287644320589406e-01 1.935547764367289564e-02
4.869980458944808355e+00 1.019585043744095088e-01 7.585664252424243470e-01 1.676134452307582290e+00 2.194263922956603441e+00
2.825795209504815553e+00 4.645422463488093179e+00 2.407650369724015693e+00 1.942923467233992341e-02 5.783030212688640426e-02
2.962789087346683115e+00 4.650939993313222831e-01 1.229660740916270756e+00 3.530069552041014802e+00 3.307302650270126185e-03
3.184240968000194183e+00 6.206614252765175976e+00 1.611242300837557040e-01 5.779802431105550697e-01 2.734048570195093952e-01
7.243332472370890291e-05 3.907974074596239245e+00 2.855442356659024572e+00 6.038694446535586291e-02 2.449800863261296868e+00
3.757402212686704157e+00 2.056634921844066266e+00 2.233417655718699102e+00 2.489561867602014048e-02 3.159567608981097564e+00
1.653513527974338482e-01 4.326648248859057411e-01 3.838687672581945431e+00 3.212807228127661507e-01 1.054899820324705847e-02
2.938524624900460402e+00 5.482324536470865352e-03 2.446316847857483268e+00 3.739646922880499741e-02 1.768274405997615206e+00
3.261251247669575637e+00 3.736522751335651371e+00 5.492096530963491013e-02 3.834604880675592575e+00 1.653284040364977683e-02
4.245427958899479215e+00 1.483076265116005897e-02 3.508129950971310973e-01 2.704631440302100120e+00 3.511719573563913510e+00
1.416091354009819947e-02 3.855065496266440461e-01 3.626542545973978182e+00 1.289336431466586053e+00 1.682595727107784933e+00
1.266142501819462529e+00 5.078034111528916483e+00 5.930990776971231844e-03 1.526858535218380553e+00 1.310685205037067425e+00
2.755463943345805244e+00 5.183911280270234734e+00 5.387592486240927458e-01 1.083656447006033474e+00 4.969804720504694684e-01
1.655502243904693804e+00 2.768233563812720455e+00 2.076841349200932552e+00 7.164393018812872382e-01 3.969923852370156769e+00
4.731686773861524031e+00 4.350519490193175964e-01 3.095481144202126833e-01 2.301449282018753983e+00 3.149029246232522006e+00
1.796703758763874559e+00 1.563110492848481137e+00 2.316953059805722859e+00 3.661589160324884018e-01 4.066762856327162723e+00
1.225207110214978495e-01 3.542780797935229486e+00 2.817211503073856260e+00 1.965374680340234770e+00 7.629487979036518423e-03
8.593124331632515447e-03 5.181406208296576388e+00 1.281247509973241216e+00 2.097154525106570411e+00 9.577133804291406705e-01
2.253689129886561702e-03 1.385396622624900931e-01 3.924520617089453545e+00 1.287955414446258384e+00 7.525239011934240496e-01
2.347286491699787092e+00 8.090779495185377312e-01 3.065895754993214761e-01 4.495501746197355430e+00 1.129245515816537759e+00
2.329970343941942523e-01 3.364547938084411882e+00 3.095939327777190719e+00 9.509465512692967873e-03 1.865840714967723427e-02
3.033762858496618975e+00 2.291327497992290407e+00 4.225135496971941552e-03 3.400890568631578237e+00 2.750159166212952311e+00
1.010616589097238061e+00 3.751520603427708878e+00 2.257219355115710702e+00 4.510689183502373037e-03 3.341755724794203797e+00
