6.073317895300713865e-01
9.891517657226662763e-01
3.432297221825959976e+00
1.637195087055425935e+00
3.012070209689364564e+00
-3.516438820916978347e-01
3.285465978984571489e+00
1.863374454212689768e+00
1.709150862637544899e+00
1.247127330947944479e+00
1.741109443391006817e+00
3.999091866229244729e+00
3.017550953220775600e+00
7.108194922878111610e-01
1.679995300712731066e+00
1.635337248080231065e+00
1.919987089376109957e+00
1.980663843519267386e+00
2.230519125525849855e+00
2.266979900224855182e+00
2.807831061364868042e+00
1.651064052514463976e+00
1.749743914090794883e+00
9.107987868049864932e-01
2.790373030039118518e+00
4.043291935335714626e+00
-1.520664122318581502e+00
-5.510795561392660691e-01
1.710283103072189226e+00
-6.694951008113012580e-01
-1.081163460601064497e+00
2.260107807427611082e+00
1.671088980769621646e+00
2.628084800740908999e+00
2.397362124286077201e+00
3.060678404898354299e-01
2.003994934759483648e+00
1.741889472940174155e+00
8.356376163652080580e-01
6.739979549148228388e-01
-1.176445491358988765e-01
2.203797274324162725e+00
6.097050470973973679e-01
1.385463991244294091e+00
5.774940202550052915e-01
1.808110246020607548e+00
-6.124622351187287705e-01
3.045760845545746331e-01
1.356553201898031746e+00
-1.146013376702619935e+00
1.263266521466044789e+00
1.977425851866485285e-01
1.604888160248337581e+00
8.439874361976494876e-01
2.497272681123310356e+00
2.854968870731124930e+00
2.387089372134890475e+00
-1.315261185840543412e+00
6.098759566669955667e-01
1.655569303422843142e+00
4.609873948644307440e-01
2.495534571610305896e+00
1.581734452315563422e+00
1.877176617038017303e+00
-1.415444646335889844e+00
-7.931708829227056556e-01
2.437402572769524767e+00
1.363278898892446467e+00
-7.294255929023654161e-01
1.653961414585190637e+00
2.125958515814177829e+00
2.177109704838533499e+00
1.286515218140413364e+00
1.058166033145448326e+00
1.056157411666056145e+00
2.071647468359860245e+00
-1.054719899206721268e+00
1.155004314880380356e+00
-5.560859140768610320e-01
2.787772671362152455e+00
1.858940556082208539e+00
