2.889641251103992614e-01 1.778987978150192995e-01
6.236395811264913158e-01 7.506088620354792740e-01
1.909842114588070849e+00 3.083948971820479890e-01
3.822257504977727982e-01 1.297258861071411529e+00
5.962636393511430155e-01 7.795976316037087628e-01
6.222075545287735210e-01 1.311771633898894063e+00
2.759633432080636078e-02 2.326151244728885015e+00
5.819389124052032347e-01 1.798371353227478764e+00
5.300014789188887132e-01 1.971036346035484721e+00
1.884544491098633978e+00 2.127122534736906267e+00
1.770016593736523980e+00 7.766317533180557842e-01
1.514546172915228528e+00 1.387358163233615382e+00
1.531183448621799004e+00 6.429248530608052681e-01
1.187880251740647264e+00 2.795992315920750482e+00
2.857680096417758997e-01 4.090059904554710912e-01
5.309891202814294164e-01 -0.000000000000000000e+00
5.485874174014359062e-01 7.105825095751853171e-01
6.234271173196120897e-01 4.579428498289344063e-01
4.469869465961232718e-02 7.738878744875840043e-01
-0.000000000000000000e+00 1.300940732204869610e+00
7.751994542745183070e-01 8.092308169236529514e-01
1.408489899298130732e+00 2.276713035003481711e-01
6.757824620195099774e-01 5.396127169004426467e-03
6.019470364478862745e-03 2.018394359307743802e+00
8.533028191866692813e-02 1.631441210925484553e+00
8.543223758316832034e-03 5.930698109911423099e-01
1.342493301952472962e+00 3.675088508037602838e-03
9.917131860568741963e-01 3.636780843464565982e-01
8.939920395904290551e-01 7.976596818013396151e-01
1.045124122153753721e+00 1.450220663141707222e-01
9.131963684399782011e-01 9.859432143762344447e-01
1.484356492157881569e+00 3.062717529359810342e+00
9.930317511903132832e-01 7.390052105417993511e-01
2.382634328279670033e+00 5.871456615405527477e-03
1.920506586779594960e+00 1.277964880353544830e+00
2.989970641033272258e+00 4.834613583652020430e-01
9.429473736480663629e-03 1.709887920709512121e+00
5.269119201983206713e-01 9.079376085651980630e-04
1.494696115890842947e+00 5.724838720205309706e-01
3.654952805043005792e-01 1.385285788527570450e-01
2.007946920409968250e+00 5.084511641458402953e-02
8.382120504789643267e-02 1.071015547162176507e+00
1.198662893004181747e-03 4.425071782884454907e-01
6.020124094206562582e-01 1.260583852229654633e+00
2.174982580647706332e+00 1.181263190180687275e-02
7.691761607782776622e-01 6.915688691461147064e-01
1.069493591388587905e+00 2.038875668903163074e+00
1.779883109785247219e+00 1.429808425442997244e+00
2.023746107083716606e+00 5.121320160646930172e-03
1.744632293776392784e-01 5.162893113670657952e-03
2.445620188807888784e+00 2.892646745142339881e+00
1.515211755690443418e+00 1.915008408285749555e-03
3.370729803538487501e-01 1.440034724970402635e+00
8.085282036639184211e-01 1.450313429377623642e+00
-0.000000000000000000e+00 1.910793302280286099e+00
1.105132267893725428e+00 6.357308168032421714e-01
8.670941997672990675e-01 6.222790382565788689e-03
5.383247708323420921e-01 9.674825169355524279e-01
1.001563429854739784e+00 5.229741589746572661e-01
3.160787782451286894e-03 1.995412509711999460e+00
3.851528310977702652e-01 5.957887799467476153e-01
1.232255846723748549e+00 1.346044179837733168e-01
1.879148692151926814e-01 1.286106907793226117e+00
6.850659369855573999e-01 1.047602547595078093e+00
1.629819979510089611e+00 7.750353863405864407e-01
2.545374967680046896e-01 1.066032880656811566e+00
3.657617290315789416e-01 1.015795099465413687e+00
2.941206486816399401e+00 2.402379307977757339e+00
5.125615848987840062e-01 7.485355930611090614e-01
6.173244859650333094e-01 1.488557720211266977e+00
1.937430169004735081e+00 4.988253334382266452e-02
2.072993886895392990e+00 1.039528926732870673e+00
9.427878461333666360e-01 1.067987621290798161e+00
2.618770811156065914e+00 2.021163064756455796e+00
1.570889957750686277e-04 6.737953355439557646e-01
2.469875415837395269e-02 1.243643913193934608e-01
5.534489704282932188e-01 3.380168486608396528e+00
3.009260891356389411e+00 8.265801096365886780e-01
7.146703477134951077e-02 1.067566619329740202e-01
1.794793917582595266e-01 1.063319990008432941e-01
