-2.915236390637874347e-02
-2.844428148874588169e-01
-1.619703503960719104e-02
-3.984459531865298665e-01
4.839475110891188203e-01
2.805301417154099086e-01
3.727522429519170011e-01
-7.890646794063539415e-01
-1.178847780497573883e+00
4.935780081206824210e-01
2.746860788703514022e-01
1.231827470963394733e+00
-4.257481911052571899e-01
-8.439609816989940283e-01
-1.975355825137839472e-01
-9.702738016291567735e-02
-7.044174569335247549e-01
-1.497024380765666352e-01
4.795817046024315466e-01
1.224480778413777615e-01
-8.713400718258100808e-01
1.371910256205439438e-01
3.308659943925607722e-02
-5.003494263892382249e-02
2.337490334291908792e-02
-9.055524701224655360e-01
1.775029540070433010e+00
8.605402402404595252e-02
-3.726978676551946645e-02
-1.203494309673553142e-01
3.654891026714353064e-01
-1.790566711960234758e-01
-6.809072972393556689e-02
2.574229342542227461e-01
4.489894463067259367e-01
-1.020994503940249931e+00
-1.849535436956120105e-01
1.157374548704616979e+00
-2.624160980233639084e-01
2.538071030648854642e-01
1.207753816143767311e+00
1.454333799524015314e+00
8.360765462991042174e-01
1.312437463226083234e-01
1.152888785379129616e-01
-3.118412212920039783e-01
-7.689107225734053142e-01
-6.843810808869279505e-01
-2.837861971608906034e-02
1.115445453432797468e-01
2.226261775481539751e-01
2.452212908818980977e-02
-2.838281453496514506e-01
-2.890714649775621425e-01
-1.372681562682172673e+00
-2.054664210709200231e-02
-1.616945270722425498e-01
7.163860754712673973e-02
1.708426341777826707e-01
-1.463622193700129248e-01
-1.909442480205390535e-01
6.846003990530099559e-01
1.798868575918278478e-01
6.530656998234928290e-01
7.435928568645028269e-01
-3.228893733624800255e-01
3.408764901106165479e-01
-1.422369955027105448e-01
-5.245836395951442022e-01
-5.985531217485925426e-01
1.672507795311271583e-01
4.101681163776372402e-02
-8.745132551852062841e-01
5.040939380565506722e-01
1.665363371380425006e-01
-8.862697807363487112e-02
-1.341418269259274099e-01
-1.769865202817637873e-01
2.649641102386385838e-01
1.532340946164290063e-01
