3.039666661352499744e-01 9.523850531399967734e-01 3.445950026290842821e-02 1.243344447258812213e+00 3.962795594536595800e+00 1.849780486485310890e-02 7.416832004847924951e-03 1.826455938357818498e+00 2.466953851573799785e-03 1.020091763917431622e-02
1.699223823409450551e+00 7.774058048764042050e-01 2.882842766774784682e+00 1.215413611989799580e+00 1.033546967181104941e-02 1.283241518349407473e+00 2.105239392905994045e+00 7.893200605801514724e-01 1.229859615490630720e+00 1.901842901231906233e-02
2.344168801757154696e+00 2.698881369114117579e+00 9.263749073809219095e-03 1.739035993128241087e+00 2.766181582731462640e+00 1.184556198773889069e+00 1.346465868034733671e+00 4.020005445565334234e+00 1.227365811912222604e+00 1.383591802087325684e+00
4.246259448639452816e-01 3.175014426761849862e+00 5.670945607745108141e-01 3.086365860182176846e+00 9.942128701779356925e-01 5.151931807421648024e+00 5.257527939880219936e-01 6.700168010961240483e-01 6.679195287506263512e-02 1.654793485533843533e+00
1.855727949844357516e+00 3.643826377750783330e+00 6.867929419395739643e-01 1.381675434171193359e-02 1.421264157231297620e+00 3.506783042798408776e-03 1.456553898450820839e+00 2.590101648686056635e+00 3.393900555811381281e+00 3.442399065453233931e+00
2.384665653334451518e-01 1.251734924626628567e-02 8.618004899600798518e-01 3.783808026590046447e-02 1.204959140275815521e+00 6.424269698057558653e-01 4.139514128234668133e-01 2.849927622624182533e+00 8.602308948593659910e-01 1.101082245804914156e-03
1.025695821270557584e+00 1.771286768747181162e+00 1.160527831218083117e+00 1.667741645492002434e+00 1.882181187343324513e+00 3.662256113118163459e+00 3.724737183624542980e-01 3.255830035536553702e+00 3.577460884088675463e+00 1.001961054531648410e+00
5.770202072130556914e-01 3.634488981054664336e+00 1.747192933330050674e-03 2.483542222491059270e+00 1.434638292369339485e+00 1.241432005120158388e+00 8.236335381758569385e-01 1.358419443682415684e-01 1.968115943783613098e+00 1.448632300185722199e+00
1.675678492310313628e+00 1.195644579933936358e+00 3.197783067570975080e-01 5.006105643459324739e+00 2.756507553931894616e+00 1.191056292456680765e+00 2.719410270496556592e+00 1.290904447430860254e-02 7.934140316876926446e-01 2.623946717439282761e+00
6.959333429156686589e-03 3.644800181982970066e+00 1.372500487372906594e-03 2.730515657716644728e+00 7.484284156682941003e-02 1.320135297564062782e+00 1.041837165204646976e+00 8.791659600965895383e-01 1.140122626788466542e+00 9.984971844842241775e-03
1.433583822286979226e+00 4.820054252261973815e+00 5.064074726127028026e-01 7.834147448713361106e-01 7.363379583287027463e-01 2.546894775907871722e+00 8.433493747009402908e-01 1.107062157717605411e+00 3.812554645766451714e-03 1.732162439255135578e+00
3.045542387056253020e+00 4.517281064840548588e+00 7.100675471766149105e-01 2.901422254986153748e-02 1.629935651183755496e+00 1.437353121605635942e-01 3.414781482845026962e-03 2.904235653408993478e+00 1.097001756634388592e+00 2.596934734711448645e+00
2.361764935610392246e+00 1.346554028457263907e+00 7.310442874190893336e-01 2.492833372673021408e+00 1.558772439453425191e-03 7.755727479249470147e-01 2.058122509088274599e-01 4.211086097305322795e+00 2.695011157291493653e+00 2.446224911862183049e+00
2.562868076026234183e-03 1.290535829471640694e+00 3.003734645578588047e+00 2.606025870884324802e-01 1.843445965790439178e+00 1.825238922935359831e+00 2.437580883728323933e+00 1.207135073074201009e-01 1.537161906986774240e-01 7.887394995159187072e-01
7.133195681806709931e-01 4.213056603282476671e-03 2.120916252775959798e-01 1.774316501296704374e+00 1.495355401326035949e+00 1.369934052547439496e+00 3.573058190262212719e+00 3.520790913160770294e-03 3.475389649977659978e+00 2.759036961906357721e+00
2.298605939134578113e-01 1.596155742585276371e+00 1.629904814548651215e+00 4.053407167752016704e+00 2.662859673856288634e+00 1.012750195384725382e-01 2.510204623592346529e+00 3.399338981917264090e-03 7.407607481765656754e-01 2.801877023547162171e+00
2.737194667507842460e+00 1.584037860723631397e+00 2.514242691045672995e+00 2.834173724621391166e+00 2.264384684957585492e+00 3.142160102033092262e+00 5.419134999069953607e-02 1.089225102772132470e+00 1.391709558155866500e+00 1.960422045262720570e+00
2.072754807845785141e+00 2.634283304498254985e+00 3.016983581064106024e-01 1.151535335240340130e+00 3.819173402064842016e+00 3.234853853099527221e+00 1.592285591092331254e+00 5.162687020666480685e-03 1.516434854442284097e+00 1.598919265025304570e+00
2.932175200883932131e+00 2.874006202095269025e+00 -0.000000000000000000e+00 1.387256087460422505e+00 2.230380953401283062e+00 5.272725657040356673e+00 1.804430930700392954e+00 1.325966382251773457e-03 3.555869758356040577e-01 2.635596491229263094e+00
1.488125713851916165e+00 3.463076219120457822e+00 3.914059530104297968e-01 2.158967885520552521e+00 3.539443680216184607e+00 3.825379035675640527e+00 1.191467097006105424e+00 9.699181741067033347e-01 1.156162766283722165e+00 2.341925237250543468e+00
4.490222575388927773e+00 1.982992204863562646e+00 1.562507843397822338e-01 9.889531201376851044e-01 2.636133390795122544e+00 1.561249634600962999e+00 4.599620335920548975e-01 2.789468103660460052e+00 2.099289836670026332e+00 2.406072646065621878e+00
3.617181351858249183e+00 1.014128015890208179e+00 -0.000000000000000000e+00 2.206813357877967618e+00 3.404379412102949587e+00 1.702711127462849028e+00 2.262545859898402512e+00 2.474055058084008718e-01 2.791732351850837013e+00 1.151501170756264125e+00
4.776766063476345706e-03 1.605186581884248120e+00 1.168302297998756499e-03 3.209254941973308295e+00 3.045804542092639178e+00 6.040259718117355625e-01 2.046888961692214348e+00 2.161843055625622512e+00 4.646778143785312287e-01 3.006186494579799806e+00
-0.000000000000000000e+00 4.624780858654007898e-01 1.383522259442062641e+00 3.518751784412081030e+00 4.012933099368282130e-01 1.062624781968567023e+00 2.077470560693061685e+00 7.399119610809106184e-01 1.893761750436097957e+00 1.565422366462038806e+00
3.619534906819022346e+00 1.062246446189508031e+00 7.997258666053426168e-01 2.671772404551072455e+00 8.134107056650748957e-01 1.501047060125585642e+00 9.942199656630615889e-01 3.234538264236476834e+00 3.070575568868322502e+00 2.982817791504786431e+00
8.614006801404493485e-01 2.043239793551904881e+00 2.169289601629151409e+00 3.669594787013836790e+00 1.331471214438926021e+00 1.808709475781029863e-02 5.297529571837418239e-01 2.758680952917039519e+00 2.710145420889337409e+00 3.593673749861459932e+00
3.363580116395710473e-03 2.277106277236090326e-01 5.993347250164231775e-03 4.192260069860698657e+00 3.560321005746221613e-03 -0.000000000000000000e+00 9.670217707745828450e-01 3.863868523771708092e-04 -0.000000000000000000e+00 3.099570400472669626e-03
4.255465642704652136e-05 7.285511101707914383e-01 -0.000000000000000000e+00 6.094632464833869001e-01 -0.000000000000000000e+00 2.686019542865799359e+00 1.055137559267698366e+00 3.214349051930668125e-03 -0.000000000000000000e+00 -0.000000000000000000e+00
3.932938952211645876e-03 1.644135696934804880e+00 1.988977229111383860e+00 1.079981959036200534e+00 1.451609790078604689e+00 2.110072852968964074e+00 1.873004640738439530e+00 6.818546015421010908e-01 3.882409882727441364e+00 7.302900173136261941e-01
1.686093995997309580e+00 7.669801841336898983e-03 5.027954314150300252e-01 7.875012311383637609e-02 6.689790181066529451e-01 6.426346723949012164e-03 3.026911609788200064e+00 7.320211555009176196e-01 1.130456880434995481e+00 8.019883088071763644e-03
3.693891752903165404e+00 -0.000000000000000000e+00 5.841337961223961317e-01 -0.000000000000000000e+00 1.427635877138020648e+00 -0.000000000000000000e+00 7.594799474526303662e-02 1.122387435337364328e-03 1.510878438068998797e+00 -0.000000000000000000e+00
1.771310790199047913e+00 2.855622205500432997e+00 1.601432717968595432e+00 2.795578804818364738e+00 2.234946126207338225e-03 4.140932178306503189e-03 2.514522287880524565e-01 2.102280303262642924e+00 5.335151190182435554e-03 4.335897118581875098e+00
2.461466345864170346e+00 7.494419188717251767e-01 1.746483754242523334e+00 1.752279943749561197e-01 2.631991877373247579e+00 1.178823940856942087e+00 5.694461797500781179e-03 3.399684926768393289e+00 1.065456559514691148e-01 3.252387732944804544e+00
2.040747718640016473e+00 3.646129607052148280e+00 1.142090095961934670e+00 1.523266639027049285e+00 8.515623501567803899e-01 1.051207215938264383e+00 1.851771170886288731e+00 6.406012456100122938e-03 3.350213018113227026e+00 1.826618612512394435e+00
3.411736460577184715e+00 3.304170729669609674e+00 6.711979982012290513e-01 1.276970645673323412e+00 1.599617168418749236e+00 1.638681423516580304e+00 2.211484638560881955e+00 2.721060699277467965e+00 1.000642039148956997e+00 7.287668561626498009e-01
7.690998430951275638e-03 8.304855697055734121e-01 2.156325601006398252e+00 4.888969340314717332e-03 3.252917892585461157e+00 1.456949901326271446e+00 2.130692053019644039e+00 3.517358203407454642e-01 4.374885435806529221e-01 4.774736670700183705e-01
1.159962847703592592e+00 9.409777337635147898e-01 8.385350758137184446e-01 6.851136172686535068e-03 3.511163044539777456e+00 5.502379499586382394e+00 9.535538180280664911e-01 7.544855489141956140e-01 8.164450620521680442e-04 3.803861560741464309e+00
1.608299264505801407e+00 1.287749708744274635e+00 5.678950066295175396e-03 3.640281972539172184e+00 2.068096473343832287e+00 1.387276741796340633e-02 6.404137016364196307e-03 4.225507383660862537e+00 2.972123618878436905e-03 3.057279333607652916e+00
2.687796702068306232e+00 3.100168670748105204e-01 2.829531407181927083e+00 6.104845337907781853e-03 9.341258428991566776e-01 2.798239206022397618e-01 1.350936682899881447e+00 2.045224983886984482e+00 2.302120124294506187e+00 1.498280113312084660e+00
2.178503251900484883e-03 1.711309031271275538e+00 3.540068899034571892e+00 1.558085816654879441e+00 2.184753811394778644e+00 1.103264980633560599e+00 1.249012799086450937e-01 1.334514932995684369e-03 5.767015337250535126e-03 -0.000000000000000000e+00
9.466258583113883185e-02 1.461939602815518713e+00 4.404073595522252707e-03 1.857636442997100845e+00 7.138252565577587680e-03 2.974167381017530642e-01 3.318036271872918608e+00 1.444183120553373723e+00 5.370154465789548359e-01 2.755476029862007417e-02
2.806480562747017959e+00 5.517417307281560213e-01 1.980363143540541104e+00 3.836539855840700231e+00 9.589366997523876002e-01 1.631625673333296778e+00 4.091161509750494418e-01 2.527598790576442322e+00 2.164107887167749045e+00 1.789057319935406287e+00
4.672289852357900015e-03 1.688516520915417374e+00 3.053009958424486747e+00 1.180937313556928325e+00 2.202938953250503040e+00 1.834715138904827181e-02 2.091172578531374171e+00 6.219101514514090434e-01 3.873985070372590930e-03 1.275327373855526976e-03
2.324821445834985567e-01 4.963291355517251424e-01 3.688892507009565502e+00 1.415995936704715352e-01 1.553167718895918759e+00 3.158917630330782596e-03 9.726716281563309030e-01 4.261405868750212989e+00 2.768991032948639130e+00 5.168129971467640138e-02
2.703103772185158071e+00 5.994353283635124076e-03 1.482725246652677908e+00 6.475327933568738592e-01 2.492813926943205693e+00 3.258839126162430322e+00 1.926049795284692889e+00 4.570930765135565454e-02 1.128711965826983965e+00 1.826704682290655635e+00
2.634794846036328853e+00 1.701928588340324566e+00 1.691922105359459083e+00 2.735508754133890275e+00 2.085333612260837466e+00 2.677063291504179432e+00 1.744433382755324275e-03 6.744625212185803020e-01 4.055424745116247842e-01 2.884708830505488653e+00
1.114064884829663211e-03 -0.000000000000000000e+00 -0.000000000000000000e+00 2.001536826885486509e+00 2.813312187969078115e-01 6.048557057125472300e-03 5.950359451888332929e-01 3.041318910532547104e+00 1.148971759113220914e+00 -0.000000000000000000e+00
2.529944171150869114e-01 1.153352511373486822e+00 1.016028619477451933e+00 3.811330090659616143e+00 5.141177133187107007e-01 1.401046795434776504e+00 1.140863837983059570e+00 1.930507443469023032e+00 -0.000000000000000000e+00 2.019700638126515901e+00
1.729359911317219556e+00 6.186234364483774589e-02 2.465542176929378826e+00 9.494520720821961191e-02 6.956450523992507851e-01 1.014971614920928245e+00 3.845739094627018389e-03 4.112451540048960297e+00 1.133992325468211382e+00 1.327508651616803093e+00
1.036129166566627013e+00 4.409910171434510209e-03 7.435662725243301630e-01 -0.000000000000000000e+00 -0.000000000000000000e+00 7.770745691049603110e-01 3.536501157201538792e+00 1.209765619354463473e+00 8.422864124295219579e-01 -0.000000000000000000e+00
6.478008333657210745e-03 4.822351271599927686e-02 2.852099388554596882e+00 1.002613721405454905e+00 4.496455822598147023e+00 2.363350126108116456e+00 8.725263381967713894e-01 2.993791581551126513e-02 2.098803220393830882e-01 1.989684062605582726e+00
1.290890518485540817e+00 4.811801472863368456e-01 2.696491012620264804e+00 6.756892025555832904e-01 8.126228234489232261e-01 9.712049701516067834e-01 1.832381388426506108e+00 2.910231567981176770e+00 1.935751444355040318e+00 -0.000000000000000000e+00
2.255725286493809989e+00 1.410235607119093793e+00 2.298568005942384751e+00 1.068740929338502621e+00 2.289986764903909844e+00 3.604718060190286177e+00 2.902487851378597883e-01 8.459664868981543462e-01 8.220929926455762260e-01 6.937133787264890272e-02
5.832761988534494388e-03 1.177926561842853326e-01 2.929306057997058121e-01 3.015566414606857433e-03 3.459706068114546618e+00 6.242911166405369812e-03 2.267418716650947564e-03 1.146813781278359423e+00 2.401988067081963329e+00 3.730945769967773717e+00
2.046382572425681445e+00 3.684062058756014668e+00 8.356607985867100519e-01 7.837415568433608870e-01 2.693793397424026903e+00 1.572271976000663152e-01 1.127962396047310634e+00 2.207007741551004987e+00 3.226340616416838003e+00 7.387598109150318448e-01
3.093045802417943690e+00 2.050031340681213177e+00 1.196770261225687193e+00 2.057788709941252403e+00 9.109296267042917838e-01 2.273121055046371519e-01 1.490303503188449508e+00 1.769713985625970931e+00 3.394674415607434881e+00 1.678899948921028562e+00
1.620373825694016778e+00 8.721290859911831062e-01 1.502175866885626342e-03 3.765652265529206844e+00 4.696918108362581279e+00 2.509880642240953197e+00 2.276394322772469447e+00 4.392284409222094188e-05 8.890136283070670942e-01 2.819399595025204430e+00
2.716969115537259082e-03 8.098717678113424856e-03 3.475458407579369524e+00 9.701583310943081564e-04 2.306271954262486545e+00 2.749481099314378570e-03 1.115836676507562381e-02 6.045541310892660336e-03 5.153529831349151769e-01 5.103454086700389691e-01
2.383987341047370201e+00 6.716563980522737287e-01 2.613066339946395367e+00 1.102060704956505210e+00 3.293007002883870382e-01 5.497278324757255419e-01 8.477977547432535843e-01 3.910193307152455944e+00 4.036571103748405887e-01 4.812569458782011700e-01
4.225645079630253598e+00 2.827081510311905355e+00 2.908088158089336406e-02 2.158677500557098838e+00 2.682510696619058808e-03 2.938495258774780794e+00 4.233059027427825693e-01 6.163490041024631827e-01 3.668937204422615395e-01 2.747010890302153729e+00
2.743098122603683797e-01 4.172251841684352591e+00 4.392076198709773428e-03 8.638219410855475511e-01 1.089496325959081968e+00 1.225447022934890828e+00 8.744661901475731663e-03 3.334454081344059073e+00 6.481862892189466747e-04 5.114475137800431614e-01
4.001798277199132059e+00 7.684298937872687807e-01 1.202900962711001220e+00 2.358311651657517771e+00 1.963475970853769903e+00 1.445373405278179035e+00 1.052084171226247422e-02 2.648034966781764865e+00 7.884857178772705297e-03 4.300902796860842869e+00
2.193177220302704011e+00 1.071770930439416292e+00 1.530906860737034636e-01 2.021253623095101926e+00 1.196458882604675811e+00 8.617210084472889942e-02 7.143694387990080514e-04 1.329158108595231758e+00 1.417124071890636383e+00 5.806623470056571534e+00
3.048830099224501655e+00 1.719326395598258728e+00 2.561916045403030306e+00 1.444826665196685678e+00 1.634445595094517496e-03 1.543369830120917996e+00 7.275304701689170317e-01 1.045236187332046596e+00 3.513004002585837782e+00 6.154052432496887395e-03
7.081029052351391420e-03 3.727654826845050711e-03 1.450510242146799047e-03 2.421495732764785119e-03 2.104534718036080165e-03 2.884828606813396146e+00 4.418720596550121914e-03 5.825818354231521905e-04 1.854393556082911676e-01 5.515232834009337060e-01
2.694045007833469896e-01 1.031307634608194856e+00 3.445790717643482104e+00 1.027133686824216019e+00 -0.000000000000000000e+00 4.821245627028021563e-02 -0.000000000000000000e+00 1.238356081222924399e+00 3.372816095927820834e-01 9.835472843507185592e-02
1.313504051928976901e+00 9.375386673666740167e-01 4.552869286995429032e-01 2.393896451543966908e+00 2.649135559242425497e+00 2.722087814492716973e+00 3.185231559280735869e+00 2.384299214491319152e-01 1.088763871119341919e+00 2.672615181140623353e+00
8.254564197599334463e-01 1.695724907494433165e+00 2.756502419247472524e+00 4.191311721606309076e-03 4.129098307562170667e-01 1.244234261331306435e+00 9.057305540109653053e-03 1.206701968288721005e+00 3.557236569071105858e+00 6.473819855781793864e-01
4.063172899625139500e+00 1.026773615500072359e-02 2.342709492244123393e+00 3.881397566256854503e-01 1.427780023267884342e-02 1.775976907042795094e+00 1.041946975352003001e-02 1.935814038086537941e-03 8.967924809606024963e-03 1.252553306376028797e+00
4.806068912729702269e+00 7.196220368229006882e-03 -0.000000000000000000e+00 4.248270592877902097e+00 2.402230551632873023e+00 2.925518094498610555e+00 1.779366246890144998e+00 4.049281283706691013e-03 1.364339601141915104e-01 1.855189080301340887e+00
2.697226392716314702e+00 1.347311513062325661e+00 1.209955613908135453e-03 4.034398347717335298e+00 1.292931498125217349e+00 9.173382094621469474e-01 9.537511288404936227e-01 1.378810908847753147e+00 3.077648862228338889e+00 3.346152845863342051e+00
3.904040217596024265e-01 1.696064638060488683e+00 1.526343369659926452e+00 6.182457925401986243e-01 6.894867866742371287e-01 1.926206135853226975e+00 1.354444294042770114e+00 1.413152662725559505e+00 3.574940970759767467e+00 2.172718174182178608e+00
2.576559407136416180e+00 1.741453124058458757e+00 4.108968149790420910e+00 3.710595627715687628e-01 4.760928361158629253e-03 7.108141790635292834e-01 4.069607256005075557e-01 1.482927722349266508e+00 1.040586495210028772e+00 1.368555829433724114e-01
2.014864981123420593e-02 2.928960685830164667e+00 3.607565964357922983e+00 1.147125888795571353e-03 2.541498295798229279e+00 2.300301269076453270e+00 8.610254302772274437e-02 3.193010396031388698e+00 9.135791517011804252e-01 1.317887656670061608e-02
2.132404634500262297e-03 4.700981542354628395e+00 2.228614973580656054e-03 4.699008533679941979e-01 1.749485434573410172e-02 4.247279511351297110e+00 3.686311305843653196e-03 2.802355447719098169e+00 8.295160906839566591e-05 2.995407248027909031e+00
2.799087120592382405e+00 3.876560909796297194e-01 6.723894387315292320e-01 3.035215793340582113e+00 3.174994992714800901e+00 3.386168256090785089e+00 1.731455488567819057e-01 1.308809601969911363e+00 1.112734094233494044e-02 3.942041605668393789e+00
5.719186105435591048e-04 8.051841322409777901e-02 1.767592363512064972e-03 1.188622387219823683e-02 7.284126002745082706e-01 1.178432652840068770e-03 4.551535051359499207e+00 2.745290239693412744e-03 4.788068981256656254e-01 1.179695299862296487e+00
1.187099998199699948e-02 4.745353274601998850e-01 1.198091237738533765e+00 3.119531548015890721e+00 3.355452167038119438e+00 2.445060655067860661e-02 2.997505419549693517e+00 6.894548960254633097e-02 1.757100974662810566e+00 1.427010853955424707e+00
5.267601584771369749e-01 2.423813513293461064e+00 6.554520216803673416e-02 5.559520763955702050e-01 9.077832882998100941e-03 6.140038963698450040e-04 6.640315353739074666e-01 5.313392654571371665e-01 4.512924614401909729e+00 1.551116878993627601e+00
2.189825623812391431e+00 3.535415933927767984e+00 7.171531925168097565e-01 1.916334629043398685e+00 2.269684343213591582e+00 3.422701389360548241e+00 5.184407033014245547e-01 6.380477883109388904e-01 1.199656345575200955e+00 2.768898094741560900e+00
1.223279266364298623e+00 1.497900571877747722e-01 1.703701816873687491e+00 4.432043020117449883e-01 2.868294753285331566e+00 2.449447836555427305e+00 1.229920271979309865e+00 1.628834675251768394e+00 1.228387875811805419e+00 4.401765564929803531e+00
