-1.023750768469742362e-01
2.490672654172198242e-01
-2.841376338705932647e-01
4.209126610018479320e-01
1.071169100005974623e-01
-2.524382821320870218e-01
-1.916319798482688797e-01
-5.408127106622760971e-01
6.996223274140587201e-01
6.828823510049223389e-01
-1.305599093608847405e-01
2.558744054808988477e-01
-1.174239607485795034e+00
-7.728699236111079285e-02
-1.791199478080430507e-01
-1.017136119650518644e+00
-1.201669527967155759e-01
8.376539182858570853e-02
3.074212336451532801e-01
-2.407034225406372990e-02
-8.998863949257551731e-02
-1.060154628374125330e-01
3.992008484991096395e-01
-1.858508054224128625e-01
2.205492080212279049e-01
-1.022080726277700968e+00
-6.734596087582365165e-01
1.787089262905464382e-01
3.711105346733502564e-01
-4.192334228031671661e-01
-3.738686707096287587e-01
4.274207077537247462e-02
1.003010594627439245e+00
4.360013027537695263e-01
3.563282983119149816e-01
-1.162934155490467636e-01
9.941163308423882350e-02
5.200121336428817909e-01
3.158329904212219819e-01
-1.492567966823231951e-01
3.507569534308013076e-03
-6.251894201627035130e-01
-1.165985130022195060e+00
-5.865467230858248948e-01
-6.177627542757665458e-01
3.135847471430314864e-02
-4.075572060199262880e-01
8.819468709706383691e-02
-2.757836880569841109e-01
-3.759946365994364936e-01
-3.632223800401305353e-02
-1.910629831693442804e-01
3.401607452374389995e-01
8.567695599184024791e-02
3.958621229532471864e-01
-3.888682605678416282e-01
-3.247946312326547846e-01
1.485319251317924472e-01
1.268498462762804035e-01
4.075348984390816942e-01
3.913370370873823778e-01
2.632967635060976530e-01
-1.431283545168723637e-01
-1.842477342150928010e-01
-3.058910400380992489e-01
2.495336105337166155e-02
-5.612974655547890990e-01
-2.043553465266229607e-01
-2.034446053268018362e-01
8.500508152510288839e-04
5.536633686534281340e-01
8.471055743702610163e-01
5.108646961794935382e-02
-4.097491975651233742e-02
-3.138521817529347224e-01
2.413733229486466347e-01
-5.170835378686952089e-01
3.942554240864240556e-01
1.625578651565137978e-01
1.415345017177121745e-01
