7.826278211218414826e-01 7.961221838998022715e-01 1.393164098114989535e+00
7.317410288120592687e-01 1.018985607081034084e-02 1.066712183012479276e+00
9.516660360833618659e-01 8.907545018293224759e-01 3.720669297800707764e-01
2.629230016785290558e-01 8.670009612651710107e-01 6.269983459959098671e-01
1.882449585593390373e-02 9.641130435111960884e-01 7.005522461452333705e-01
8.038775737810514022e-01 1.084614628790596225e+00 6.522973568456974514e-02
5.051281153486344433e-01 4.389792375636497046e-01 4.478568151210954307e-01
6.297188599644517604e-01 9.452242844748180994e-01 4.691943898115362721e-01
7.962713410009081283e-01 1.169159397958526414e+00 1.253275480337478869e-02
5.502672400287796917e-01 5.305453347904300898e-01 7.154629203196509746e-01
1.902600012150132414e-01 1.809667997641774884e+00 9.026230001823725146e-01
7.024598889779359867e-01 4.606331729272209463e-01 5.002427202438683267e-03
3.492721362400756369e-01 4.633322004541017836e-01 8.697376306976712934e-01
3.470934048121350202e-01 1.063934669890880480e+00 7.884770753459297010e-01
5.552674270931924339e-01 6.519601227310847236e-01 1.079269916221267250e-01
1.253990748887549911e+00 1.453658665212660406e+00 6.773621637996717348e-01
1.195812442316380952e+00 1.458803209827487457e+00 1.661584133170632471e+00
5.360011800035573842e-02 1.177785770152685318e-02 1.205463499404478611e+00
8.677782565366304324e-01 4.249009954333536343e-01 7.330562016410039350e-01
6.085286573537211918e-01 1.768308273695999577e-02 8.670725330483455284e-01
5.067070784771379177e-01 2.474430023307157556e-01 6.050307728414175967e-01
8.518650950884663064e-01 2.807349585898474831e-01 1.214237057239852868e+00
4.034074417760870612e-01 1.429763031642300675e+00 7.851359442584294746e-01
1.073491227218622779e+00 2.076587882621612202e+00 6.651595627692975798e-02
4.744460015711386008e-02 1.335242725330032965e+00 9.416246515442058262e-01
1.431058845751595809e+00 1.210264628202350368e+00 1.492219303368995220e+00
1.217423448783612638e+00 7.510230738089038738e-01 2.354159424146047286e-01
1.481675401796431091e+00 8.780803283821758676e-02 9.794098544294025377e-01
9.525699306421956392e-01 2.179372193277897274e-01 2.078271529237193160e+00
1.011634200291151808e+00 7.603059662312483535e-02 1.612061061294477182e-01
7.731514416655210775e-01 7.252142357675490647e-01 6.226269121685035213e-01
1.205793968614421008e+00 8.566205470814131084e-01 1.169485226233164976e+00
1.415187525438921234e+00 7.232689024853776460e-02 4.185338439809563327e-02
1.836608636402992656e-01 1.943014898532420709e+00 6.926982091341953307e-01
5.017541089987536118e-01 7.369127310081166060e-01 5.254473618161860093e-01
1.125034546330445195e+00 4.476974271294570373e-01 1.312983375828535415e+00
1.727590776500877334e+00 2.811594235638559813e-01 1.233829945498680081e+00
1.262000598672870622e+00 6.555724186137570353e-01 1.231807331422123841e+00
7.133687003016188077e-01 9.460716884357327494e-01 8.231490981645275262e-01
5.577371679986540265e-01 1.349748320926577247e-02 6.909651409620406470e-01
1.165365170080073787e+00 6.447111303629016188e-01 5.434074576344565255e-01
1.288516379779127918e+00 9.101372487408867507e-01 5.062122861781039873e-01
1.348795862114416488e+00 1.443749557578612563e+00 2.507344526767881290e-02
4.378210637021627827e-01 1.447736537737423168e+00 1.087188556112593130e+00
1.133327480583596447e+00 3.217221593072632779e-01 9.288897043261845621e-01
1.860110395923392571e-02 2.993336448286607054e-01 1.024217984910542389e+00
1.726212253773296235e+00 1.716191457940690501e+00 1.692265712038535597e+00
7.422743168466785502e-01 6.387910481578500388e-01 8.341764709580725690e-01
1.071027753636959234e+00 1.430328247006625642e+00 2.262849095471945460e-01
6.877476274383145238e-01 7.833289387574575713e-01 1.190039628716976550e+00
1.662349292473683585e-02 1.630169279335971777e-01 1.389321670700925049e+00
1.364234360223693932e-01 1.496113660141609625e+00 1.770115449437570154e+00
2.323006733461590034e-01 2.086235740843515707e+00 8.848485088425540601e-01
6.332126524707345494e-01 7.175398821330833954e-01 4.737788864000708200e-01
1.232111994174611258e+00 1.422413372693703548e-01 1.596368820456113280e+00
7.185065203460607730e-01 4.442647413806188883e-01 7.447673395539323726e-01
1.724814359833640509e+00 1.476389100077019734e+00 6.281359134324655535e-01
1.384276402737375067e+00 1.205169053244623950e-01 7.130942718429995608e-01
5.659806271711602665e-01 9.273160855185891283e-01 9.219515061819048007e-01
1.024894704138449741e+00 1.210711236593748241e+00 8.699593341965546900e-01
1.293174260923441246e-02 1.336803395187249777e+00 1.978718820260812139e+00
4.441589371233056194e-01 7.183553355227565440e-01 7.114617172239173608e-03
1.386390683871936647e+00 9.613227483852513841e-03 1.373331815922790744e+00
1.627663518200255233e+00 1.679734122092079590e-02 7.019140092554898569e-01
1.025791511699029712e+00 5.978459825759164792e-01 3.507547072004008754e-02
9.855726707026395417e-01 2.036123503943731428e-01 9.819352056790020544e-01
6.973812084511165077e-01 1.243800821246563881e+00 1.554972871051809868e-01
6.925703258213056213e-01 1.090875295542794721e+00 1.143422579295397368e+00
1.033348911927271185e+00 4.857373336555468879e-01 1.004479335230219927e+00
4.901984833025627153e-01 1.157425755038019366e+00 1.012881685459660237e-02
1.139059069964282189e+00 7.066784316803655930e-01 9.502234498805292029e-01
1.595724016923207866e+00 1.140729939193853681e+00 5.142319714204178771e-01
2.448280639477709020e-01 7.125165269563784598e-01 1.043911856027182283e+00
7.148028712494056691e-01 7.114189048207864019e-01 1.464358459736397222e+00
2.534661648048907701e+00 9.287164331093411551e-01 2.421036088512793949e+00
6.039165720235130097e-01 1.459712649119941474e+00 8.725600008407436992e-01
1.484897426264559506e-01 5.995971007814193676e-01 1.304190992440886099e+00
2.602886276211492655e-02 1.440908566142653779e-01 8.565424962345299376e-01
7.843962086217245444e-01 6.288214142744078528e-01 7.954912259263470231e-01
1.420301623495114907e+00 1.037755889026013706e-01 5.032272698873555550e-01
1.482938667587853088e+00 3.979699997848688553e-01 5.793885981889738135e-01
