8.700180034841845100e-02 -0.000000000000000000e+00 8.890634232726938313e-01 9.469013466725316464e-02 4.393525856660801532e-01
9.089135305599317259e-04 -0.000000000000000000e+00 9.097334116929364223e-01 -0.000000000000000000e+00 4.151918755536097017e-01
7.338376078752961718e-01 3.494413910060363282e-01 -0.000000000000000000e+00 5.325377866435069274e-01 2.361706698903662804e-01
-0.000000000000000000e+00 3.032710285711981979e-01 7.272825977396599750e-01 6.157001756166869955e-01 -0.000000000000000000e+00
-0.000000000000000000e+00 -0.000000000000000000e+00 6.045612145139495075e-01 -0.000000000000000000e+00 7.965586845332982557e-01
4.193156148950910045e-01 -0.000000000000000000e+00 9.078405229472583660e-01 -0.000000000000000000e+00 -0.000000000000000000e+00
-0.000000000000000000e+00 8.201345907852223283e-01 5.634117576626068713e-01 4.697089474323457720e-02 8.797828920880287895e-02
-0.000000000000000000e+00 3.125021606710803174e-02 9.995115927270472600e-01 -0.000000000000000000e+00 -0.000000000000000000e+00
-0.000000000000000000e+00 9.430610116904619700e-02 8.321792021241757320e-01 2.291060100884252937e-01 4.960791982895736973e-01
0.000000000000000000e+00 5.251720363973336747e-01 7.371852264117446929e-02 7.682425781338739768e-01 3.585571819781315228e-01
5.716830411351568886e-01 4.095008997662052952e-01 -0.000000000000000000e+00 7.109764507437371650e-01 7.547522896531684480e-06
6.776214706472138971e-01 -0.000000000000000000e+00 7.354108664671109574e-01 -0.000000000000000000e+00 -0.000000000000000000e+00
-0.000000000000000000e+00 -0.000000000000000000e+00 9.928375416516610485e-02 9.950591621400564080e-01 -0.000000000000000000e+00
0.000000000000000000e+00 9.218186108586079452e-01 0.000000000000000000e+00 3.876215276203146542e-01 0.000000000000000000e+00
5.695050305791277134e-01 5.713957073531238801e-02 7.410719840182525830e-01 3.510148203488022700e-01 -0.000000000000000000e+00
3.574574754780801555e-01 -0.000000000000000000e+00 7.563755110023452355e-01 5.435144884123738196e-01 6.864576073301591197e-02
8.291237648816884853e-01 5.590650965581371867e-01 1.785652113520519305e-05 -0.000000000000000000e+00 -0.000000000000000000e+00
-0.000000000000000000e+00 4.968271186446360232e-01 8.503206879635974991e-01 -0.000000000000000000e+00 1.735440629937623769e-01
-0.000000000000000000e+00 -0.000000000000000000e+00 9.686178283408485301e-01 2.485548281974395146e-01 -0.000000000000000000e+00
-0.000000000000000000e+00 8.171644797230569468e-01 6.463269935226286878e-05 -0.000000000000000000e+00 5.764045531582483450e-01
-0.000000000000000000e+00 3.191979745120897549e-01 3.216846429508509742e-01 -0.000000000000000000e+00 8.914211370373503751e-01
-0.000000000000000000e+00 -0.000000000000000000e+00 -0.000000000000000000e+00 1.085037678832787011e-01 9.940960377926930658e-01
-0.000000000000000000e+00 -0.000000000000000000e+00 9.356975453409429599e-01 -0.000000000000000000e+00 3.528032080961479022e-01
-0.000000000000000000e+00 7.855202224840610592e-01 4.546835668505512795e-01 3.598347358577018151e-01 2.161938874595431825e-01
5.327800600393496344e-01 2.652796111020944703e-01 7.389784124430166523e-01 3.157262128825972236e-01 -0.000000000000000000e+00
7.468709190561658717e-01 6.574568644930209871e-01 -0.000000000000000000e+00 9.967096668139475979e-02 -0.000000000000000000e+00
1.641490952046482654e-01 3.976910139176587644e-01 8.622632613330443174e-01 2.672059133850560042e-01 -0.000000000000000000e+00
-0.000000000000000000e+00 -0.000000000000000000e+00 2.508313392232993100e-01 -0.000000000000000000e+00 9.680308049145162075e-01
1.533027313186203777e-01 2.429003678730372040e-01 6.022623887733430381e-01 7.322963755103427674e-01 1.360871681711238457e-01
-0.000000000000000000e+00 5.024530136621164766e-01 6.506025314958092665e-01 4.438625040985403336e-01 3.567119181194748911e-01
-0.000000000000000000e+00 -0.000000000000000000e+00 7.049707519220141938e-01 7.092363773344609879e-01 -0.000000000000000000e+00
6.049282038580438003e-01 -0.000000000000000000e+00 -0.000000000000000000e+00 2.110153874410369834e-01 7.678114185398587921e-01
-0.000000000000000000e+00 3.557527724894389842e-01 9.229511390869652443e-01 1.469733299757159661e-01 -0.000000000000000000e+00
2.920568178510697943e-01 8.030967174038243783e-01 -0.000000000000000000e+00 5.181155208968424297e-01 3.598311614775006467e-02
9.972620940550391833e-01 1.525005608184514666e-02 7.235849328488480614e-02 -0.000000000000000000e+00 -0.000000000000000000e+00
9.212236882574538488e-02 5.919485324198153764e-01 5.401137038029164561e-01 5.044929463880540865e-01 3.080169770271693475e-01
4.900639189723641209e-01 -0.000000000000000000e+00 8.214838338173675591e-01 -0.000000000000000000e+00 2.915504520630483043e-01
4.670479171397062257e-01 3.144602126787623964e-01 -0.000000000000000000e+00 -0.000000000000000000e+00 8.264266559940390833e-01
1.170265140009922877e-01 4.155054236235657950e-01 8.343454233057812086e-01 -0.000000000000000000e+00 3.428232089122221771e-01
8.114678475547332237e-01 -0.000000000000000000e+00 5.265057537090167550e-01 -0.000000000000000000e+00 2.535973653179159348e-01
-0.000000000000000000e+00 -0.000000000000000000e+00 -0.000000000000000000e+00 6.001931322677281910e-01 7.998551143667541607e-01
-0.000000000000000000e+00 -0.000000000000000000e+00 -0.000000000000000000e+00 6.197902348098726089e-01 7.847675227953325727e-01
4.795974185607543849e-01 5.774954639016027791e-01 6.606701929222139613e-01 -0.000000000000000000e+00 4.488508189930744087e-04
4.441208556876346525e-01 6.278184911067793417e-01 -0.000000000000000000e+00 -0.000000000000000000e+00 6.392187479788825621e-01
4.559231762748955918e-01 -0.000000000000000000e+00 -0.000000000000000000e+00 8.665458932713901996e-01 2.030573125743044549e-01
5.244521902439507333e-01 2.646427363212360273e-01 7.597803610244084904e-01 2.786537730990755191e-01 -0.000000000000000000e+00
-0.000000000000000000e+00 -0.000000000000000000e+00 8.832098714373833870e-01 -0.000000000000000000e+00 4.689779557671776566e-01
2.060517702416684860e-01 -0.000000000000000000e+00 3.764721354267036579e-01 9.032227849359936167e-01 -0.000000000000000000e+00
-0.000000000000000000e+00 1.448335688423074141e-01 -0.000000000000000000e+00 5.216486734981122808e-01 8.407769613720754709e-01
5.338635020964272587e-02 8.584218590703813767e-01 -0.000000000000000000e+00 -0.000000000000000000e+00 5.101586120820111869e-01
1.521502578010793527e-01 6.479989917264779020e-01 1.218578323335132432e-03 7.462882290639476501e-01 -0.000000000000000000e+00
6.352016636651257597e-01 5.063596117251448758e-01 4.833888509049102944e-01 3.262678199090428555e-01 1.821703391805361413e-03
1.226752962752136467e-01 2.010134896841959951e-01 6.745652667508522660e-01 -0.000000000000000000e+00 6.996470892829624866e-01
1.505229503712096628e-01 7.837630978459937392e-01 1.498632952394182705e-01 2.256980797398688843e-01 5.382003506205812471e-01
9.493078850836602633e-01 -0.000000000000000000e+00 -0.000000000000000000e+00 -0.000000000000000000e+00 3.143477999254776223e-01
8.368790722412543515e-01 5.242144913112158598e-03 -0.000000000000000000e+00 2.545540177009568139e-01 4.845701088940878032e-01
5.178095228797114924e-01 -0.000000000000000000e+00 8.554959368781861473e-01 -0.000000000000000000e+00 -0.000000000000000000e+00
3.063508030113623049e-01 1.986852529704145331e-01 2.137574954008331918e-01 -0.000000000000000000e+00 9.060800676023827993e-01
-0.000000000000000000e+00 -0.000000000000000000e+00 1.000000000000000000e+00 -0.000000000000000000e+00 -0.000000000000000000e+00
3.504310690354234259e-01 7.183630314332971611e-01 6.009597498374197322e-01 -0.000000000000000000e+00 -0.000000000000000000e+00
3.753541100448485879e-01 9.194794542613926591e-01 -0.000000000000000000e+00 -0.000000000000000000e+00 1.169051977613100174e-01
5.687858053947909553e-01 -0.000000000000000000e+00 4.012120792786234569e-01 5.659123233046085000e-01 4.418764729585666351e-01
6.734379677607577053e-01 1.867849332212616065e-01 6.065409262895938847e-01 -0.000000000000000000e+00 3.790788797012451528e-01
4.141601875200907612e-01 6.109225635433669366e-01 5.417549379293082890e-01 2.408918279170038645e-02 4.014551767365364121e-01
1.551766915481413711e-01 2.673224138210387735e-01 6.198685857153393153e-01 5.072928458381235073e-01 5.127141761974103318e-01
1.454379247435143852e-01 -0.000000000000000000e+00 1.457855990917042432e-01 6.997363886810130662e-01 6.840784717409450488e-01
