-6.980593305900307799e-01
-5.667600228585991662e-01
-5.986332060520629939e-02
6.637182641185406240e-01
-1.368937868198625840e-01
3.373731558710706957e-01
-4.901332285388045884e-01
-1.078514842471512553e-01
4.221358519129048692e-01
-2.417851420256968142e-02
2.856410044224051425e-01
1.465874702431895805e-02
-2.506576647818490808e-02
6.230202089155658651e-01
5.309974877885652589e-01
1.403611267261077045e-01
-7.000000748757873037e-01
4.986416066497804112e-01
4.981139555360376003e-01
-7.231824941516641625e-02
3.362756935580714646e-01
-1.475671876955638728e-01
3.015326263015923325e-01
-5.971885118446870200e-01
1.190742367594831291e-01
-6.197961662192256194e-01
2.001842845757544065e-01
-5.881290336594530155e-01
3.545419436417955317e-01
-3.230531409979395252e-01
-1.111332394726401770e-03
1.352010455601484196e-01
3.250428854963290926e-01
2.794759454830489723e-02
-6.903397933971547884e-01
-3.130176862132377780e-02
1.993676708376069528e-01
2.497786590953745556e-01
9.399845904867870638e-01
1.036390376330019070e+00
2.138116279253455265e-01
-8.570028045241951942e-01
-7.748605972235479422e-01
-6.462558491303797004e-01
-4.436389989124946420e-01
-4.796479737856721437e-01
-3.083619704261922334e-01
1.559065111005543125e-01
5.737995408327403180e-01
6.669543392231869205e-01
-4.157264835508416856e-01
6.477080168603742694e-01
4.744608682446252446e-01
1.573033995841606747e-01
9.605144599616074474e-01
3.901968355492658191e-01
8.173388358128290399e-02
-9.468910992819162820e-01
2.372288234151158637e-01
-1.516787077890029700e-01
4.008273466018716924e-01
-6.004730154489126837e-02
4.401115723529407942e-01
-3.144785364086968293e-01
-6.022932054239245048e-01
8.344140728949543950e-01
-1.959320566030495481e-01
-4.962050264634196468e-03
4.012760359111817166e-01
3.614830965764242454e-01
9.570160242036675202e-02
-7.203697749616650992e-01
7.324668736070633068e-01
3.944676759801742094e-02
-3.310368655389968051e-01
6.527494617014094613e-01
5.951858434302053497e-02
7.917097505684222991e-01
-1.437279884028440091e-01
2.605325492546026744e-01
