-7.813357654137619290e-01
-2.630846285363328541e-01
3.824693316307006263e-01
-1.565834402430722916e+00
2.087894073476198042e-01
1.019313483317509705e+00
2.382070043621217881e+00
-5.799398302726683774e-01
4.472165960198174611e-02
8.371078562932517952e-01
-3.307030784833166481e-01
-1.996064100996769897e+00
-5.804215072757981098e-01
-1.203454961055301142e+00
4.424607336916062672e-01
2.640104348090976938e+00
3.303874842049229210e-01
-4.691182429521036090e-02
-5.639086455924783303e-01
-2.227385168265309190e+00
2.190516551524165578e+00
-2.322871855550301678e-01
-6.995821238969857081e-01
-9.439869396070843521e-01
3.563128346276335789e-01
-1.220355816154222284e+00
-2.545161523104921136e-02
-5.560277324179681013e-01
3.037625260538927563e-01
3.235804196591120618e+00
7.954979360285804324e-01
2.296509145294044263e+00
3.489590452433069423e+00
5.928725854168273024e-01
2.434951223373053697e+00
2.419985475540343059e-02
4.830260971183019114e-01
3.644916871681355142e-01
-1.642414867237342646e+00
-1.701358312593944433e+00
2.794077639619060527e+00
3.816723906446634285e+00
-2.150994436123565279e-01
9.790294360037327115e-01
9.105406097184097769e-01
1.394320889756318183e+00
2.371984087392833840e-02
-9.546813076436566625e-02
4.098624136475849389e-02
4.537692118678881004e-01
-2.247407200662064897e-01
1.923899713882735396e+00
1.294616875757082397e+00
4.213632909777177638e+00
-2.505545168510842080e-01
-3.447912206326746443e-01
-1.568231403594958773e-01
-5.936144278557318188e-01
9.420977662755063153e-02
-2.250745330486702223e+00
1.085095427664137580e+00
4.507278358025808451e+00
1.055641006444374419e-02
7.884621004173331116e-01
-3.579060919767805271e-01
1.258694301628735746e+00
2.401865929124365889e-02
-1.985713727772184134e+00
-4.332892580738833405e-02
-1.608975379046463594e+00
2.452505946307194318e+00
1.752374085565005846e+00
4.206017506509924786e-01
2.333127610037769362e+00
4.061191647533327065e-01
2.353224457895462862e+00
4.558386290486252795e-02
-3.298149094742029025e-02
8.745912775824682406e-01
1.729974582825979823e+00
1.765115081734438318e+00
-1.480306825339095800e-01
-4.381839452386279699e-01
1.544576325079586754e+00
6.415739436000716944e-01
9.979132478605501344e-01
5.803646841851052285e-01
3.654394029671126365e-01
9.334066537164957822e-01
3.348137534885864963e-01
2.180636585037578179e+00
2.759996077374547441e-01
-1.137784081449656259e+00
6.777186006803968994e-03
-1.507133920328387555e+00
-3.845333936140364894e-01
1.679870128243877492e+00
1.712199024501977140e+00
1.589951694118888759e-01
1.377715215614338407e+00
-1.758516005230625234e+00
2.490735718547248734e+00
-8.875748251510505449e-02
5.045506480427481844e-01
-1.621460378798611934e+00
-2.190045854900700140e-01
8.296022324659314551e-01
2.098207363988037866e+00
2.087365382108124390e+00
2.318430705752508203e+00
-1.618778738552018703e+00
1.230026303459763465e-01
-1.604229599917527338e+00
3.105173070113449452e-01
3.234635627322980600e+00
3.911469675985582151e-01
6.198121774173219745e-01
-1.342219221702740661e+00
8.206863968523200326e-01
1.467082290364429387e+00
1.072455983068855589e+00
3.787816745749676972e+00
4.319458807288792279e+00
2.341391521564636591e+00
-9.590748277072218553e-01
-1.370914527214362355e+00
7.665283696445730488e-01
-1.380193191296514299e-01
1.613435629020752771e+00
-2.945673256025798659e-01
9.155801346300481702e-01
2.208668827572995319e+00
2.167185728816977797e+00
-8.068397673829408312e-01
-1.769260147232759817e+00
2.253574555022377801e+00
1.905588910596601293e+00
1.192533893074886997e+00
5.303474705029428415e-01
-1.937860817319569273e+00
-4.149974222580017358e-01
2.341888860886112145e+00
4.689522840375639490e+00
2.730822791560694629e+00
-1.847417405172185001e+00
5.432623719650181426e-01
2.059998287683716622e+00
8.641811493207716133e-01
-8.804996118764838453e-01
-1.731179215644735425e+00
-1.206962939332118401e+00
-7.255428010656445048e-01
3.158451222259309965e+00
-1.336550068256082413e-01
3.485206204032651606e-02
4.324451227642195916e-01
2.039486843715729414e+00
1.602371844050855643e+00
-2.607143809573314042e-01
-1.140826297278156209e+00
-5.422457124740981405e-01
-4.162246434122353067e-01
1.343771049736144585e+00
-6.961988292470560058e-01
-1.238391469529713795e+00
1.836047927818851733e+00
-9.138591646150281411e-01
3.656054621377674008e-01
-5.678418043330960563e-01
-9.201413159842232181e-01
1.410283612164082934e+00
1.342729789306381205e+00
2.309525620669501400e+00
2.665844287712423100e+00
-2.683471576501781364e-01
-1.629835443378273352e+00
8.535468399068210088e-01
