-1.599098744252823723e-01
2.580684840620998260e-02
-2.991523152334438218e-01
9.153009244664846167e-02
4.017988678151074300e-01
-1.393884476061601485e-01
-2.903084586903491027e-01
1.460464656726941091e-02
-1.509349551644798559e-01
1.296461351318153599e-01
-1.574148894653542019e-01
2.491799440822143885e-01
-2.053774276771912211e-01
4.171139827736767836e-01
-2.462836037534450392e-02
-4.666553238657875774e-02
2.338367031658050155e-01
-2.953169098667202674e-01
1.872502827616132348e-01
-6.099648377852369407e-02
1.944443141560428523e-01
-9.128505103922297803e-02
-6.544162265581806581e-01
6.730589453672634892e-02
1.360640454869325722e-01
1.105490047771653418e-02
1.231424395843462305e-01
-3.453158854218041363e-01
1.935113798801713081e-01
-3.881730331424698699e-01
-2.244671454939082822e-01
-6.218916299943132858e-02
7.983604351005242628e-02
1.397872676024132510e-01
4.483744816484698525e-02
-1.197740080776911603e-01
5.379317346326396854e-02
-6.722758588814325975e-01
-4.961483037130718504e-02
2.415744396400541227e-01
-2.173368218492507109e-01
2.696843887200477963e-01
-2.559473840852982129e-01
3.878317497042836903e-01
2.464733162705702307e-01
-5.203342373745441229e-02
2.531662438897682721e-01
5.643907117521976269e-02
1.664384706781686374e-01
1.458804175158704038e-02
-2.635911589335915295e-01
-1.774032611044274454e-01
1.070315887718516490e-01
-6.209901313608858775e-01
3.343714987215466450e-01
4.939342370229050649e-01
-2.534052448458195550e-01
3.238387143352519093e-01
-8.734536756315960937e-02
8.122725404484103240e-02
1.238658423775170977e-02
2.997322114315171815e-01
-9.163998999398884071e-02
-3.026962301122845464e-02
-9.317151805389686237e-01
1.911955989086672192e-02
-4.414514127170134083e-02
1.443223085700987562e-01
-7.512294880579516165e-02
5.272283769741467063e-01
1.090106626829542708e-01
-4.863342822767843104e-03
-9.457046047550461687e-02
-9.104904163485962043e-02
4.377321786022062011e-01
4.334640764026570503e-01
1.549027868652377571e-01
-4.731178427903790507e-01
4.672130751518941555e-02
2.531017010227434305e-01
