-1.145092052552163647e-01
2.136181710793288308e-02
-2.132168901514893411e-01
6.140360624256747252e-02
2.906018324358852212e-01
-9.786268456329146048e-02
-2.146713769594733034e-01
4.141397033942318361e-03
-1.076357316116640234e-01
8.084252234380330526e-02
-1.155858769775340439e-01
1.824623881863392805e-01
-1.575803986979222859e-01
3.083514916256650529e-01
-1.925749584086051958e-02
-3.694455267692890732e-02
1.762998543233524618e-01
-2.259897070298579336e-01
1.393010680490440745e-01
-4.546673132206797280e-02
1.415999696488912107e-01
-7.205853528920974638e-02
-4.754117881547206825e-01
4.962534390746255186e-02
1.049240841717433703e-01
1.038449774206406983e-03
8.639545802978082500e-02
-2.548595098351685295e-01
1.514854271122508256e-01
-2.810843820352869615e-01
-1.709385704216334345e-01
-4.508677874479392889e-02
5.558426495625048980e-02
1.045398500439653905e-01
3.925037726184154446e-02
-9.178200621042134633e-02
4.449895571463371308e-02
-4.834026026059838888e-01
-3.277019758705744523e-02
1.833918269193553774e-01
-1.643832277963188648e-01
2.007800289787410875e-01
-1.866007053512903635e-01
2.860451184036859607e-01
1.819469775820781732e-01
-3.876806336605975040e-02
1.912117946384735423e-01
3.337182106273953175e-02
1.201159818199713375e-01
8.122269059034611938e-03
-1.905294233983930996e-01
-1.384252144340739343e-01
8.211853279072543754e-02
-4.482056178880889918e-01
2.484057906338516808e-01
3.567826796964915226e-01
-1.837590704686788978e-01
2.419903516689630718e-01
-7.069147582294958709e-02
6.013293081474754831e-02
1.254411212814673243e-02
2.161933675551233613e-01
-6.043676763011532338e-02
-3.027602349281672753e-02
-6.630694570732864612e-01
1.514807757924821995e-02
-2.837921195270951685e-02
1.056311237823856775e-01
-5.143934102523397417e-02
3.801088141635633466e-01
8.077593406505753637e-02
-6.123508182949484284e-03
-7.067716459321511657e-02
-7.496261203576150278e-02
3.167886288053048394e-01
3.153358129381464425e-01
1.061354848819273528e-01
-3.391217168763212553e-01
2.866054280877386451e-02
1.838683477833871205e-01
