8.858394892502439166e-01 4.639918095019212041e-01
8.074302909930849426e-01 5.899629862854297579e-01
7.100466694050402428e-01 7.041546188635061654e-01
6.720938129386929694e-01 7.404660063834996864e-01
9.999615485272868032e-01 8.769348146286675208e-03
2.452401249345171133e-02 9.996992411776759457e-01
8.381506338185534810e-01 5.454388279445799848e-01
6.210382668903738912e-01 7.837802441104271267e-01
8.812785641323825914e-01 4.725971777325442824e-01
7.820074439894045826e-01 6.232690891943529765e-01
4.386250642208513462e-01 8.986701580876345075e-01
6.402912988375623060e-01 7.681321843490920287e-01
8.982118924081561318e-01 4.395627331070721122e-01
9.951424016405435724e-01 9.844592656423702126e-02
5.789376518103593883e-01 8.153718141537068531e-01
7.266249271652681641e-01 6.870343624754651213e-01
9.954578130069200448e-01 9.520368965266004513e-02
2.268266667418541993e-01 9.739351432486559323e-01
5.316943131194700189e-01 8.469363360940508345e-01
6.502415528062858163e-01 7.597275320824369294e-01
9.802304310530821629e-01 1.978592985873768306e-01
3.402685190527420245e-01 9.403283123152539336e-01
8.870741497100219641e-01 4.616269629432856458e-01
4.260644535134487376e-01 9.046928105452625157e-01
2.516504584202563510e-01 9.678181889057855258e-01
4.597992941809251888e-01 8.880228651733710343e-01
9.107090384886468160e-01 4.130484804657731934e-01
3.910430971918624765e-01 9.203723681959360414e-01
5.284261212486579540e-01 8.489792897250785231e-01
6.360556028132984263e-01 7.716432272299236228e-01
3.277471933327052445e-01 9.447654615101752640e-01
5.602856802166265027e-01 8.282994365229233713e-01
3.561514917781377076e-01 9.344282288673684267e-01
9.994653406060678424e-01 3.269606898691335140e-02
8.282850581850161875e-01 5.603069358730483618e-01
8.954639500065263436e-01 4.451340407548151079e-01
5.301124859269412681e-01 8.479273272305584142e-01
5.711691439200308196e-01 8.208323879048994298e-01
9.422299199602143238e-01 3.349668310919278746e-01
7.501478232636872301e-01 6.612701741744836381e-01
8.346629496316123609e-01 5.507610738898098823e-01
7.876474367400281285e-01 6.161262170991130827e-01
7.903217965685941371e-01 6.126919763376942329e-01
8.878754881063141147e-01 4.600838158639949382e-01
7.160990051838264092e-01 6.979987211841682804e-01
4.463486126416967847e-01 8.948591598641836287e-01
3.820642174116965495e-01 9.241357766982013500e-01
9.745321286485260082e-01 2.242479213544080752e-01
5.679684531728904640e-01 8.230503242210612802e-01
6.694861338426483233e-01 7.428245530355223059e-01
3.153456304913644370e-01 9.489768876690326538e-01
6.269109225298058474e-02 9.980329788900407229e-01
7.588213076449374928e-01 6.512988738390594889e-01
2.841948846007009144e-01 9.587665344424545211e-01
1.492819188297657418e-01 9.887946746976863377e-01
9.865257681414671964e-01 1.636059558600733155e-01
9.963058264660039631e-01 8.587607437402385024e-02
4.182456031952528908e-01 9.083339779001109449e-01
6.501125454745703136e-01 7.598379289141697912e-01
3.267122107759738436e-01 9.451238708919988962e-01
5.911515976299168695e-01 8.065604680491084144e-01
9.998671618463185196e-01 1.629903866453621605e-02
9.998743783708143873e-01 1.585015702059625400e-02
3.206382239917591193e-01 9.472017363346683094e-01
9.596360742616116823e-01 2.812447421299865691e-01
8.474013337606107754e-01 5.309528976667684530e-01
2.749285124133557523e-01 9.614646707301206519e-01
5.800488958373466453e-01 8.145816585449706659e-01
9.999664404501417136e-01 8.192555979255691095e-03
5.530686063534506758e-01 8.331357132341956628e-01
9.777349898301272990e-01 2.098434884905437947e-01
8.550773011043881766e-01 5.185005391858678037e-01
4.975018306823981717e-01 8.674629262785024109e-01
9.419555670545683990e-01 3.357375607448569443e-01
9.805006082552035762e-01 1.965160482280670362e-01
9.095114959000343280e-01 4.156787687935024067e-01
7.690725335283412623e-01 6.391615118045660404e-01
1.573940382975504149e-01 9.875358812257858387e-01
2.556346752780931930e-01 9.667734547428697978e-01
9.134605548425714927e-01 4.069272843478320967e-01
5.683710228871760028e-01 8.227723745618743534e-01
6.471093381259044319e-01 7.623972091437991594e-01
7.014145494006883697e-01 7.127535548063084203e-01
4.065071068678600130e-01 9.136476191978625261e-01
2.156472866410680256e-01 9.764713245991123447e-01
9.797501299970255983e-01 2.002240813958492960e-01
9.097188781660641155e-01 4.152247135085746499e-01
8.995793750349176943e-01 4.367573101984520423e-01
9.979564682673868203e-01 6.389747603219055050e-02
4.231034134919133827e-01 9.060813989325081641e-01
6.979735301895620969e-01 7.161235585810039606e-01
9.935604539023609183e-01 1.133032410892755582e-01
8.013808248269949086e-01 5.981544730248243846e-01
9.177947568615373308e-01 3.970551400970291911e-01
9.282490628285827716e-01 3.719592415276943842e-01
4.305932094884687977e-01 9.025461140254384951e-01
8.632056473851718037e-01 5.048524639162875749e-01
6.980622082023397734e-01 7.160371173896457053e-01
6.246302550694480260e-01 7.809206390228629058e-01
9.840427960983713085e-01 1.779319404910185143e-01
8.464608784326346225e-01 5.324509191306300293e-01
6.962828790914908916e-01 7.177674778673552858e-01
8.955849390551662292e-01 4.448905673730948473e-01
9.615126278374089841e-01 2.747607441196799893e-01
6.224572611960027535e-01 7.826537919057003911e-01
4.855940543331766501e-01 8.741844281364590241e-01
5.023276507488441123e-01 8.646773567598190491e-01
2.608708410878827766e-01 9.653737122327812337e-01
4.177612398699763752e-01 9.085568482281667357e-01
7.949501489802490717e-01 6.066747568807193680e-01
8.903297011582983478e-01 4.553163990406837169e-01
9.812832662706670872e-01 1.925698609262910810e-01
9.101861815402344513e-01 4.141993661670758664e-01
2.928704260656103120e-01 9.561521393251953826e-01
6.927839436114859861e-01 7.211452055405468409e-01
7.460338050875560123e-01 6.659080729849897740e-01
7.953543852147448856e-01 6.061447037792833115e-01
9.086685056773543545e-01 4.175183191071787925e-01
9.961262459302936412e-01 8.793464714673243643e-02
7.768130571184788113e-01 6.297312714882777884e-01
4.843274548617680642e-02 9.988264459678024565e-01
9.990256475427806704e-01 4.413338364240665390e-02
8.772342347436768994e-01 4.800625973700468063e-01
7.110586492377276580e-01 7.031327025136993036e-01
9.291210397102315222e-01 3.697757341521729635e-01
9.873835700585398278e-01 1.583467258216999241e-01
1.225276122755022123e-01 9.924651047921354552e-01
3.592369033940115974e-01 9.332464022110568136e-01
9.835317431974750502e-01 1.807354700188543162e-01
9.438266979687808256e-01 3.304408633951736451e-01
8.448364838554320855e-01 5.350245934036960138e-01
4.643991665324306850e-01 8.856260012691495875e-01
3.358488008743932829e-01 9.419159107644546891e-01
9.875715473607235007e-01 1.571700952584373090e-01
9.833862931638853722e-01 1.815252005022800486e-01
7.116317278328909701e-01 7.025526912207896713e-01
8.913297064059407804e-01 4.533556600267602543e-01
8.164089114764797595e-01 5.774742325522320696e-01
6.636178211811475380e-01 7.480717795845439611e-01
5.258406192769793375e-01 8.505831194647605065e-01
9.140866117847856742e-01 4.055190083779188770e-01
9.790780611792169186e-01 2.034850120218825997e-01
3.237085334936132958e-02 9.994759266002529730e-01
3.740032460927922853e-01 9.274273944153549332e-01
7.689611021967258653e-01 6.392955680343768154e-01
6.111639874695841135e-01 7.915039989919685492e-01
7.516858394368131080e-01 6.595213406631915687e-01
9.879534672957691610e-01 1.547512405710136096e-01
9.177366731605730577e-01 3.971893738963361842e-01
6.305977014417979420e-01 7.761098755564970197e-01
3.817068079504927214e-01 9.242834590991260146e-01
4.411849475487288341e-01 8.974162033618656720e-01
9.549454344931308514e-01 2.967814299121925847e-01
9.681180067810934986e-01 2.504945607118099771e-01
2.836089815657608093e-01 9.589400114580849399e-01
5.381340455314244098e-01 8.428592700089280187e-01
6.122969215904043860e-01 7.906279022466348172e-01
9.238177971991353710e-01 3.828324406031144989e-01
3.629267613963373385e-01 9.318176677131454477e-01
7.975329460680371518e-01 6.032753931133254532e-01
4.226928862146847599e-01 9.062729853325097729e-01
2.683489821077235105e-01 9.633217654562512555e-01
8.297307533240932953e-01 5.581638442144318812e-01
5.784245254411287673e-01 8.157359060187341360e-01
1.170111216897655598e-01 9.931306044025141055e-01
9.060915821019851490e-01 4.230816054190036923e-01
8.449561877193249027e-01 5.348355269003969292e-01
9.139741126294494977e-01 4.057724996142671459e-01
8.771846860056821127e-01 4.801531283216978752e-01
2.934476046650321135e-01 9.559751583155050580e-01
4.053064759068356060e-01 9.141808686403264383e-01
7.080428013012450839e-01 7.061695203883311400e-01
3.794549700459385333e-01 9.252102062274475403e-01
