3.352740714690428036e-04 1.739703498715940544e+00 5.729343659968658686e-01
2.512260594928487543e-04 2.479275040569382249e-01 3.078144988126088499e+00
6.416507454781057440e-01 4.136004803467257553e-03 2.419351005669061028e+00
8.654241592401505645e-02 1.296170325813958746e+00 5.208853657017934458e-01
5.660144263497111083e-01 4.413327458890106136e-01 1.517133112664516892e+00
4.362488192279626031e-01 5.777346858346208390e-03 8.727509109867415127e-01
1.319941116757835653e+00 1.266318525436850528e+00 3.717801191584761966e-01
6.630187252725346925e-01 7.030779083709340904e-01 3.878355242057347496e-01
1.358951683899264129e+00 2.290515544342697662e+00 1.019394519262395958e-03
1.263722343353790301e+00 5.430344210558438744e-01 1.912268366467763103e+00
9.174956755577732270e-01 1.186307880026214789e+00 7.252906700238922477e-01
2.913015806637733629e+00 7.680811797114267536e-01 8.231029180258414568e-02
1.052021248454387603e+00 2.800169667856504396e-03 7.607222094035269722e-01
1.377971137375531896e+00 1.645118126669926351e-01 2.352523600166285700e+00
-0.000000000000000000e+00 8.017946911089879336e-01 1.676907521322169359e+00
5.849537552882851932e-01 2.224504781198643588e+00 1.007096972926083467e+00
-0.000000000000000000e+00 8.274350599170395837e-01 -0.000000000000000000e+00
9.516385879717240278e-04 4.360218429306274013e-01 1.624682370276969989e-01
-0.000000000000000000e+00 7.388047077045432117e-04 3.067066377630017077e-02
1.774346748754894509e+00 4.190576924568454459e-03 8.105349387509994674e-01
2.116146654364026714e-01 7.088821409240744220e-01 1.251686232361692186e+00
1.079173051981752618e+00 7.545640436092446723e-01 1.885846566756506526e+00
7.548454648475404899e-03 3.279530606437604523e-01 5.298305852700435636e-01
3.139839512113173470e+00 3.058049676205872314e-01 1.648913891488159589e+00
3.297475976822249466e-01 3.518823980076824842e+00 1.119281487077682158e+00
1.132708542854024003e+00 1.657928589819057663e+00 1.357747014448660305e+00
-0.000000000000000000e+00 2.519545621549416747e+00 1.703603073001092261e+00
5.339852716120704044e-05 5.250148352542276520e-01 -0.000000000000000000e+00
1.675710758051802918e+00 1.777535531756866405e+00 9.908128886555798154e-01
2.051711388049569429e+00 2.494050814004120098e-02 3.670467255536821183e-01
-0.000000000000000000e+00 3.423228360072750210e-03 2.160669699778660302e+00
2.399366455013143273e+00 2.131759629683916552e-03 1.707735717569699885e+00
7.665868988141187890e-01 6.064078988248852850e-04 3.284689292411351880e-01
9.406663010271798520e-01 1.755273034129508858e+00 8.412227082649624821e-01
4.353134322808433487e-01 8.699158664116345419e-01 1.147366822848140178e+00
1.470835130804328150e+00 2.178189114678250604e+00 1.638275290583444121e+00
2.367419644668795620e+00 1.937961837035786367e-03 1.330271713193809990e+00
1.204248160316485627e+00 5.590640866806720899e-01 1.140165272404603858e+00
1.089473094009260290e+00 8.658974736297971866e-04 1.664590258257975242e+00
3.075920790035868713e-01 1.885259005884226458e+00 2.688747233455382468e-01
2.476763912872732565e+00 1.245754005721027994e-03 2.196189626521448390e-01
2.349192428937638244e+00 3.984326252494800949e-03 1.020525974507899392e+00
9.802310397932395558e-01 2.694031991516568247e+00 8.279733562966256066e-01
9.262174586695336442e-01 9.164509723542508812e-01 5.864159283617478291e-01
1.344211103907612115e+00 4.205722413217995864e-02 9.258267828235480223e-01
7.221792072455704981e-01 6.734201474634498030e-01 -0.000000000000000000e+00
9.337454241352313158e-04 3.904616254186322744e-01 -0.000000000000000000e+00
1.399920260782379078e+00 2.813134548975196214e+00 2.834714066393169830e-04
-0.000000000000000000e+00 4.164598157517915289e-01 7.854767866630588680e-01
1.650357579320300916e+00 3.529390351136008963e+00 -0.000000000000000000e+00
1.336064325370100336e+00 1.931838841443301646e+00 4.890386934174278249e-02
2.542172320478801595e+00 7.002829250899894956e-03 3.030786544267735749e+00
1.553406060775221142e+00 6.209783177907009233e-02 -0.000000000000000000e+00
1.175949243771211658e-04 3.363721502944666319e+00 5.626588989262077956e-01
4.128074636056162650e-01 4.743624269904593571e-03 2.621132581210075418e+00
1.567576136624673211e+00 4.808895564261028710e-01 1.408496518223637972e+00
7.508914171728680031e-01 1.720254799683019684e-02 5.869795099491844151e-03
3.200461823395925443e+00 5.520121100812296344e-01 8.145122300944299676e-01
3.158775680250105761e-03 2.728653577737754493e-03 1.235600567951936624e-01
1.452914826544789983e-01 2.360802462937550660e-03 1.337907882345190425e+00
1.054247378737798391e+00 5.224281226279386958e-01 1.371624093031751812e+00
2.180334293366633425e+00 1.726626298332512244e+00 5.107037797277226045e-03
8.033669545669301915e-01 -0.000000000000000000e+00 2.220983717454088138e-02
1.699251162868652409e+00 2.278978276753903298e+00 9.751386852981722697e-01
1.013592179864549969e+00 3.207518883144400701e-01 -0.000000000000000000e+00
4.925404107279834735e-03 -0.000000000000000000e+00 2.259648656289697133e+00
