-8.985088455505945912e-03
3.480006745178536143e+00
4.460032237039878722e-01
7.235943134874646132e-01
1.785105438914428078e+00
-8.274859471172135716e-01
-8.640475478556668421e-01
1.805053680641218072e+00
-6.398073825158415717e-01
1.543550165088686033e+00
-3.804857973211686062e-01
4.202404431504336846e-01
-1.873082139106482247e-01
3.546881384018155892e+00
9.410724552716861480e-01
9.217070153768337493e-01
1.170765185404359920e+00
-3.683327624071371931e-01
4.990506518415970816e-01
-2.887940614990576749e-01
1.713265331604761244e+00
1.406706982028786523e+00
-2.057667115143722913e+00
1.297701620059414696e+00
1.947220915786301187e+00
8.191741376568585364e-01
1.202071246953845707e+00
-9.989050347384698103e-01
9.115548702320954710e-01
2.211740333419592586e-01
-9.149259051195370862e-01
3.762080870580776226e-01
8.508798842036666699e-01
-2.752803296681166079e-01
1.132780187539350392e+00
2.412627331578226730e+00
1.281339904779050354e+00
-9.454166650148335682e-01
1.303261369565622552e-01
1.234312814029578931e+00
1.087181887113773060e+00
1.563483073021621372e+00
-8.376242048492064107e-01
4.868037481391602306e+00
8.538067389939181240e-01
-1.071557181533254605e-01
1.835659238250246794e+00
1.253214789227435455e+00
5.427257159798977160e-01
-3.603590626143992615e-01
-1.159855464698747118e+00
-4.743908405779613258e-01
4.397527567804389581e-01
-2.797671936469166010e+00
2.356239412387904686e+00
3.373960213578711453e+00
-2.579020035285657819e+00
2.705854420417562523e+00
-5.726956180211263403e-01
1.137481206436810943e+00
8.866216156466658616e-01
4.432956055737032663e+00
5.811728913742236768e-01
2.327830177641418974e-01
-3.362275755882135009e+00
1.550524901506475928e+00
-2.689551927246382479e-01
4.126214346613749639e-01
8.483155906119185241e-01
3.309277736443688500e+00
4.325055857729959152e-01
-1.043455793154051792e+00
7.199320731120744110e-01
-9.956519868882052204e-01
2.050123810332539875e+00
3.352118364498730685e+00
1.517462361389935843e+00
-1.302877800805012365e+00
-1.871713864274277828e-01
1.470743541894686146e+00
