-0.000000000000000000e+00 -0.000000000000000000e+00 1.000000000000000000e+00
6.567173123270790835e-01 -0.000000000000000000e+00 7.541368388362272857e-01
9.018197592051967193e-02 4.366253156461349927e-01 8.951120292767735798e-01
5.332755028850950652e-01 8.459416280232632257e-01 -0.000000000000000000e+00
4.244022722925450686e-01 8.421267244256552820e-01 3.327240467430039872e-01
-0.000000000000000000e+00 -0.000000000000000000e+00 1.000000000000000000e+00
7.670564322507770205e-01 2.717859878599661605e-01 5.811684837856330166e-01
9.975607203875729301e-01 6.980407681379764695e-02 -0.000000000000000000e+00
7.363670013865757369e-01 6.765823226104438204e-01 -0.000000000000000000e+00
1.000000000000000000e+00 -0.000000000000000000e+00 -0.000000000000000000e+00
-0.000000000000000000e+00 1.000000000000000000e+00 -0.000000000000000000e+00
3.545545098104236348e-01 5.828477959568149069e-01 7.311494692067916912e-01
5.577509746729219370e-02 4.896090631142192007e-01 8.701563674529599890e-01
1.000000000000000000e+00 -0.000000000000000000e+00 -0.000000000000000000e+00
8.834561642721397989e-01 4.685138267005124479e-01 -0.000000000000000000e+00
8.634603892498897704e-01 5.044166494044667326e-01 -0.000000000000000000e+00
-0.000000000000000000e+00 1.000000000000000000e+00 -0.000000000000000000e+00
9.867362756882225305e-01 1.623315195546941037e-01 -0.000000000000000000e+00
4.285524056478171584e-01 9.035169260248911982e-01 -0.000000000000000000e+00
8.644302370453393891e-01 4.982043714790760913e-01 6.747421374775076919e-02
3.417462528524537468e-01 6.951880651184451088e-01 6.323946969877114466e-01
-0.000000000000000000e+00 4.709066254335588231e-01 8.821830593038939572e-01
8.141991581131835520e-01 5.805856792307083625e-01 -0.000000000000000000e+00
1.000000000000000000e+00 -0.000000000000000000e+00 -0.000000000000000000e+00
-0.000000000000000000e+00 6.309008455794196113e-01 7.758634693341177613e-01
5.557177784225162398e-01 7.887112250284884496e-01 2.628922864201311271e-01
1.000000000000000000e+00 -0.000000000000000000e+00 -0.000000000000000000e+00
1.000000000000000000e+00 -0.000000000000000000e+00 -0.000000000000000000e+00
-0.000000000000000000e+00 1.521537829698943189e-01 9.883568314773517605e-01
-0.000000000000000000e+00 -0.000000000000000000e+00 1.000000000000000000e+00
-0.000000000000000000e+00 1.000000000000000000e+00 -0.000000000000000000e+00
-0.000000000000000000e+00 9.988424479588715599e-01 4.810160242163258326e-02
-0.000000000000000000e+00 6.039154495932662625e-01 7.970483860736203852e-01
1.462844388438064858e-01 3.530932010705841173e-01 9.240811946522236031e-01
5.541095068765671261e-01 8.235339455031263078e-01 1.214680821988288056e-01
-0.000000000000000000e+00 -0.000000000000000000e+00 1.000000000000000000e+00
-0.000000000000000000e+00 1.000000000000000000e+00 -0.000000000000000000e+00
1.141233459584259542e-02 9.155420572619615838e-01 4.020603188622415280e-01
2.666612467035110734e-02 -0.000000000000000000e+00 9.996443956703129352e-01
-0.000000000000000000e+00 1.000000000000000000e+00 -0.000000000000000000e+00
1.000000000000000000e+00 -0.000000000000000000e+00 -0.000000000000000000e+00
5.187057401288257541e-01 2.657548366223737579e-01 8.125999765993244806e-01
-0.000000000000000000e+00 -0.000000000000000000e+00 1.000000000000000000e+00
5.878974448014792076e-01 -0.000000000000000000e+00 8.089354698589323878e-01
1.000000000000000000e+00 -0.000000000000000000e+00 -0.000000000000000000e+00
7.993462933422611216e-02 9.968001078617517718e-01 -0.000000000000000000e+00
-0.000000000000000000e+00 1.000000000000000000e+00 -0.000000000000000000e+00
-0.000000000000000000e+00 7.815375491146366871e-01 6.238582045015412803e-01
-0.000000000000000000e+00 -0.000000000000000000e+00 1.000000000000000000e+00
1.000000000000000000e+00 -0.000000000000000000e+00 -0.000000000000000000e+00
9.770070164117267142e-01 2.386899123398914782e-04 2.132070189027130969e-01
8.465582529423252289e-01 -0.000000000000000000e+00 5.322960871312490960e-01
8.830282020883138960e-01 -0.000000000000000000e+00 4.693199274659874409e-01
1.000000000000000000e+00 -0.000000000000000000e+00 -0.000000000000000000e+00
8.154877263492016359e-01 2.270410704807745983e-01 5.323834337099094816e-01
7.124990564328484988e-01 5.114595626856054400e-01 4.803688273813672693e-01
3.532799009633971199e-01 9.355176703704169983e-01 -0.000000000000000000e+00
1.000000000000000000e+00 -0.000000000000000000e+00 -0.000000000000000000e+00
4.584169409150296026e-01 -0.000000000000000000e+00 8.887372549196450588e-01
-0.000000000000000000e+00 9.788397269447564053e-01 2.046284167820171807e-01
-0.000000000000000000e+00 1.000000000000000000e+00 -0.000000000000000000e+00
-0.000000000000000000e+00 9.976115706754017376e-01 6.907354091515748029e-02
-0.000000000000000000e+00 1.000000000000000000e+00 -0.000000000000000000e+00
-0.000000000000000000e+00 -0.000000000000000000e+00 1.000000000000000000e+00
-0.000000000000000000e+00 -0.000000000000000000e+00 1.000000000000000000e+00
-0.000000000000000000e+00 -0.000000000000000000e+00 1.000000000000000000e+00
9.999946222796336492e-01 3.279544451994963281e-03 -0.000000000000000000e+00
7.238987006836302696e-01 -0.000000000000000000e+00 6.899062770757720120e-01
1.000000000000000000e+00 -0.000000000000000000e+00 -0.000000000000000000e+00
7.930577160736066444e-01 6.091465004217905266e-01 -0.000000000000000000e+00
-0.000000000000000000e+00 9.978553119024927698e-01 6.545820428318449569e-02
-0.000000000000000000e+00 5.166344619125501358e-01 8.562060691003829938e-01
4.436995037139854769e-01 -0.000000000000000000e+00 8.961756247544132581e-01
-0.000000000000000000e+00 -0.000000000000000000e+00 1.000000000000000000e+00
-0.000000000000000000e+00 1.000000000000000000e+00 -0.000000000000000000e+00
-0.000000000000000000e+00 1.000000000000000000e+00 -0.000000000000000000e+00
-0.000000000000000000e+00 -0.000000000000000000e+00 1.000000000000000000e+00
1.000000000000000000e+00 -0.000000000000000000e+00 -0.000000000000000000e+00
-0.000000000000000000e+00 -0.000000000000000000e+00 1.000000000000000000e+00
4.079397488020251039e-01 9.009501229307508297e-01 1.478987401515160782e-01
-0.000000000000000000e+00 1.000000000000000000e+00 -0.000000000000000000e+00
