2.099495641031005888e-01 4.903822697676725184e-01 2.277367554720154674e-01 2.926916680174863061e-01 3.811824311517373887e-01 3.669721129989963471e-01 5.458299667660084786e-01 -0.000000000000000000e+00 3.161282673363955808e-04 3.864921226164504120e-03
9.341294225459001455e-02 -0.000000000000000000e+00 5.606776726531841337e-01 7.709208266607822787e-04 3.678748843121915635e-01 2.655264875249125356e-01 9.088482247547510426e-03 2.100959594901939242e-03 -0.000000000000000000e+00 6.862876326022635531e-01
4.043336807479416817e-01 1.665211951009495095e-01 2.363491065348378162e-01 5.092543511426453895e-01 -0.000000000000000000e+00 5.076294081247730849e-01 1.012269457585706911e-01 2.488671508110018582e-01 5.024589230826569108e-02 4.014848102856252154e-01
6.821672936406814047e-03 5.199746454555138619e-01 4.645787812121365268e-01 5.738458001284473253e-01 3.774895081212231163e-01 1.003585040508265663e-01 1.511302117759685260e-01 8.923693756669412794e-03 2.241544692420911668e-03 9.461622885586987164e-02
-0.000000000000000000e+00 6.148364155704082457e-01 1.702255667451000893e-03 2.915665868610851641e-01 5.342855039291900116e-02 5.523712152392488139e-01 6.559844471275774747e-02 4.210689053125301062e-01 2.176958002547453863e-01 -0.000000000000000000e+00
1.308845726547505639e-03 6.300208565983818065e-01 3.250107086956878222e-01 1.952323533033555880e-01 1.313517690682031169e-01 2.472757443665759558e-01 4.897262411910735525e-01 -0.000000000000000000e+00 3.756248159136156284e-01 -0.000000000000000000e+00
4.445057814467746060e-01 -0.000000000000000000e+00 3.471190134358084212e-01 4.502342974749511395e-01 2.602814304294295833e-01 2.372254301015810918e-01 1.345905377722901308e-01 4.364801060545183686e-01 3.206879514882410298e-01 2.090920667237002040e-01
1.382336844592936820e-01 1.771946954218502623e-01 5.840973502439102960e-01 4.735020771974332021e-01 6.958615411605942325e-02 2.870088814388881415e-01 2.186647044492728009e-01 1.875799306283855161e-01 2.437998729431464784e-01 3.930195471728184509e-01
5.405825890082079921e-01 3.382442335627688368e-01 5.256449705757661184e-02 6.521275049401348278e-01 5.277544889843269714e-03 2.158010113523416984e-01 1.767541154686083360e-01 1.021435907335427051e-01 4.028358518865912154e-03 2.775581141963076592e-01
3.919496052400540248e-02 6.565147279194211150e-01 4.059317627177300158e-01 1.097778763950779529e-01 3.100419436484776799e-03 8.301679085828024551e-03 4.142654513875041432e-03 4.992763246380424458e-01 6.991691381186082577e-02 3.692688366511303610e-01
5.200708616711064228e-03 3.023938832827539058e-01 1.017462014885572689e-02 2.180203928223199417e-01 3.522441178896615344e-01 1.872945005099273643e-03 5.157216216721193236e-01 6.128939562855491019e-01 1.123749676973010286e-01 2.873658379386586081e-01
2.976745513340951499e-01 5.430585832439988048e-01 2.522401862434829889e-01 -0.000000000000000000e+00 -0.000000000000000000e+00 3.326007697486504933e-01 5.949541088610602046e-02 5.205805188951773133e-02 5.775007217634284817e-01 3.201125188729817550e-01
2.417860607529756511e-01 -0.000000000000000000e+00 1.872841061116314876e-01 5.636068513057946872e-01 -0.000000000000000000e+00 2.451948988876692936e-01 6.586157867151443135e-01 3.028538190511548267e-01 5.653099079161014867e-02 -0.000000000000000000e+00
-0.000000000000000000e+00 1.663156210350935638e-01 9.713559988587641691e-02 4.008733151659348293e-01 -0.000000000000000000e+00 1.744392659860207473e-01 -0.000000000000000000e+00 6.562306437017405569e-01 2.515378042383644153e-01 5.271293886802321804e-01
3.389519998402797940e-01 4.791144726104241691e-01 2.060753340154771254e-02 2.638466931247537839e-01 6.144624949460316676e-01 -0.000000000000000000e+00 -0.000000000000000000e+00 1.996881962122565857e-01 2.972363789588193250e-01 2.823687618264256183e-01
4.452651411489816358e-01 4.613569989140791083e-01 2.856090342760034956e-02 5.324949074548757100e-01 -0.000000000000000000e+00 4.584441468081624782e-01 2.659068784313588143e-03 3.024629361910197156e-01 5.348072364729199168e-02 -0.000000000000000000e+00
2.808543966488480370e-01 2.330594516118364989e-01 9.198840374920684571e-02 4.808485195262450773e-01 6.042141783564658475e-01 -0.000000000000000000e+00 1.782539269882800204e-01 3.085073728282585748e-01 2.289116716924397277e-01 2.875766791698334823e-01
4.021246685850846624e-03 3.380092926781470553e-01 2.042158751520519455e-01 5.740073812852528393e-03 5.148593685001535691e-01 4.261806727971843324e-03 2.930864805522850891e-01 1.248755011081419466e-02 5.787527207124714135e-01 3.973509877620391983e-01
6.160130399400887136e-01 7.716201935572637449e-01 7.211773096830972896e-02 1.365864197783978884e-01 -0.000000000000000000e+00 1.303351014320414288e-02 -0.000000000000000000e+00 -0.000000000000000000e+00 -0.000000000000000000e+00 3.321930077335190357e-02
6.576784813153105369e-02 3.285288203474843183e-01 -0.000000000000000000e+00 5.047772528081152510e-01 1.802108855156593289e-03 4.064915966616636234e-01 6.823641348743280099e-01 4.408346183925786546e-03 -0.000000000000000000e+00 4.543586214642210408e-02
3.226135412150038517e-01 5.282267663202931951e-01 1.407621211405631345e-01 4.636175726647737694e-01 7.700629654585539052e-03 -0.000000000000000000e+00 2.024799261841782050e-01 4.247511517961159999e-01 4.008376189670819212e-01 -0.000000000000000000e+00
-0.000000000000000000e+00 5.934759579497117521e-01 3.417502086681438733e-01 -0.000000000000000000e+00 6.018589024430002210e-01 9.218178120705575185e-02 -0.000000000000000000e+00 3.350658549420868024e-04 4.003265550840048315e-01 -0.000000000000000000e+00
1.093547905093960326e-01 1.289885609555820600e-01 5.087909995470666497e-02 3.231179669685353972e-01 5.441208973975084073e-02 7.544471413050643678e-03 5.728154522521392532e-03 5.340662258086101843e-01 5.165451661420537022e-01 5.561596254835616815e-01
2.055728667959867140e-01 1.957315021327012683e-01 3.511695695008364426e-01 2.749126708778176775e-01 2.038142771608775494e-01 4.111902392388500638e-01 2.629857296160994506e-01 2.956483451947049534e-01 4.680248873532325549e-01 3.664662696041459111e-01
2.806962157599240393e-01 2.500822195992158381e-01 5.613501310025961200e-01 -0.000000000000000000e+00 -0.000000000000000000e+00 1.535328987127736744e-01 6.053931377552301818e-01 2.575105813915086750e-01 1.927964040141701141e-01 2.236049936027773577e-01
2.486864438515907702e-03 1.558174089585564748e-01 3.233783638667684368e-01 4.569125538179560908e-01 3.674154860567566128e-01 6.226194185774894382e-04 4.100695736055114948e-01 4.899466617007798841e-01 1.142547144448833735e-01 3.257585750002943148e-01
4.132173675388962630e-01 2.753243095752859748e-01 3.282025057111628841e-01 3.060243924343866717e-01 4.618077511543319802e-01 -0.000000000000000000e+00 1.807501296322873430e-01 3.985991128292582508e-01 3.394004943912802275e-01 1.790786460513036638e-01
8.672646605419210425e-03 6.640347270234344887e-03 8.151332326924315419e-02 3.995842020737114253e-01 6.801453535915361615e-01 3.275991358237588802e-01 -0.000000000000000000e+00 2.480248602547472370e-01 1.957122020192585965e-01 4.047594859215337681e-01
5.428330332970314823e-03 8.105176501917987775e-02 3.952831449235051919e-01 3.357648005237329637e-03 8.670936682707809304e-03 3.984833000105200140e-01 3.630901449280117266e-01 6.051478701351000605e-02 7.309227557059950753e-01 9.237106162709934898e-02
4.076931836707390344e-01 4.561422121572760412e-03 -0.000000000000000000e+00 3.334583532022544206e-01 2.769718937322417918e-01 4.549858666950170605e-01 4.147040675394526033e-01 4.119771079093473287e-01 3.632150304911158285e-04 3.116740064332781945e-01
2.235952703898634875e-01 2.138739952773050235e-01 5.805792661452740394e-03 6.111317476924149616e-02 2.498236496784274896e-01 2.533923854364485417e-01 3.715833344062896004e-01 3.643932023081833949e-01 6.322047611384014054e-01 3.214584648221411878e-01
1.275794843118130129e-01 2.952270420104009113e-02 3.276495050855978142e-01 2.151455761614301243e-01 -0.000000000000000000e+00 4.108166382219193280e-01 4.081484631692402498e-01 4.103744287629024767e-01 2.067167905770048442e-01 5.317100586582984567e-01
6.070834744271955824e-02 5.177910727580964378e-01 5.313532151562981067e-03 1.012090143864638747e-01 2.856686081236158858e-01 5.994917939660255879e-01 4.147562613503876783e-01 4.743462656064339512e-03 -0.000000000000000000e+00 3.238721689781022817e-01
3.124410305087765849e-01 7.093544757991071537e-01 -0.000000000000000000e+00 4.731269162597522282e-01 4.955508628658305409e-02 3.553759845188692555e-03 2.700205050792891526e-01 3.148853331001059686e-01 -0.000000000000000000e+00 2.855817357916936791e-02
4.681488969077320927e-01 4.730794527273605166e-01 5.741530179118514710e-01 2.049582691476657115e-01 1.145716692461207081e-01 -0.000000000000000000e+00 3.926810444700043479e-01 9.585403874659202683e-02 9.412648319167084277e-02 -0.000000000000000000e+00
1.469528800458833658e-03 4.237756113132561987e-03 1.928570449350401894e-01 1.725723998344508014e-01 3.693369216184088644e-01 3.274880870878764481e-03 2.165061172010790680e-01 5.114875953684937526e-01 6.918614036050811933e-01 9.704463729401584249e-02
1.078885886396209609e-01 3.641589151028052918e-01 3.751109298536741132e-01 2.356532900826192600e-01 1.699910410835215047e-01 1.785574673437548554e-01 -0.000000000000000000e+00 1.349959779600290732e-01 7.612609087999883117e-01 3.139817900457222977e-02
2.847787170445058580e-01 5.228203533864249630e-01 5.436896975961200695e-01 5.828590696201120872e-03 1.168185759121232181e-01 2.466544354357368407e-01 3.578214356477087965e-01 2.705252358573046467e-01 2.077368880557273478e-01 1.762606387136406716e-01
-0.000000000000000000e+00 4.831760695704050979e-01 3.878238127314938000e-01 5.534936154501141070e-01 2.686031628846527464e-01 9.423977360329453823e-02 3.510429587417886466e-01 3.223529982295279539e-01 4.008722163818568412e-02 -0.000000000000000000e+00
1.025477177996864664e-01 6.057938469128067993e-01 1.626310641249883548e-04 2.741391026802141306e-01 1.358390862913733399e-01 4.323770672884552635e-01 9.131123441529589990e-02 3.373339373514909478e-03 -0.000000000000000000e+00 5.775761420964928838e-01
1.749357343695276401e-01 3.423903029204523607e-01 8.667963698856556709e-02 8.673807999234908750e-02 3.759054231896709255e-03 1.535525451591871204e-01 7.058157544498960823e-01 5.035211437469588880e-01 2.284018720767468924e-01 9.828613384267069486e-02
3.342676291814223547e-03 4.276105252370932842e-03 1.606272642679947293e-01 6.229147859783848995e-01 4.928902976170736472e-01 4.037571678655137511e-03 3.494594123509140587e-02 2.550592409741000433e-01 5.262000127701208507e-01 5.153319113756845912e-03
4.985534335587387678e-01 3.591230474349073054e-01 5.698892009664447977e-01 6.654322186943508258e-03 7.936216463450548875e-02 3.002698081412832551e-02 4.296040531073750529e-02 7.716517318785975910e-04 4.915403286318009712e-01 2.167926890172119925e-01
3.780680591908968102e-01 7.970634032284408532e-04 1.418186209867615954e-01 1.295004108252508779e-01 1.804036122559376232e-01 1.254258445721950499e-01 5.269928255734404043e-01 9.329769870696603962e-02 6.142109691350737810e-01 3.289725071334751449e-01
6.011801587442840988e-01 1.142083553994106965e-01 1.024429550064790279e-01 9.654570699552215973e-03 7.006914392972189709e-02 1.624728856174196823e-01 4.967784739570331176e-01 5.663105381919147918e-01 2.069191228886484157e-02 1.253767998592528743e-01
4.154756033674970594e-01 1.691542137743620167e-01 1.041718977112710415e-01 4.759287938084748727e-04 5.330974237601088239e-01 2.797179052193770610e-01 4.549476289403294182e-01 2.885254120148383894e-01 2.420385882130358934e-01 2.768988223646079438e-01
1.597172245861780415e-01 -0.000000000000000000e+00 1.013212281098331558e-01 9.052445420421841860e-01 1.791293071524882319e-01 2.366247444729879523e-01 1.232520048326965351e-01 1.446698913996895088e-05 5.644027445965711653e-02 1.957079358231246513e-01
4.872905583594495660e-01 1.688772013408419426e-01 4.172993897214385406e-01 4.172089412356050353e-01 3.272370285688403491e-01 4.465578223876487396e-01 1.483891264259554546e-02 2.129630521715665248e-01 1.617586406992926051e-01 8.711513605861549714e-02
6.651458493781944314e-01 3.258530475584520691e-01 4.970551092522937364e-03 1.471715299880835826e-01 1.203519894405092883e-01 5.087565448329495199e-01 2.720181064083317547e-04 2.998230654602128675e-01 2.578560930871771073e-01 3.884873741971778347e-03
1.343849330586943946e-01 -0.000000000000000000e+00 4.882870306360639345e-01 -0.000000000000000000e+00 6.636565970452722452e-01 2.315068276034641381e-01 4.337081488449627265e-01 8.370972085216728600e-03 2.400041227460402438e-01 6.087827993153911016e-02
2.577207202251473664e-02 -0.000000000000000000e+00 1.247272953602381884e-01 9.637038310548406983e-03 2.409722152571911469e-01 6.040711720144349428e-01 6.035207443554851947e-01 3.936030340742782685e-02 1.217962602038144132e-01 4.243767063025223885e-01
1.189124496832888456e-01 9.828209201759464941e-02 4.397239159707739820e-01 2.390269066999646530e-01 1.239651266824800535e-01 9.494657144420003136e-02 -0.000000000000000000e+00 7.562174710005843403e-01 2.918454401905029583e-01 2.104486797934798092e-01
5.289571220860758149e-01 1.684297193319004085e-02 1.421615076691499224e-01 2.942250773583229839e-01 -0.000000000000000000e+00 4.803388705775088127e-03 2.825150846291034079e-01 1.080279609982212966e-02 -0.000000000000000000e+00 7.301971246807089644e-01
2.295200321555306358e-02 7.944679979331843722e-02 3.083796474302016519e-02 6.951488538780180651e-03 3.040543082162757704e-01 3.590896099590468182e-01 -0.000000000000000000e+00 2.479767674971710203e-02 5.336097135678851133e-01 6.967162168178624437e-01
2.722352410741304407e-01 2.447561784663931650e-01 -0.000000000000000000e+00 2.069400072493723097e-01 -0.000000000000000000e+00 5.916362515470138250e-01 4.489287773567535167e-01 5.077759957758936071e-01 1.172657530979777374e-01 -0.000000000000000000e+00
6.932105937863277667e-01 1.138509544068712874e-02 1.577685788018153845e-01 -0.000000000000000000e+00 3.516987873630742466e-03 2.994840365682326366e-01 9.497915385789931775e-02 5.080557026642551488e-01 1.595415790674915174e-04 3.709363938917492054e-01
5.707930533666271929e-04 1.796166363597424820e-01 2.106009561856394263e-01 6.904148170901032167e-01 5.705888089136810018e-03 -0.000000000000000000e+00 5.748537908157403953e-01 3.409145314593136633e-01 -0.000000000000000000e+00 -0.000000000000000000e+00
5.171747512796924795e-01 1.070717593210791241e-01 -0.000000000000000000e+00 1.373227781817391510e-02 6.997581327064962275e-01 2.910449327156572341e-01 2.385940382141983063e-01 9.604918105070464618e-02 2.826096109759797526e-01 2.209049398257289729e-02
2.428733645314784251e-01 1.934360463747811787e-01 8.045845897997441210e-01 -0.000000000000000000e+00 4.234121118293728836e-01 1.369882535349217778e-01 1.961147013685963225e-01 9.413053166341586731e-02 1.094513878985319726e-03 1.042704825236323851e-01
3.145903054698924728e-01 5.685722657084180121e-01 9.133698129971754009e-02 -0.000000000000000000e+00 2.743155627972149180e-01 -0.000000000000000000e+00 3.545539271849931784e-01 4.810285871859749651e-01 -0.000000000000000000e+00 3.702297357768845609e-01
6.523510314934528598e-01 4.621754569067105800e-01 3.076396604127857870e-01 8.687367723303583570e-04 1.070877971003388329e-01 9.811828622017906842e-02 4.712987652177916265e-01 6.009200461479591304e-02 1.391419918177100867e-01 -0.000000000000000000e+00
6.731933380621380608e-03 2.977577430845547712e-01 2.818783485262157332e-03 2.067102286113916831e-01 6.637712052075772119e-03 7.746874465794224562e-01 1.359917055746359162e-02 1.063552726205279353e-01 3.235635744060147423e-01 3.901070059711493898e-01
2.143465142030565040e-01 5.578296763038138595e-01 3.392588245626108195e-02 6.079411024709915345e-01 4.011731563502067208e-03 8.175209576480549508e-05 -0.000000000000000000e+00 4.704237731817776935e-01 2.254246973575220747e-01 2.711693722876233094e-03
-0.000000000000000000e+00 6.748461700618883785e-02 2.807582409685023817e-01 1.659554844819041697e-01 6.139736898694735379e-01 4.878588644842308253e-01 -0.000000000000000000e+00 1.035555484433677009e-01 5.132111637961420669e-01 -0.000000000000000000e+00
3.771757593922474561e-01 1.281911097400421570e-02 4.268899292796115019e-01 1.323129950832066248e-01 -0.000000000000000000e+00 7.285443545635829077e-01 -0.000000000000000000e+00 6.154134468172827582e-02 3.509189867897523074e-01 1.113676664153282272e-02
6.210069701091577854e-02 3.725680452110926577e-01 -0.000000000000000000e+00 1.251211688512535447e-01 3.850575518462979185e-01 5.607715592007400662e-03 8.197422161964208476e-01 1.131615499362351477e-03 2.885438080119722901e-02 1.434201054801457209e-01
1.993849381994067249e-03 3.818104773407225427e-01 1.870650804481917839e-01 5.254391916273606217e-03 3.519698332969729559e-01 4.355542034362042680e-01 1.521033231839485078e-01 3.799004664188836422e-01 1.191372260171272290e-01 5.691679360136213672e-01
6.470396483300321355e-01 2.416337609324359093e-01 9.108730651423802699e-03 5.646552013817545193e-03 3.032422840326866043e-01 -0.000000000000000000e+00 4.002986561702744917e-01 6.796465596681758314e-02 3.467754491722785729e-03 5.157633660932881003e-01
6.219870224835908346e-01 2.072692408784159723e-01 2.466845967486448743e-01 5.978394367917565233e-02 2.678282627437110208e-01 3.699595815542980892e-01 3.418411594756912697e-01 2.375495396807649710e-03 4.245952235418989917e-01 -0.000000000000000000e+00
3.313199855917612902e-01 2.613209904469914746e-01 5.538236228329092015e-01 2.079437882643720981e-01 -0.000000000000000000e+00 -0.000000000000000000e+00 2.227479668339381880e-01 2.484185711181435552e-01 3.969812733015109507e-01 4.506158100384958232e-01
2.093598580870329740e-01 -0.000000000000000000e+00 1.258660172423113066e-01 4.970289650468394105e-01 5.490465157340869151e-01 2.698573267767717665e-02 4.318574156852392210e-01 1.503065358478243296e-01 3.732396186948979122e-01 2.066576929550212327e-01
6.745443858663134895e-01 5.649569412571451288e-01 1.836279858914636742e-01 1.395171130863318357e-02 1.740296968172496683e-01 3.547466031885679327e-01 2.935286567983567355e-03 -0.000000000000000000e+00 1.769741485679052484e-01 6.663096542833035762e-02
4.684070761601814847e-02 4.627008801743774935e-01 1.732463952601417294e-03 2.827316436450688641e-02 2.338169216482867407e-01 3.942208940120668914e-01 4.988611533051642843e-01 -0.000000000000000000e+00 -0.000000000000000000e+00 5.691823556116657468e-01
5.365060195381633479e-01 5.508472617720514553e-01 6.303495521122021161e-02 3.697210216581414133e-01 1.811263546652276957e-01 1.735941794740914201e-01 -0.000000000000000000e+00 3.860764464393629525e-01 -0.000000000000000000e+00 2.367801253616641788e-01
5.715150184009699652e-01 -0.000000000000000000e+00 1.432488698078102918e-01 7.308363290532753354e-01 5.443432218431418571e-03 1.112207651530876668e-01 1.384967390488898650e-02 -0.000000000000000000e+00 -0.000000000000000000e+00 3.257868968421380185e-01
5.669374533770090707e-01 4.355737072515298292e-01 1.451670719367686470e-02 4.232807899882918834e-01 3.343996149804389084e-01 2.344748985321832568e-01 -0.000000000000000000e+00 -0.000000000000000000e+00 -0.000000000000000000e+00 3.777281125465080658e-01
5.885460022505888068e-05 4.549393948530657816e-01 3.272442575810896037e-01 5.650969987978533560e-01 1.552030449281661673e-01 -0.000000000000000000e+00 5.149932900355674859e-01 5.053776023403251969e-05 7.129782971512960144e-02 2.687327005854281969e-01
2.340302506617713274e-01 1.439252913175607940e-01 -0.000000000000000000e+00 4.215938833452804735e-01 9.375417591156561675e-03 3.893010242089610662e-01 2.149306929513900288e-01 2.908738750422750208e-01 1.480649398292976648e-01 6.651351167647878704e-01
3.881176767885514689e-01 1.909161630730460413e-01 -0.000000000000000000e+00 4.440406716941748197e-03 6.664043623385543791e-01 3.709481502630094796e-01 3.918168974100091906e-03 2.266759498315119303e-01 1.478436577670218244e-01 3.974211628492475556e-01
2.271890286426685168e-01 5.781447200648527629e-02 1.721959415479073358e-02 6.044521130252918789e-02 2.547810258842047593e-01 4.946592352035358853e-03 6.753141765494036219e-01 6.212008163827267282e-01 1.778055831460705338e-01 5.099154293767328011e-02
4.494263641280697025e-03 2.571130629803051737e-01 6.305422310537293559e-03 2.233733322473625271e-01 9.752050608108035756e-02 6.116710237448087506e-01 3.062285687849907942e-02 5.943150020379976972e-01 2.927174777588333887e-01 2.458739053615730530e-01
2.656629712779121077e-02 1.515871997936603377e-03 1.809170595794511865e-02 5.111654431602219439e-03 2.642991251851698475e-01 6.564953165166140803e-01 1.306664279103816606e-01 1.162698798338297479e-01 6.803602837883652166e-01 6.794005354424396959e-02
6.589250320543678097e-01 2.936718072287924364e-01 -0.000000000000000000e+00 6.825367850476045384e-02 4.479962900475923382e-01 3.555480957840753686e-01 4.413211993836332198e-02 3.180274274955235958e-02 3.577018361169887473e-01 1.299666142187776430e-01
3.547542507954099533e-01 4.254747613141197649e-01 6.481360038148360368e-04 3.578129486557960481e-01 3.812357802614498858e-01 4.061946042624172137e-01 2.269684180848544064e-01 1.154526295233580628e-02 9.181504882008227619e-02 4.412226047511315086e-01
2.244815414835171774e-01 2.388337473550154189e-01 1.081359986412897545e-01 1.730811248552964823e-02 5.316241668066502557e-01 8.705568185027160594e-03 5.589273972818404879e-01 1.132253160396947261e-01 3.620302290749989327e-01 3.762815138412426430e-01
1.572649136935667380e-01 7.564681128524501988e-03 6.973657668579107405e-01 7.588644963213420080e-02 -0.000000000000000000e+00 2.415534369167083861e-01 5.036784072377284817e-04 5.899478347283939605e-01 2.687280780623346188e-01 6.731427990610799883e-02
-0.000000000000000000e+00 1.784734541104590344e-01 7.726282929276738765e-01 4.883976373292875373e-01 2.572723408700620246e-02 1.567868801882627561e-01 -0.000000000000000000e+00 2.944506520101586866e-01 1.438992304072624073e-01 2.881604201500653686e-03
2.846496666811548781e-01 2.373905509641427783e-02 2.968459193789291795e-01 3.880048528224957494e-01 7.225960197231877657e-01 3.486949848223320769e-01 -0.000000000000000000e+00 5.110872792239158635e-02 2.024044739500024601e-02 1.816336447772649298e-01
1.607043051487010155e-01 6.372525906692471098e-01 2.846600476721427436e-02 5.402213703861520333e-01 2.204693771367340419e-02 1.017038123434767655e-01 2.553317971368433432e-03 3.518123911786870672e-01 5.648910673828917185e-03 3.752248638131941427e-01
5.241641327970926467e-03 2.847668865462361747e-03 -0.000000000000000000e+00 3.393946345317341157e-02 8.676005875225277775e-01 3.161155317938393189e-03 -0.000000000000000000e+00 4.960443701397301286e-01 -0.000000000000000000e+00 3.426263129320792494e-03
-0.000000000000000000e+00 2.548762365249809814e-01 9.869808758461914855e-02 3.568686905626267669e-01 6.181067240819754227e-01 1.784153870585035440e-02 4.918266559295609852e-01 -0.000000000000000000e+00 4.138540949122458401e-01 4.897565763605804534e-02
6.095510723290393784e-01 2.874043752599530488e-01 1.050598849879538776e-02 4.273262935016473585e-01 6.134545108978253086e-02 2.243515731238626409e-01 6.515013130407933117e-02 4.981820884316793818e-01 -0.000000000000000000e+00 2.379101780422863133e-01
3.839228131659468413e-01 2.512761287137403321e-01 7.948221740017806791e-01 -0.000000000000000000e+00 3.255801408561402321e-01 -0.000000000000000000e+00 1.753088145432530331e-01 -0.000000000000000000e+00 -0.000000000000000000e+00 1.448643634852948836e-01
3.287344496635453139e-01 -0.000000000000000000e+00 1.796971522650037956e-01 4.970072806630246864e-01 2.044786311193909079e-01 6.067481793889549155e-03 1.859538323200101220e-02 1.630129661415023051e-02 1.048561218914305718e-02 7.550209033587028662e-01
5.379891013495998082e-03 3.278782048305153851e-01 3.268643267149463072e-01 3.727479537407584753e-01 1.403493692231490841e-01 4.856522428031812000e-01 5.316109455718522891e-01 1.072641083156395184e-02 3.101601009123822195e-01 1.104763619642795680e-01
1.333199374749292065e-01 -0.000000000000000000e+00 4.147523798450826193e-01 2.043905400939465822e-01 3.343316672706679316e-01 6.287274845308055138e-01 1.450508753108682991e-01 1.938028952518153214e-01 4.180138589900469492e-01 1.673915957150215184e-01
-0.000000000000000000e+00 5.501912922380315374e-01 3.590554537661571066e-01 2.060761744285056207e-01 4.526516030901382992e-01 4.416620393097695496e-01 1.673150801478587302e-01 1.503028822462547098e-01 -0.000000000000000000e+00 2.745126776587624717e-01
3.296425263267778183e-01 1.173189592710686437e-02 7.982281875589164466e-03 5.143420249422910873e-01 5.072705784968166258e-04 4.571025430959836933e-01 2.563660888005673266e-01 5.667398932373818310e-01 1.752885099123795420e-01 -0.000000000000000000e+00
5.480708705522062581e-03 3.193046146811206465e-01 1.254889338722439129e-01 3.851544436000158000e-03 7.497418907082354922e-01 3.895975102835158577e-01 1.795386210407884375e-01 3.689430493348747619e-01 7.181137695714435315e-05 -0.000000000000000000e+00
7.379615062677584436e-02 -0.000000000000000000e+00 5.820026566728229156e-01 6.551718946837056801e-02 7.932423748763199958e-03 1.472413081740296392e-01 1.694580923690021737e-02 7.516218670984252670e-01 2.541032001473889079e-01 7.613191987792498894e-04
6.876617114608265524e-01 2.835624741682813976e-01 3.778534118784913631e-01 1.651538784302349116e-03 8.094490382994382061e-02 3.310242310904872309e-01 5.701219003713100392e-02 2.698577251353105333e-01 3.342446582205985117e-01 3.946287322304761584e-03
1.091098721425124395e-02 4.270630145321994142e-01 7.027629367374174096e-01 1.545879050297574997e-01 2.178188393029577008e-01 3.443513025427860641e-01 3.379929016684803389e-01 -0.000000000000000000e+00 1.195847030139599032e-01 7.184982430023681421e-02
3.574091064759710723e-01 3.128549988412672733e-01 7.213977501365720357e-01 4.466289015497010816e-03 3.831347298492260856e-01 6.484964153430565481e-02 2.300731948093215351e-01 1.976697998347086704e-01 -0.000000000000000000e+00 1.045996974573606131e-01
-0.000000000000000000e+00 1.165445675351405551e-02 6.795513984830271470e-01 6.266773890788539525e-01 1.547038004929920663e-01 7.079136150902977376e-03 5.219137858749281489e-02 3.433558671789940231e-01 2.438238505405631099e-03 2.725809764315204747e-02
4.348546893869859216e-03 6.861890666522110216e-01 2.232963247279951546e-01 5.071972096208962055e-01 -0.000000000000000000e+00 4.187479798264194253e-01 -0.000000000000000000e+00 -0.000000000000000000e+00 -0.000000000000000000e+00 2.160220503881915832e-01
-0.000000000000000000e+00 4.921341878457941577e-01 2.566327556548395235e-03 1.706087848531352147e-01 2.584499291515509299e-03 7.511345686543694292e-03 1.715876511554639480e-02 4.008455984903298019e-01 7.257562839829269086e-01 2.023192944493703849e-01
8.624084923208369738e-03 5.099711824481766298e-01 1.843142733975863812e-01 4.807311299161639018e-01 3.971201958955030450e-04 1.012191959609176455e-02 5.631752626423405239e-01 3.684424887928845847e-03 1.194886433558892819e-02 3.966806143793771278e-01
-0.000000000000000000e+00 7.490457679418379699e-01 5.401352591639624334e-02 3.366594163431813058e-01 1.149879670048092710e-02 3.269583948353407821e-02 5.444748848179411516e-01 -0.000000000000000000e+00 1.581748193972965510e-01 -0.000000000000000000e+00
2.073586610448833745e-01 1.308060476951110676e-02 4.808174775786606264e-02 4.507640914569790436e-01 -0.000000000000000000e+00 2.317436936796546387e-01 1.179536298291019615e-02 1.187458149233173478e-02 8.097137332692722067e-01 2.042291780705733084e-01
8.214885778018420634e-04 2.031891489153356961e-02 4.587832856001569995e-03 1.655478908802247373e-03 2.705529912624671240e-01 9.455019767080810045e-01 1.913350300530031493e-03 2.609135647253262762e-04 1.645285347996220619e-03 1.799536969454107738e-01
2.051193656249210018e-01 1.906611471534747776e-02 6.182133309597024479e-03 3.096204670521016666e-01 1.801942852772623893e-01 2.424232910448671230e-01 7.906878686648978194e-01 3.809572552009699020e-01 -0.000000000000000000e+00 1.023270705965156034e-02
3.250265345335467265e-02 2.112670246461304316e-02 1.301116936367335657e-02 1.423508114787690529e-02 4.329605285311221574e-01 1.932198850370232465e-02 2.684855146374990342e-01 6.023759746881166555e-01 6.080295279230503169e-01 7.520611753262927690e-02
4.065262792171385753e-01 1.143646970949842995e-01 6.420990045722878570e-01 5.873239877822275523e-02 1.795086750155297783e-01 1.080866951775898976e-01 3.465422828845093339e-01 -0.000000000000000000e+00 4.918524393740698053e-01 -0.000000000000000000e+00
4.787729736032694111e-03 3.074826390348362470e-01 -0.000000000000000000e+00 6.019117692551800847e-01 6.857542223479522470e-01 -0.000000000000000000e+00 1.528941904345753611e-01 1.460003687446491394e-01 8.626622393537964825e-03 1.676535509437935001e-01
3.471413122741281998e-01 1.118413872780173457e-01 2.734100881323576126e-04 4.673785167499578952e-01 1.027971385776988156e-01 7.228393254301253013e-01 1.212034710841742580e-01 -0.000000000000000000e+00 1.771856735625998158e-01 2.634248931386939940e-01
9.294278655648464671e-01 2.542991789839718891e-03 8.208771850356101629e-02 1.354166630558754914e-01 1.823883472048342357e-03 1.531325587795350496e-01 2.085612181520814790e-01 1.436190805816348615e-01 1.527001360639018424e-01 1.366927410678441673e-02
1.862617245781781061e-01 9.389352410963615683e-03 1.630616266985916718e-01 8.843943986413027591e-01 3.940691782483797811e-01 7.800178342972205817e-03 2.907343462575181017e-02 8.256431123614573278e-03 3.334106060299543012e-03 1.414050996851047570e-02
5.981358276152272113e-01 4.891370568656703242e-03 -0.000000000000000000e+00 4.243981987370641917e-01 5.444255019549076868e-01 9.568532454737870008e-02 1.933327423269103063e-02 4.949476089968336996e-03 5.188457460842079393e-03 3.951148867306922274e-01
3.414696236162977905e-01 -0.000000000000000000e+00 2.083949287096016623e-02 2.204558519913134007e-01 4.197946316339865591e-01 1.923798452997894648e-01 5.548618991290678037e-01 4.118271193659569507e-01 3.262924939705947880e-01 1.928361906095303890e-01
2.061737307277798081e-01 8.251151317747613678e-01 1.254667451316137661e-01 2.792049111352136181e-01 -0.000000000000000000e+00 4.277611718760025439e-01 -0.000000000000000000e+00 -0.000000000000000000e+00 -0.000000000000000000e+00 7.108962175722848735e-04
5.548324414642320512e-01 3.041922799841238409e-02 2.438390216511693853e-01 2.506939333402272707e-01 1.183981770422630128e-02 8.940438491689958050e-03 6.213639819251737251e-01 4.272334219083979701e-01 7.279262240996241945e-03 6.001713213198239111e-03
1.889763346328281468e-01 4.249872842027688918e-03 1.559450023724065215e-01 6.327927724970153767e-01 6.107514089614315411e-01 2.294716862797242518e-01 6.175570388510819714e-02 -0.000000000000000000e+00 2.666743228374451880e-01 1.972836715610027658e-01
5.239996837778816419e-01 2.242639227616607667e-01 3.400089693775599220e-01 3.498882646705005987e-03 1.035073766004326462e-01 3.345021207151702702e-01 4.943416992613253735e-01 -0.000000000000000000e+00 4.387625049340287409e-01 4.470545051517306294e-03
1.496380115545954403e-01 7.156463463838662609e-01 6.080177418538360024e-02 -0.000000000000000000e+00 1.843385202059727168e-01 2.741509160934019751e-01 2.847045371116230794e-01 3.824376377351838552e-01 4.660149926880757798e-02 3.509067994385806633e-01
2.544252442287365246e-01 3.133373542013671159e-02 7.579476592050764516e-01 -0.000000000000000000e+00 4.898223323513611893e-01 1.615144114077129434e-01 -0.000000000000000000e+00 2.893586112653221964e-01 1.003000984715918670e-01 -0.000000000000000000e+00
-0.000000000000000000e+00 6.240509267098192092e-01 9.208010639866984898e-03 1.722141486680633660e-01 4.089404069634759442e-01 2.518325996570728309e-01 6.064821047865958520e-02 -0.000000000000000000e+00 5.356165393703655152e-03 5.886077911238730698e-01
3.930538997431725634e-01 5.435349216381370197e-03 2.575591918417507453e-01 3.585661049551588930e-01 4.941253709819939943e-01 2.901690035313914118e-02 4.131669963129998568e-01 2.725372740823064355e-01 4.007334582861437067e-01 -0.000000000000000000e+00
6.162872490773732212e-03 2.957133467792479320e-01 1.647010240127930736e-01 4.805898871780379250e-02 4.970737094246706622e-01 6.898651703091464825e-03 2.566813338164563030e-01 6.694172684379461058e-02 6.549270989124279518e-01 3.696669731296564620e-01
3.689448235985385294e-01 3.631987000853342806e-01 3.936837705843849733e-01 4.959405743228480490e-01 1.442141126902513892e-01 -0.000000000000000000e+00 6.952474353915135200e-03 5.315063641721545773e-01 1.653424089043562528e-01 1.841961939007254537e-02
2.326100828908757301e-01 1.975847943447546218e-01 1.156214908015166104e-01 6.043274361911096237e-01 7.870896972290207516e-02 2.383283245600586742e-01 5.815873787901769676e-01 2.136560540341830572e-01 1.310495023758704268e-02 2.849785932242887010e-01
2.663168067774426273e-01 -0.000000000000000000e+00 -0.000000000000000000e+00 -0.000000000000000000e+00 8.852734132043255100e-01 6.858741368356083279e-02 9.527105521306830638e-02 6.634589128236613800e-03 3.626850253432338800e-01 1.043859710798024885e-03
1.304590279833105692e-03 7.898042591416992719e-02 8.711927332940767876e-02 7.701049646167460426e-04 4.080820190907855638e-01 1.884994337192730240e-01 3.082590985696808533e-02 1.888115260261463355e-02 6.873430445447623605e-01 5.570995092222235101e-01
6.377080521576685701e-01 3.096125196492188203e-01 1.546068030342611643e-01 4.270551846160385856e-01 -0.000000000000000000e+00 1.012797043196270036e-01 3.044035785967818541e-01 -0.000000000000000000e+00 3.490762011725346281e-01 2.577126738116982119e-01
7.636764524000627663e-01 -0.000000000000000000e+00 -0.000000000000000000e+00 -0.000000000000000000e+00 1.328741641111604588e-01 1.177106737768940786e-01 4.202296005472095364e-01 3.836661554884900349e-01 1.550191515305404943e-01 1.935545309616150123e-01
1.518975893596850035e-01 7.062312366208230862e-07 5.930453342964828733e-01 -0.000000000000000000e+00 5.209430983190581343e-02 4.264132151184373302e-04 9.612020578395406856e-02 7.831101870089162142e-01 3.113826136558864137e-03 -0.000000000000000000e+00
3.393982280210015023e-01 2.567881950189376261e-01 2.084073246454386241e-01 1.174720487003977493e-01 2.634688953316096094e-01 5.025697595410073548e-01 2.331816851106133792e-01 3.697332617618664941e-01 4.907577369039511916e-01 8.788406599512819939e-02
2.085386555061938541e-01 3.467785958882211306e-01 6.947307479282783804e-01 3.696768636206680947e-01 1.225824750512103170e-02 -0.000000000000000000e+00 1.547533299626699388e-01 4.391399248482385498e-01 1.306758552833143074e-03 -0.000000000000000000e+00
2.400339123891079562e-01 7.265915007594063793e-03 -0.000000000000000000e+00 9.798143975313948137e-03 1.687045347737496370e-01 8.458412234454766587e-02 7.178860207538629856e-01 1.002444693733456349e-01 6.131788946987106748e-01 7.226050520999029170e-02
5.233805844100579696e-01 3.033773276572603872e-01 4.983655981092716646e-03 1.157846161897897741e-02 7.565069509513688839e-01 8.815363087316327451e-02 8.433084622502418082e-02 1.230491856720123678e-01 1.776216206780373841e-01 -0.000000000000000000e+00
3.108995821267499515e-01 1.761121326303782646e-03 5.302897927202101513e-01 3.247174000893352508e-01 6.370661322187923595e-03 2.167448019849721186e-01 2.734940281094561804e-02 6.522999672275996419e-01 1.448515694925799624e-01 1.498185079493583038e-01
8.860859659779382058e-01 2.266246162288342303e-01 4.716578098171966132e-02 -0.000000000000000000e+00 1.363941885400381249e-01 8.221550989849297358e-03 3.190751488741580544e-02 7.420495544319950787e-02 2.477747736483488783e-01 2.732774439597596694e-01
2.366098451585164075e-01 3.305086146141158476e-01 5.834097696444252579e-01 6.900732023752008670e-01 9.181890833437954258e-02 8.143810349645852487e-02 1.171411411992031963e-02 5.290358046780261475e-02 7.619407977680080907e-03 1.244634823228750985e-02
2.173561563608958913e-01 1.653536797225832466e-01 4.792299918067750575e-01 -0.000000000000000000e+00 7.660850009547311990e-01 2.534279284609876424e-04 7.012872264413351486e-02 1.149498634735997282e-01 2.413084775041776375e-01 1.802928000944318820e-01
2.524247142378688129e-03 2.863726240694245417e-01 6.437043565089060060e-01 1.664728446545810829e-03 -0.000000000000000000e+00 4.028714023788144138e-01 1.122529647195986838e-03 6.894897823656739692e-03 5.502925248996279883e-01 1.960873502975733207e-01
-0.000000000000000000e+00 1.989015129152598132e-03 5.689144388030742405e-01 6.662193510701319710e-01 7.955315952939921720e-02 5.567863909671773304e-02 3.675755594891382816e-01 -0.000000000000000000e+00 2.705472043184640185e-01 1.214404531399204540e-01
2.648355782846023576e-01 5.343539622206946449e-01 3.631885089716367920e-01 1.015838648404402689e-01 5.841341790879238660e-01 1.209429609329743249e-01 3.703235204230488891e-03 2.260041928662751276e-01 2.266658404202965549e-01 2.092697626348149487e-01
2.133807963239426064e-01 1.644382513308745991e-02 1.544863993104454887e-02 3.673200699204081515e-02 8.640712150122955570e-01 1.996853855449426118e-01 2.163094317285361723e-01 3.454377621135117371e-01 -0.000000000000000000e+00 -0.000000000000000000e+00
1.333990135306474534e-01 2.231030931303500109e-01 2.461468558445735200e-01 7.957306188234403166e-01 2.766203694237602262e-01 1.938012439947822407e-01 1.299825811248359227e-02 -0.000000000000000000e+00 3.527144949975755672e-01 -0.000000000000000000e+00
2.178816866264758200e-04 1.077290827476222457e-01 4.521522027909164465e-01 3.450568667283299695e-01 5.248355903747727383e-03 7.271559358449781740e-01 3.613674921894044489e-01 6.088453358144567396e-02 4.202654805783490044e-02 6.754230988861433665e-03
1.868355963223853333e-01 -0.000000000000000000e+00 3.034532340622385083e-01 -0.000000000000000000e+00 1.602981773256730025e-01 3.104191246544359406e-01 4.762111409794549943e-01 3.282900622728881501e-01 6.300619188516077829e-01 1.393686432157779653e-01
1.774637259152962165e-01 -0.000000000000000000e+00 1.863827264866613764e-01 2.141938792470216846e-01 3.778090914145789680e-01 3.230953346170923335e-01 2.602466737433660748e-01 3.272293821440303008e-01 3.960719836378906802e-03 6.825948252832412244e-01
4.583681818172679612e-01 1.854478936760001195e-01 2.241063041580216020e-01 1.435185252933866840e-01 7.189074032199181674e-02 4.772662825383282570e-01 1.431448652395110321e-01 4.177360342706347152e-01 7.740815724091236472e-02 5.007486728798020703e-01
-0.000000000000000000e+00 2.223626116294236954e-01 6.544242684623153838e-01 5.327077517886136260e-02 4.269380435135742245e-03 2.524170720361736397e-01 6.729034994318717766e-01 1.730100842613145097e-03 -0.000000000000000000e+00 5.395601586059896315e-02
2.568291468012164902e-01 6.257947798362133440e-01 3.258232602285808799e-01 2.413492102264958028e-02 7.152056450786936637e-02 3.704923954145654674e-01 5.183998833800357309e-01 1.567096115187800731e-01 -0.000000000000000000e+00 4.938886565177971017e-04
4.356482155996563820e-03 2.466497458705926571e-01 2.975155612901175719e-03 8.855534763869208348e-01 -0.000000000000000000e+00 2.221572236283897179e-03 6.590167202717113135e-03 3.935269927170651494e-01 4.387841088395015229e-03 -0.000000000000000000e+00
-0.000000000000000000e+00 3.503016079646665282e-01 6.922081229882624809e-02 -0.000000000000000000e+00 -0.000000000000000000e+00 8.631251138127514766e-01 -0.000000000000000000e+00 1.084312012088738293e-02 3.135248516249427020e-01 1.705781189584005542e-01
1.783250437635527097e-01 1.221157329334977976e-01 2.317622890796077612e-03 4.130865705155797318e-01 -0.000000000000000000e+00 8.116948403045352867e-02 2.387514400391152480e-01 2.126466460419268178e-01 4.121067124792363902e-03 8.208627935867272019e-01
3.681256355395778890e-01 1.205398261832179990e-01 1.612526325696797269e-01 4.657673480624637818e-01 1.253618077126308350e-01 4.173388264155708516e-01 3.659810090390429038e-01 1.792522385769829696e-01 -0.000000000000000000e+00 5.010501869588601664e-01
1.817436986354111980e-02 1.778918086322942016e-01 5.859174512834967180e-02 3.148612125815199447e-01 5.520056786992734617e-03 2.599924683077548537e-01 5.256295928772409809e-01 4.079017913894701121e-03 3.571115004116883207e-01 6.276904772980786973e-01
4.308754040204306190e-01 1.780151118383296038e-01 -0.000000000000000000e+00 4.266774288749891064e-01 3.224835840899305528e-01 4.497557656850589836e-01 1.982482115568307349e-02 8.619479640066358972e-02 6.507666455083961632e-02 5.312908133519120835e-01
-0.000000000000000000e+00 2.162705332132680014e-01 8.278365777873624223e-03 1.626480028864876193e-01 9.829666453917957833e-03 5.588588664913994586e-02 5.715379239777312187e-02 6.519556974313488185e-02 8.526426521581272067e-02 9.532561483616067699e-01
-0.000000000000000000e+00 1.169808876970967054e-01 1.016442993441124404e-01 4.510542331261681477e-03 -0.000000000000000000e+00 6.801521798196901170e-01 1.508757796064982282e-01 6.134405245699965370e-01 -0.000000000000000000e+00 3.380588670073075841e-01
2.902819102890392133e-01 7.822931643831639859e-01 8.495542329732494805e-03 1.033968782056887692e-01 2.631299430831915420e-01 8.662894364302682615e-02 4.553097675053522919e-01 2.317391769622751882e-02 6.523917052621260038e-02 6.440981147601530787e-02
4.989907016526465844e-01 5.029123443963304796e-01 2.971326765105146775e-02 8.794897481191739363e-02 2.332226235658096600e-02 2.386581785145901191e-01 1.079725990164474847e-02 1.613570850104531496e-01 3.560223848682773085e-01 5.282643947380276650e-01
5.174009570531157287e-01 -0.000000000000000000e+00 4.383271530232402680e-01 3.394939773319347043e-01 1.527971455925387634e-01 1.396995060797977528e-01 -0.000000000000000000e+00 5.471738613847795252e-01 2.188803664505725721e-01 1.863830110765761217e-01
5.598098834539807500e-01 1.084236692934841678e-01 1.330353597382758976e-02 8.598215264692829485e-02 3.573864417248335396e-02 2.456422153849680268e-01 1.293490180086615815e-01 6.082148432551492956e-01 4.296507689501226634e-01 1.855092766934478277e-01
6.413202695850010217e-03 2.777324616666450308e-02 3.192751204491902084e-01 5.974947378435231382e-01 3.159504174541679089e-01 1.400967789218558746e-01 2.044666825954608302e-01 3.504920282175676971e-01 3.835118759800072996e-01 3.302522285055751183e-01
6.296405321569361613e-01 6.403135906893194784e-01 1.319956877573957021e-01 3.662724962618417734e-01 3.203115131697932549e-02 -0.000000000000000000e+00 5.875682735350192670e-02 1.934361196794107951e-01 8.775587005115645378e-03 -0.000000000000000000e+00
3.617674538126316314e-02 8.510996284504563913e-01 1.685239729201485626e-01 4.289861254476052405e-02 2.781692451305500108e-02 2.009047830830752446e-01 2.364841900816087028e-01 1.530128871255210946e-03 1.733941536815476747e-02 3.830349373161786031e-01
5.280608835435482984e-01 -0.000000000000000000e+00 1.150159913681948884e-03 1.517139882521466310e-02 5.619884786331771354e-01 3.409459633168528958e-01 4.285017940366364075e-01 3.701494507079457902e-02 1.334954447667882627e-01 2.933258966028814418e-01
6.501282825343308869e-02 6.725122519110271480e-02 1.598491004686967976e-01 5.424943503788092619e-03 1.884697162128381176e-01 4.400107088063835437e-01 4.129467269925315119e-03 5.597724103448793453e-01 4.578063607127284829e-02 6.489076295006330763e-01
1.963649306092894731e-01 1.644030004261871989e-03 9.790704955181099046e-04 2.957001540668866557e-01 3.887936609764152673e-01 7.713390107128913209e-02 5.465719490387417334e-01 5.265913153279114800e-01 2.289570578933798339e-01 2.973680863408815211e-01
1.780317409481869395e-01 1.176514768659771629e-02 6.579282126941461417e-01 6.905382159497545913e-02 2.110087849000808757e-01 1.837668241498155658e-03 1.254768909528302945e-01 1.591850893876017303e-01 2.346560649810453258e-01 6.243816310323324625e-01
6.279401659906689304e-01 3.919649930417526962e-01 -0.000000000000000000e+00 3.580438677731120345e-01 2.758712267235276516e-01 3.705085124511905970e-02 3.578030367198339889e-01 8.587510609110843296e-02 1.230512130748302457e-01 3.095841301362959874e-01
3.313384275375207411e-01 3.117128495488462048e-01 3.801217382409207146e-01 5.704048167772197697e-01 5.581175640691042605e-03 2.799402889391041094e-01 4.050621243522791182e-01 2.702604708111737142e-01 8.764698178744621815e-02 -0.000000000000000000e+00
6.281075003124395595e-01 2.274785549223359848e-01 1.158520736634903979e-02 5.038650987900046285e-01 -0.000000000000000000e+00 -0.000000000000000000e+00 3.049768265452211802e-01 3.512330399166606609e-01 4.993637403638296474e-02 2.843432182815836540e-01
