-5.728653873479266911e-01
1.976390511906861158e-01
-2.214397811424856644e-01
-3.759594968599584419e-01
5.848239086107828166e-01
-6.062547253188736995e-01
1.892934924737045499e+00
-2.928989694418410727e-01
-2.425864010469751253e-01
-8.502958603186383524e-01
-4.472427995528858169e-01
8.668343765524196831e-01
4.626357523204935318e-01
8.877887281169311029e-02
1.919802652661306119e+00
-1.405118108331962490e-01
1.109833397561664214e-01
1.212380754155294893e+00
5.031656298374652392e-02
-4.213880220490602568e-02
3.663770166044134635e-01
-5.839611058034140934e-01
-6.696825361612833427e-02
-6.892366023015343846e-01
1.889002207917871212e+00
4.867882118225483890e-01
-1.682999421039864663e+00
-7.773970171843135324e-01
5.265514566249098610e-02
-2.370425456574798140e-01
-5.084551895118037956e-01
5.682887067365185452e-01
3.236249747931780330e-01
7.242208286024214292e-01
5.833877837975292024e-01
8.616112957729843425e-02
-2.960583562258337631e-01
-3.248123353776080635e-01
9.465464743460486607e-01
-1.291007378390746974e+00
-8.822780825665065274e-01
3.806966592526265236e-01
-1.054393305152462545e+00
3.578022443330555746e-02
-8.332852200422682931e-02
-2.618734326508312948e-01
-5.583851905013751393e-01
-7.942511371024318922e-01
3.994378680314050745e-01
-3.569181726345791589e-02
-2.415582081149557636e-01
-6.184476283002460217e-01
6.825858303390636150e-01
8.044980973612622654e-02
-2.365672856906564925e-01
1.284907339624847822e+00
-1.396566315695834670e-01
-1.059057827980777633e+00
4.845563105287183786e-02
3.111568167412122055e-01
3.054285788845464977e-01
3.330065121270563977e-01
-1.998331456279391349e-01
-1.000585045367994724e-01
-8.617363906432929932e-01
-7.736957764200225922e-04
4.732107628441514224e-01
7.956054503798617450e-01
-1.048114952467238181e+00
6.189002315730166570e-01
4.822581064316590060e-01
1.398690455315847458e+00
4.005155734814085378e-01
7.458861033384767136e-01
4.148912299127331949e-01
-1.205457705531428753e-01
-2.262363289118382692e+00
-5.577138775659119113e-02
1.800648929462313197e-01
1.409281428502047628e+00
6.469509530077046655e-01
