1.192764731188290295e+00
1.950729024095052555e+00
2.044742605351625109e+00
1.970400744886412259e+00
9.310278496742172560e-01
3.158946557359136431e+00
3.374485724671542286e+00
1.864823316465538783e+00
1.960369671759343638e-02
2.122509262038578814e+00
2.587198503735578470e+00
-7.031830434252753781e-01
2.539733486016579000e+00
1.537251326082258673e+00
-7.990019280877472818e-01
1.905361745293981279e+00
3.517290230445218491e+00
1.858724049986125948e+00
5.672084228116969218e-01
-5.785230866979355069e-01
9.692649514654918530e-01
2.925689168702157339e+00
1.361938405391932116e+00
1.703390017461976713e+00
2.673586753036673258e+00
6.305841825477705997e-01
2.381315719309847090e+00
-1.002187443783739917e+00
1.483610980577497518e+00
1.772590989123699945e+00
4.239031130765611999e-01
5.896489567354548100e+00
2.772309888733624494e-01
1.955284977182386585e+00
2.789775081440525550e+00
8.953149261325757946e-01
6.190862257600507901e-01
-8.441539939461468744e-01
5.201386241975471947e+00
4.435237342149515705e+00
1.227044634820880997e+00
1.883378683507773266e+00
1.210204241790631796e+00
3.055222744771151522e+00
1.908679261982853426e+00
1.906720646449298506e+00
2.617630323866432018e+00
3.236749249096005698e+00
-1.379979524467846996e-01
3.433288453369645055e+00
9.771693402505953197e-01
2.505300024860198871e+00
1.883573660833485874e+00
1.097862144623277469e+00
4.087288209644917431e-02
-1.079514184448877590e+00
9.722824337926579963e-01
1.413302031646071821e+00
4.201490954412855139e+00
-1.453424468090040445e-01
1.245415826337993526e+00
-1.707798886848895137e+00
1.101006544718721836e+00
9.158326234188065573e-01
-1.500862310296651625e+00
8.172563381103807867e-01
7.175272414641798990e-01
1.876730289267697360e+00
2.984651114798486660e+00
2.511010548754385674e+00
1.714894844716072786e+00
2.721320734859402624e+00
2.657869140956247156e-01
8.883320951491969764e-01
1.676060231350158691e+00
-1.580134252106446313e+00
7.878315996480182715e-02
1.838603856777408119e+00
1.026425458082774966e+00
3.099528053419218665e+00
