9.459178708344440772e-03 6.787001853563030540e-01 7.399506964957688546e-03 3.068959248829748354e+00 1.007000374593270409e-01 2.179491184422560401e+00 2.360256979500333419e+00 1.349094945629458309e+00 5.626697460764307213e-02 2.771029350982459949e+00
3.808072494631225546e-01 8.440719008710422314e-03 2.957910733266094994e+00 1.758852164582171085e+00 3.301807842902467094e+00 3.405589095884852036e+00 3.484651001849442320e+00 4.238271588657800508e-03 1.856580431598570395e-04 7.635664368604322969e-04
7.816060991514581918e-03 1.981983212899070534e-01 7.580417631460512062e-01 1.352199869549418690e-02 3.760377599081713207e+00 5.672573249371338555e+00 4.574317486358073226e-01 2.946740927919032416e+00 2.189935319097550348e+00 1.097916075366241584e+00
1.523441052919285443e+00 3.498423981785244157e-05 2.734149523113221125e+00 2.344380619335645669e-04 2.249762373823322760e-03 4.974752328983059080e+00 1.244274657415926022e+00 2.382792566327612160e+00 2.140885737724309568e+00 5.132185860997617866e-04
9.692805655660362285e-02 4.690488501771697960e-01 2.464714944562135468e+00 9.069803389263155768e-01 2.325785232284280912e+00 5.731015935730363609e-01 9.854174285307626402e-01 8.113926467673225895e-01 2.210398226630971019e-01 4.131973827556008061e+00
2.654125675231533421e+00 2.020756092616154742e+00 1.044664768827020529e+00 1.780651031121483152e+00 5.582846984476000918e-01 5.073003082297893318e-01 2.656031208570421409e+00 2.521839171582032080e+00 2.425497972163108695e+00 1.426404833938327066e+00
3.277864317465155608e+00 3.766417399634304775e-01 1.436830416593561033e+00 1.035860218941532462e+00 2.441887819589819042e+00 5.669651668967222446e-02 4.000230676813914421e+00 1.201870965763731161e-02 3.795951868475222479e+00 1.726630052601248799e+00
1.908916748587751178e-01 1.337588907067431387e+00 1.775893475412492428e+00 2.702619001412426947e+00 1.556073706557629999e+00 3.613789035581446818e+00 6.452552076844744189e-01 2.175220544993004997e-03 1.855739339304826263e+00 8.664603394310940176e-01
5.480600137491760115e-01 4.358410995266224774e-01 3.247687710613992862e-01 5.481629596329117910e-05 1.418171513351493607e+00 7.728174222980689449e-03 2.252198016908139699e+00 4.194143377169891274e+00 1.184493810466846098e+00 4.401336229761043141e-03
4.849024910553199064e-01 8.802870060536952534e-01 3.719601972070228912e-01 2.377696551007341785e+00 3.086136182317724026e-03 3.051452689061355805e+00 2.540631727775573445e+00 2.724509841266312214e-03 5.972160707527217616e-01 4.638864247973502053e+00
4.538682144577607325e+00 2.454258196917532331e+00 5.162160408581866096e-03 2.374238422147880279e+00 1.800590007705101137e+00 2.333545368326663816e+00 -0.000000000000000000e+00 2.260394453179837448e+00 1.588304409751670088e+00 1.672261528310562850e+00
1.150098943616592706e+00 1.432809023577766468e-02 3.712558343287809121e-02 3.198266455008602367e-03 4.592248651782997015e+00 1.489561562810087336e+00 5.555488257208165276e-03 2.241973154771372378e+00 8.345135229263658250e-01 1.115864854674904344e-01
5.670518095470974268e-03 1.321745236676318491e+00 1.079878636077014287e+00 3.204341547097099507e+00 7.003125829344540761e-03 3.165100067049683830e+00 1.851237178796484528e+00 9.791205128447550976e-01 2.431083150943878224e-01 4.436556347760974184e+00
2.274625909486681419e+00 1.152836107767034157e+00 8.315111410073440235e-01 3.905914735853963180e-03 1.350211271313954964e-01 3.279930416222075262e+00 1.467340719183979791e+00 1.636107190540423417e+00 3.940040070583581855e+00 6.167404196678372835e-03
1.616139345407183292e+00 2.060267473259333126e+00 2.618415477482974207e+00 -0.000000000000000000e+00 8.097295644769043621e-01 -0.000000000000000000e+00 1.364913149510467827e+00 9.618181445232091287e-01 3.486375204354812910e-03 7.560170473384772091e-03
4.692459897908227262e+00 3.039153771084259631e-02 2.392697418945016530e+00 1.705276908816219184e+00 2.365843338586387790e-01 2.009509357207079905e+00 2.638853069121090744e+00 1.031043917856826614e-01 9.027230916986220266e-02 5.864719426787631251e-01
2.398606075598857856e+00 1.463169414010715208e+00 1.964431767899671888e+00 4.430281780770151112e-01 1.250066818412189917e+00 5.302531898462109429e-05 1.297707954365796557e-01 4.267059953553513085e-01 4.636860270512944027e+00 4.514948231411038293e+00
1.364606456973691317e+00 3.320034697552998182e+00 1.097785162754050248e-01 5.598186126306867183e-02 5.929679138431411811e-01 1.520459307105283653e+00 5.224178613312629310e-03 7.548630893824901864e-03 3.845461416327886628e+00 3.084010087421204194e+00
6.541550239858108240e-01 6.067000395212367447e-01 3.016764424120500276e+00 5.642133784179190759e-01 3.105154485640837958e+00 7.883400961322136746e-01 1.082023111248047176e+00 8.501935021304990459e-01 1.900813603592633072e+00 -0.000000000000000000e+00
4.520431999601419969e-03 4.082465600739135052e-03 2.381421305498609975e+00 7.111613879670654163e-03 3.606422210713606802e+00 8.781605718981334158e-03 1.644158659334907790e-01 3.808939531640346821e-01 1.410557765186228441e+00 1.128767810184919007e+00
3.412066412333413012e+00 1.054832039746954678e-02 5.546772410659559505e-01 3.823454230687800028e-03 1.816451185374829691e-01 2.875872042110771076e+00 4.595712464852607856e-03 1.679897374542242749e+00 2.968879991725747125e+00 8.940250668959903724e-01
6.470081082075064549e-03 1.686023288016488708e+00 1.204406373669270280e+00 1.122294127698877153e+00 4.292307129487395179e-03 1.985516709301324401e+00 2.287000265819509950e-02 1.952032988951598380e+00 2.653138970947131803e+00 5.310173787254147904e+00
-0.000000000000000000e+00 5.117013889512078251e+00 1.381806136733827239e+00 2.674488077695524435e+00 2.218308346750342414e-03 4.898416127037680257e-02 2.426248983549984306e+00 6.792647916851498602e-01 7.822962600035707759e-01 1.284787697001476880e+00
1.339491209397142502e+00 9.220397745481674345e-01 6.809569854017023458e-03 4.421280158197994359e-01 3.575428392718923210e+00 1.529620301451714459e+00 2.681836259356515040e+00 1.595532486736898556e-02 2.473102887095588898e+00 1.672316530678619184e+00
9.066063178142433898e-01 1.274642849771535191e+00 2.770997094431074892e+00 2.108079953426603037e+00 1.916081435754731110e+00 2.412745577996725233e-01 3.696478869043219095e+00 9.319682810481420669e-05 4.089709760068369171e+00 1.137257788757056187e-01
1.439242008997338340e+00 3.275328729219128210e+00 1.312643248276905927e+00 3.579439153967529652e+00 1.264460701601268111e+00 1.326178972088455366e+00 6.641208862470846519e-01 1.128244469461366431e-02 7.484441870120753758e-03 2.920961253335994656e-01
2.176670548910642766e-01 1.443239560426911872e-01 3.898745162185482949e-01 4.494307748074757747e+00 2.462719499115663790e+00 9.953811392808626923e-01 1.953773517466535159e+00 1.851958030857285387e+00 9.198460601408402493e-01 3.622804709743602913e+00
2.237214209234133777e-01 3.222593696830390098e+00 4.407849505632737211e-03 3.752448658266338381e-03 2.147862700439634676e+00 2.380806706356947355e+00 7.763825317184108211e-03 2.478980908130806217e-03 3.291732185402867494e-01 4.498295136038964470e-01
2.442501554924987172e-03 4.775970973403789038e-02 4.835424183907657714e+00 9.324141503766078531e-03 4.007556049188048530e-01 1.791678756127318417e+00 2.141454613946738750e+00 2.771832378145166143e+00 1.300227790391088156e+00 1.024082686935343448e-02
3.032330043030766632e-03 1.426049331316109559e+00 4.386861269616523784e-01 3.277181857387245212e-01 1.673911390915282960e+00 4.248111245082088594e+00 1.536928376048070088e+00 2.772501177794566285e-01 1.809471711510805880e+00 2.787649716699646785e+00
1.020888324253412138e+00 2.051418348521556190e-01 3.759520216288933080e-03 3.229237037179587766e+00 6.474813640302475859e-01 6.208222796743229077e-01 3.319993242745109985e+00 1.776791759622256273e-01 1.539151854671721331e+00 1.014338596002863219e-01
1.979383917763644529e+00 1.076667246959721158e+00 1.687725285402783770e+00 6.107516722152003460e-03 2.202029329679809806e-03 1.402779455849755497e+00 3.503306776122724564e+00 3.580364188024797389e+00 4.462584381672112244e+00 3.631395831937783925e+00
1.053626624419799936e-02 4.115171288593797883e+00 8.174301344878574793e-02 7.568966125317024840e-01 2.432480707816099486e+00 3.371372703888828037e-01 1.644068903434714235e+00 4.042404019468845533e+00 6.766129465884924976e-02 2.544228939083219634e-02
1.656485849767800778e+00 1.851135895221889482e+00 9.013590167190553837e-01 3.386095691705155453e-01 2.104188977398853577e+00 2.168299290068623542e+00 2.310263836135521220e+00 6.374421794428937194e-01 1.061856916706267695e+00 3.659084885004309839e+00
3.320816585274361632e+00 2.277637602240031978e+00 3.794596906293794980e+00 8.423558068097943829e-01 8.257269267012310454e-01 4.004879858858437745e-03 3.472349305697917554e+00 1.821033257427845664e-01 8.715550981685983301e-01 7.904645361607117726e-01
2.037087099969031811e+00 2.020007249300531882e+00 2.726835048072236665e-03 3.204498261580308593e+00 9.554448615484411808e-03 5.678287694044500435e-03 1.206193860158332326e-01 4.538059653385200648e-03 1.234775421110362981e+00 3.464153718474838772e+00
4.933378675308796035e-01 3.064503991398786820e+00 2.877937599343755037e-02 8.536330521945549865e-01 2.724537508699484967e+00 2.892667920362634870e+00 1.688462653574761996e+00 1.367192809457187685e+00 1.289921895163794081e-02 6.047600875697166888e-03
1.180715527938037690e+00 1.186751048233409822e-01 4.503332409931616320e-01 7.825798199200952043e-02 3.419894289186184988e+00 4.384971557303116163e-02 2.057984671807734589e+00 3.693916061539437856e-01 6.660068000272616473e-01 1.111533685581684574e-03
1.336032579626092121e+00 4.689886968917270083e-01 6.713375712151533392e+00 1.475448059700949950e-02 1.088446220005055915e-03 -0.000000000000000000e+00 1.455078968554340380e+00 1.593456066319142717e-01 4.492626980263192848e+00 4.807365367952413315e+00
1.439879935297043501e+00 3.644111450061132251e-03 1.102021681277274734e+00 3.330058439321229802e+00 8.510200326476055066e-01 1.996074156336659078e+00 7.846782442127592239e-01 6.041454481317177772e-01 4.786562384704376782e+00 3.300990378463013464e+00
9.449807604261036831e-01 3.311512807489877197e+00 5.439981930902074714e-01 5.026223254401177565e-01 3.015766308524994610e+00 4.870650985066304894e-01 1.633016280564034400e-03 7.667668803178443460e-01 3.361186487603748940e+00 1.983868408206210576e+00
1.503254728594332290e+00 4.599129857199900015e-03 2.162828688030514979e+00 3.565846560116911146e+00 5.602887315392107714e-01 1.194037260517457621e+00 3.332961568866152705e-03 4.677559648732553324e-03 2.156383767222563641e+00 2.737086133923300135e+00
3.227261093133426684e-03 7.541909775752763112e-01 1.889731527742693151e+00 3.631914968667057653e-02 3.315782675449736594e+00 2.771520076305365343e+00 1.726379375108253234e+00 1.106572424818941469e+00 3.008745784313920403e-03 2.922291280641047706e+00
1.058818536175410108e+00 3.345575756085270580e-01 9.515208433807828244e-04 7.883904330840427743e-01 9.536043114904335649e-01 3.048817853322202787e+00 1.295589098914133076e-02 5.753594220788251778e-01 5.862441036149189877e+00 2.468398173289670261e+00
3.559884044329013619e+00 1.880450557879892182e-01 3.709077165230645790e+00 5.507842987503115406e-01 3.420531997537531316e-02 2.490298180404495326e-03 2.685757493140227492e+00 3.545216518379858961e+00 1.462379499078023226e+00 3.397363952212612698e-02
1.405748896039550555e+00 4.263151852681334120e+00 1.283900667723293587e+00 3.390773695201293680e+00 1.088848980537921243e-02 3.302232240627752002e+00 3.091751009997413275e-03 4.993089100378835798e-01 2.490532428829887734e-01 4.666506692291209069e-01
2.186610330672702496e+00 4.506961930557154550e-01 4.413600047462107323e-01 4.377329892242507903e+00 2.579865850001384908e-01 5.775746480603262123e-01 3.103951944310883615e+00 4.152801607681872592e-02 3.048930798264578801e+00 1.495353372796481173e+00
4.671203243919026978e-03 2.037849200339984623e+00 7.635321464367851932e-03 1.950588328031795493e+00 2.405817907810479550e+00 8.999491151033659486e-01 2.330170004409013007e+00 3.544381004473918292e-03 4.641695206372379090e+00 1.880308462041854645e+00
1.535558343341610454e+00 3.605429763917320063e+00 2.669004297777760777e-03 1.922630027143601872e+00 6.179576469330710919e-01 3.447484892206783180e-04 6.185077586326372633e-03 2.033677243277983493e+00 4.551299849269252983e-03 3.337106045723395198e+00
2.962075241645756751e+00 1.736470476622192435e-02 5.928077142579908809e+00 5.549717807359719757e-01 1.355290083251975641e+00 6.315259290422079765e-03 1.382821315541872931e+00 3.571257649049432992e+00 1.070455240821193810e+00 1.684879728479144134e+00
1.421628131343572465e-01 3.257054196357375808e+00 2.338459479726172852e+00 2.327315273560863762e+00 1.310225438979842616e-01 -0.000000000000000000e+00 -0.000000000000000000e+00 5.179005590008854965e-01 2.406275356649603125e+00 1.568954045565364774e+00
1.900719624170463251e-01 1.676321565570806360e+00 6.030392142400056166e-01 1.253161024177448235e+00 2.019690680199693666e+00 7.074318678284620410e-02 4.117857958603473811e+00 2.038879718690293164e+00 2.535120192346477896e+00 1.983546595393799405e+00
1.395509134617376246e+00 4.052624657038221279e-01 2.847336983008776912e+00 1.355596136421115538e-01 4.149118809815076636e-01 5.435104329795382938e+00 2.961120697728857332e-01 2.398732714138010369e+00 1.537514561563126381e-01 2.152532002454827786e+00
2.139693199985742034e+00 4.912520818411461931e+00 5.573175282248672424e-01 5.795582292436131100e-01 2.648083207323465027e-02 1.917499381668504421e+00 2.493945904062393026e+00 1.297420587296316041e+00 9.558830763152448284e-03 1.896001905760565098e-01
1.607765140812252719e-02 4.152322388323900881e+00 6.195279181831715443e-01 4.513444555437874151e+00 1.325708930593837209e+00 8.751434258522833992e-03 8.695761987524796080e-03 7.204375921951687856e-01 8.054153355926166671e-03 2.019975476260639459e-04
3.272040610622410028e+00 3.531254687802583003e+00 1.569935798248906611e+00 4.822483103035176441e-04 1.832022137293998210e-01 1.249610475880246430e+00 7.980178864089080282e-01 2.800112832572059784e-01 1.131021115235414593e-03 1.738857705671510928e-03
1.743079701538624016e-01 8.238023710271650257e-01 2.595051436218168917e+00 3.666072144339608929e+00 1.549133870568670579e+00 1.122570906933725203e-03 5.959849828584035114e-01 5.935701296744646527e-01 1.288968391403381819e+00 1.909431992498240582e+00
1.166637498691927455e+00 2.967548927534030767e+00 2.653572918907036282e+00 1.745267502454094899e+00 5.769818067801854022e-01 1.323400122078011831e+00 1.997849602322796236e-01 -0.000000000000000000e+00 1.695229135201864745e-01 3.778673866884029398e+00
4.641959752351456497e-03 1.593959760293451877e+00 2.524149353336891721e+00 2.492823852836572485e+00 9.007909693722704336e-02 3.271750962687866249e+00 2.779172492031833919e+00 2.676803282135544304e+00 2.592690756803930796e+00 2.740390377702306077e-02
2.145531041788146354e+00 4.114373071391345782e+00 1.944544969350798722e-02 1.930546064339804690e+00 2.118519590113042028e+00 5.921321216976418306e-02 1.877044510465962768e-01 7.328748629545169847e-03 4.206496799314896062e-03 1.305924847990883819e+00
2.490680857503459134e+00 2.598545702086492090e-03 2.665386085022145135e+00 1.572552999089939618e+00 1.866205223669967772e+00 2.625823956732715736e-01 2.834829528634519313e+00 2.564849499444147973e+00 1.239833344227920901e-02 7.868661543214527931e-03
2.557268777897499845e+00 1.315494698340776702e+00 2.197598172260762373e-01 3.822419017009630604e-01 7.085910402703879743e-03 4.645048866495283223e-03 2.035251526121582138e-03 6.709927563244368898e-01 1.595450010300999738e-04 3.088869104974786405e-03
1.262883072213794700e+00 1.450424603566086601e+00 5.269282755792475959e-01 1.054390792597497573e+00 3.144547444480465526e+00 1.142691043887463787e+00 -0.000000000000000000e+00 4.147845166396986194e+00 3.278304969490385412e-01 2.342163070702806049e+00
-0.000000000000000000e+00 1.354960681149542490e+00 2.177452335607444667e+00 3.008361031973282973e+00 2.555045497692193024e+00 2.616605192114356715e+00 8.144871203131580709e-03 1.471459573672053489e+00 7.317024375888575571e-01 6.949678950982304260e-01
-0.000000000000000000e+00 2.591812139244712210e+00 -0.000000000000000000e+00 3.355558562391155477e-04 7.658077931488438406e-02 1.003996083031621245e+00 1.115604870249602316e-02 -0.000000000000000000e+00 8.704001474589767931e-03 5.205732796922636629e-02
1.770657392368283789e+00 1.503723057883066705e+00 1.499043805955557973e+00 3.960680879217793326e-01 1.640097419564917391e+00 9.311145253856546733e-03 4.373731431914989365e+00 2.621838367161025141e-03 1.152642015026866806e+00 9.551731244529328146e-03
3.274066333187053424e+00 1.845719105683344186e+00 2.031264865100425396e-03 3.051567563867926824e-01 2.468905393720661312e+00 3.208305352763486606e+00 1.396493004641565339e+00 1.515508377165400737e-03 7.337396160469788001e-03 9.067320649195231841e-01
9.470710103681956316e-01 1.158884807807670538e-02 6.657734826172974074e-01 3.945943358006150259e+00 2.759920787650496976e+00 4.705811120798308322e-01 1.298072286728466862e+00 1.656653719282673132e+00 2.751990582244304484e+00 8.932769512090752428e-01
1.402790503994353566e+00 9.362524026983111147e-01 1.565869671834112076e+00 4.493280785992470605e+00 2.975223761137337549e-03 1.360814854359983617e+00 1.978753980611171803e+00 1.849875884326352304e+00 2.873234614732163017e+00 6.988710326520750950e-03
2.151140910674511186e+00 4.039192940072852938e-04 1.695372605580123704e+00 6.174465756305523925e-03 8.136942991623395960e-01 1.597709344269247600e+00 4.911701590249219151e+00 2.490955762602490020e-01 1.402172638503068169e+00 2.800886544508952802e+00
5.282602605306901955e-01 1.762062022697163943e+00 1.735099552115950405e-01 3.810951700929753994e+00 1.686831212494269261e+00 5.346070546311134861e-03 2.459087692684018389e+00 2.835008280378226164e+00 9.774510570647827468e-01 1.383519387800436151e+00
1.106755207686102915e+00 3.273215943669152694e-01 3.313420359818402883e+00 -0.000000000000000000e+00 1.111893274841993379e-01 4.998129983197988069e-01 -0.000000000000000000e+00 5.424865923722058447e+00 3.384266827321531057e+00 2.374854085303467421e+00
6.689464477044231305e-01 2.856554647398533486e+00 1.975292960257899022e+00 1.612945562450388781e+00 5.985526413639046250e-01 1.718938397139893270e+00 2.798964178586721974e-01 3.175370887233746497e+00 -0.000000000000000000e+00 2.930479813044049031e-01
4.158323922907128711e+00 5.586847594020559991e-03 7.154333085790285374e-01 3.251792596286025461e+00 1.096957288125689489e-01 3.191212561460809116e+00 2.181492536649677905e-01 1.149993383725041340e+00 8.171943648156865248e-02 1.043137134693259194e+00
9.346257772303226755e-03 1.056855656254334752e+00 9.495630185630011058e-03 2.011792851291465192e-02 2.635541401787707891e-02 2.784471702512195002e+00 2.979046953588431634e+00 6.107680791599856107e+00 2.193833220380824400e+00 5.916400761574011798e-03
2.132741290336938711e+00 3.379882856214899145e-01 -0.000000000000000000e+00 5.507330767180976250e-03 2.656151844767285830e+00 -0.000000000000000000e+00 5.655221383944859515e-01 1.348097991890999214e+00 -0.000000000000000000e+00 -0.000000000000000000e+00
1.459536723404579739e+00 3.103211556053635523e+00 1.929141846912523287e-02 4.122261013243169042e-03 3.971642073499335623e+00 7.620761467598521736e-03 1.773322678118079532e+00 4.430875805348551411e-01 5.546467947955281350e-03 2.426197249018363422e+00
9.988241164238035319e-01 5.242484517777525228e-03 3.127569949368156355e+00 2.759054395634791490e+00 3.442380570471858636e+00 1.022055574759314300e+00 3.785535090547456714e-03 1.804955798395763977e-01 3.109228118127060014e+00 5.660222725248494416e-03
2.384602273794042115e-03 3.821700525581741559e+00 2.056207604715270421e+00 2.180900663985249732e+00 1.699931087871074942e+00 6.733355768953147580e-01 1.414427564232811019e+00 1.658194347540664915e-01 5.217002634377462117e-02 2.455826452624535250e+00
1.263790835509553068e+00 1.402708376429490977e+00 1.190502590530622129e+00 2.100446834959555087e+00 -0.000000000000000000e+00 3.200790624611369872e-01 1.688457546825274491e+00 1.863462297329734063e-01 6.065921203948204443e+00 3.664692726250322052e-01
